-1.735617471461294373e-02 -1.678381475007521134e-02
-3.471234942922588745e-02 -3.356762950015042268e-02
-5.206852414383882771e-02 -5.035144425022559933e-02
-6.942469885845177491e-02 -6.713525900030084537e-02
-8.678087357306474292e-02 -8.391907375037603589e-02
-1.041370482876776554e-01 -1.007028885004511987e-01
-1.214932230022906373e-01 -1.174867032505264863e-01
-1.388493977169035498e-01 -1.342705180006016907e-01
-1.562055724315165317e-01 -1.510543327506767841e-01
-1.735617471461294858e-01 -1.678381475007520718e-01
-1.909179218607424122e-01 -1.846219622508273317e-01
-2.082740965753553108e-01 -2.014057770009023973e-01
-2.256302712899682927e-01 -2.181895917509776017e-01
-2.429864460045812746e-01 -2.349734065010529727e-01
-2.603426207191942288e-01 -2.517572212511280938e-01
-2.776987954338070996e-01 -2.685410360012033815e-01
-2.950549701484201925e-01 -2.853248507512786691e-01
-3.124111448630330634e-01 -3.021086655013535682e-01
-3.297673195776459898e-01 -3.188924802514290224e-01
-3.471234942922589717e-01 -3.356762950015041436e-01
-3.644796690068720646e-01 -3.524601097515793202e-01
-3.818358437214848244e-01 -3.692439245016546634e-01
-3.991920184360978618e-01 -3.860277392517296735e-01
-4.165481931507106217e-01 -4.028115540018047946e-01
-4.339043678653238256e-01 -4.195953687518803044e-01
-4.512605425799365855e-01 -4.363791835019552035e-01
-4.686167172945495119e-01 -4.531629982520309907e-01
-4.859728920091625493e-01 -4.699468130021059453e-01
-5.033290667237756422e-01 -4.867306277521811220e-01
-5.206852414383884575e-01 -5.035144425022561876e-01
-5.380414161530016059e-01 -5.202982572523314753e-01
-5.553975908676141993e-01 -5.370820720024067629e-01
-5.727537655822273477e-01 -5.538658867524818286e-01
-5.901099402968403851e-01 -5.706497015025573383e-01
-6.074661150114532004e-01 -5.874335162526322929e-01
-6.248222897260661268e-01 -6.042173310027071365e-01
-6.421784644406791642e-01 -6.210011457527827572e-01
-6.595346391552919796e-01 -6.377849605028580449e-01
-6.768908138699047949e-01 -6.545687752529331105e-01
-6.942469885845179434e-01 -6.713525900030082871e-01
-7.116031632991307587e-01 -6.881364047530833528e-01
-7.289593380137441292e-01 -7.049202195031586404e-01
-7.463155127283566115e-01 -7.217040342532340391e-01
-7.636716874429696489e-01 -7.384878490033093268e-01
-7.810278621575822422e-01 -7.552716637533849475e-01
-7.983840368721957237e-01 -7.720554785034593470e-01
-8.157402115868084280e-01 -7.888392932535349678e-01
-8.330963863014212434e-01 -8.056231080036095893e-01
-8.504525610160343918e-01 -8.224069227536856541e-01
-8.678087357306476513e-01 -8.391907375037606087e-01
-9.183499449878652632e-01 -8.393815146691371298e-01
-9.688919417514686439e-01 -8.395722918345143171e-01
-1.019434064031677023e+00 -8.397630689998916154e-01
-1.069976229456568007e+00 -8.399538461652670263e-01
-1.120518414819809516e+00 -8.401446233306444356e-01
-1.171060611043150734e+00 -8.403354004960216228e-01
-1.221602813843316593e+00 -8.405261776613975888e-01
-1.272145020934336124e+00 -8.407169548267749981e-01
-1.322687230984135764e+00 -8.409077354398654114e-01
-1.373229443163462182e+00 -8.410985204615458732e-01
-1.423771656928724427e+00 -8.412893039421793784e-01
-1.474313871908485618e+00 -8.414800862496074618e-01
-1.524856087840121610e+00 -8.416708676432287373e-01
-1.575398304532558802e+00 -8.418616483112201232e-01
-1.625940521843357578e+00 -8.420524283934099907e-01
-1.676482739664092003e+00 -8.422432079958678264e-01
-1.727024957910705538e+00 -8.635125028904195865e-01
-1.777567176516986702e+00 -8.887836146678373961e-01
-1.828109395430036921e+00 -9.140547264452548726e-01
-1.878651614607056208e+00 -9.393258382226723491e-01
-1.929193834013022579e+00 -9.645969500000901586e-01
-1.979736053618984970e+00 -9.898680617775086343e-01
-2.030278273400789146e+00 -1.015139173554926000e+00
-2.080820493338113142e+00 -1.040410285332342255e+00
-2.131362713413722521e+00 -1.065681397109760731e+00
-2.181904933612906827e+00 -1.090952508887177652e+00
-2.232447153923020622e+00 -1.116223620664596128e+00
-2.282989374333131316e+00 -1.141494732442013715e+00
-2.333531594833734513e+00 -1.166765844219431747e+00
-2.384073815416525743e+00 -1.192036955996848446e+00
-2.434616036074210843e+00 -1.217308067774265590e+00
-2.485158256800361620e+00 -1.242579179551683621e+00
-2.535700477589277302e+00 -1.267850291329101653e+00
-2.586242698435896603e+00 -1.293121403106519463e+00
-2.636784919335695587e+00 -1.318392514883936384e+00
-2.687327140284631266e+00 -1.343663626661354193e+00
-2.737869361279066549e+00 -1.368934738438771781e+00
-2.788411582315720949e+00 -1.394205850216188924e+00
-2.838953803391636832e+00 -1.419476961993607178e+00
-2.889496024504130123e+00 -1.444748073771024544e+00
-2.940038245650762327e+00 -1.470019185548441021e+00
-2.990580466829311668e+00 -1.495290297325859719e+00
-3.041122688037750432e+00 -1.520561409103277750e+00
-3.091664909274225881e+00 -1.545832520880696004e+00
-3.142207130537033155e+00 -1.571103632658111593e+00
-3.192749351824612170e+00 -1.596374744435529847e+00
-3.243291573135524075e+00 -1.621645856212946768e+00
-3.293833794468440601e+00 -1.646916967990365910e+00
-3.344376015822136949e+00 -1.672188079767782609e+00
-3.394918237195480692e+00 -1.697459191545200863e+00
-3.394918237368508063e+00 -1.709466846442470933e+00
-3.394918237543599560e+00 -1.721474501339742336e+00
-3.394918237720794707e+00 -1.733482156237014626e+00
-3.394918237900126812e+00 -1.745489811134286473e+00
-3.394918238081642503e+00 -1.757497466031557209e+00
-3.394918238265372423e+00 -1.769505120928828612e+00
-3.394918238451364090e+00 -1.781512775826100681e+00
-3.394918238639656138e+00 -1.793520430723372527e+00
-3.394918238830296087e+00 -1.805528085620643486e+00
-3.394918239023321238e+00 -1.817535740517915777e+00
-3.394918239218780887e+00 -1.829543395415184959e+00
-3.394918239416722994e+00 -1.841551050312459914e+00
-3.394918239617191080e+00 -1.853558705209730872e+00
-3.394918239820237105e+00 -1.865566360107001609e+00
-3.394918240025907252e+00 -1.877574015004273456e+00
-3.394918240234256146e+00 -1.889581669901546634e+00
-3.394918240445336632e+00 -1.901589324798814928e+00
-3.394918240659201558e+00 -1.913596979696086775e+00
-3.394918240875905990e+00 -1.925604634593358400e+00
-3.394918241095506772e+00 -1.937612289490629802e+00
-3.394918241318062524e+00 -1.949619944387902759e+00
-3.394918241543632753e+00 -1.961627599285175050e+00
-3.394918241772284961e+00 -1.973635254182444232e+00
-3.394918242004071995e+00 -1.985642909079716745e+00
-3.394918242239068018e+00 -1.997650563976988813e+00
-3.394918242477336534e+00 -2.009658218874260882e+00
-3.394918242718945933e+00 -2.021665873771530286e+00
-3.394918242963967714e+00 -2.033673528668801467e+00
-3.394918243212475595e+00 -2.045681183566074424e+00
-3.394918243464541963e+00 -2.057688838463345604e+00
-3.394918243720245421e+00 -2.069696493360616785e+00
-3.394918243979667238e+00 -2.081704148257888409e+00
-3.394918244242884686e+00 -2.093711803155160034e+00
-3.394918244509986138e+00 -2.105719458052433435e+00
-3.394918244781053751e+00 -2.117727112949703727e+00
-3.394918245056180339e+00 -2.129734767846975352e+00
-3.394918245335456497e+00 -2.141742422744247865e+00
-3.394918245618977259e+00 -2.153750077641519489e+00
-3.394918245906839438e+00 -2.165757732538790670e+00
-3.394918246199142953e+00 -2.177765387436060962e+00
-3.394918246495991720e+00 -2.189773042333331698e+00
-3.394918246797493211e+00 -2.201780697230602879e+00
-3.394918247103759334e+00 -2.213788352127878944e+00
-3.394918247414900669e+00 -2.225796007025148349e+00
-3.394918247731034011e+00 -2.237803661922419085e+00
-3.394918248052284593e+00 -2.249811316819688489e+00
-3.394918248378774539e+00 -2.261818971716962778e+00
-3.394918248710634856e+00 -2.273826626614233959e+00
-3.394918249047998771e+00 -2.285834281511505139e+00
-3.394918249391000842e+00 -2.297841936408775876e+00
-3.394918249732187476e+00 -2.309592198699257359e+00
-3.394918250079050015e+00 -2.321342460989738399e+00
-3.394918250431725681e+00 -2.333092723280219882e+00
-3.394918250790366798e+00 -2.344842985570696037e+00
-3.394918251155127464e+00 -2.356593247861177520e+00
-3.394918251526163111e+00 -2.368343510151655895e+00
-3.394918251903635831e+00 -2.380093772442137823e+00
-3.394918252287716154e+00 -2.391844034732616198e+00
-3.394918252678579496e+00 -2.403594297023097681e+00
-3.394918253076406156e+00 -2.415344559313577832e+00
-3.394918253481385317e+00 -2.427094821604057984e+00
-3.394918253893709270e+00 -2.438845083894537247e+00
-3.394918254313581407e+00 -2.450595346185018730e+00
-3.394918254741210450e+00 -2.462345608475497549e+00
-3.394918255176815336e+00 -2.474095870765979033e+00
-3.394918255620617664e+00 -2.485846133056459184e+00
-3.394918256072852802e+00 -2.497596395346938003e+00
-3.394918256533766776e+00 -2.509346657637419931e+00
-3.394918257003604278e+00 -2.521096919927898750e+00
-3.394918257482633983e+00 -2.532847182218380233e+00
-3.394918257971124564e+00 -2.544597444508857720e+00
-3.394918258469359351e+00 -2.556347706799336095e+00
-3.394918258977635439e+00 -2.568097969089821131e+00
-3.394918259496255697e+00 -2.579848231380299506e+00
-3.394918260025542089e+00 -2.591598493670780545e+00
-3.394918260565827239e+00 -2.603348755961260697e+00
-3.394918261117453984e+00 -2.615099018251740848e+00
-3.394918261680786475e+00 -2.626849280542219667e+00
-3.394918262256202635e+00 -2.638599542832703815e+00
-3.394918262844091927e+00 -2.650349805123180857e+00
-3.394918263444866469e+00 -2.662100067413660121e+00
-3.394918264058953028e+00 -2.673850329704141160e+00
-3.394918264686801468e+00 -2.685600591994620867e+00
-3.394918265328876750e+00 -2.697350854285100574e+00
-3.394918265985670924e+00 -2.709101116575581614e+00
-3.394918266657693806e+00 -2.720851378866062653e+00
-3.394918267345480523e+00 -2.732601641156539696e+00
-3.394918268049595955e+00 -2.744351903447022512e+00
-3.394918268770626302e+00 -2.756102165737501331e+00
-3.394918269509188402e+00 -2.767852428027982814e+00
-3.394918270265928406e+00 -2.779602690318463853e+00
-3.394918271041527991e+00 -2.791352952608942672e+00
-3.394918271836699919e+00 -2.803103214899421936e+00
-3.394918272652195146e+00 -2.814853477189901199e+00
-3.394918273488803262e+00 -2.826603739480383126e+00
-3.394918274347352938e+00 -2.838354001770864166e+00
-3.394918275228722138e+00 -2.850104264061340320e+00
-3.394918276133830126e+00 -2.861854526351824468e+00
-3.394918277063650791e+00 -2.873604788642305063e+00
-3.394918278019208646e+00 -2.885355050932786103e+00
-3.394918278139381407e+00 -2.885355050932784327e+00
-3.394918278261788380e+00 -2.885355050932783882e+00
-3.394918278386497068e+00 -2.885355050932787435e+00
-3.394918278513574972e+00 -2.885355050932783882e+00
-3.394918278643088705e+00 -2.885355050932784771e+00
-3.394918278775106213e+00 -2.885355050932783438e+00
-3.394918278909708320e+00 -2.885355050932780330e+00
-3.394918279046970522e+00 -2.885355050932784327e+00
-3.394918279186970533e+00 -2.885355050932782550e+00
-3.394918279329793620e+00 -2.885355050932785215e+00
-3.394918279475527267e+00 -2.885355050932782994e+00
-3.394918279624261181e+00 -2.885355050932787879e+00
-3.394918279776091730e+00 -2.885355050932782550e+00
-3.394918279931116167e+00 -2.885355050932783438e+00
-3.394918280089437079e+00 -2.885355050932786547e+00
-3.394918280251161491e+00 -2.885355050932785215e+00
-3.394918280416405754e+00 -2.885355050932788767e+00
-3.394918280585280890e+00 -2.885355050932784327e+00
-3.394918280757913465e+00 -2.885355050932786547e+00
-3.394918280934426935e+00 -2.885355050932784771e+00
-3.394918281114958525e+00 -2.885355050932784327e+00
-3.394918281299648566e+00 -2.885355050932784771e+00
-3.394918281488639611e+00 -2.885355050932782550e+00
-3.394918281682089312e+00 -2.885355050932784327e+00
-3.394918281880157096e+00 -2.885355050932785215e+00
-3.394918282083010386e+00 -2.885355050932785659e+00
-3.394918282290828593e+00 -2.885355050932782106e+00
-3.394918282503794238e+00 -2.885355050932782994e+00
-3.394918282722100056e+00 -2.885355050932782106e+00
-3.394918282945963206e+00 -2.885355050932783438e+00
-3.394918283175586637e+00 -2.885355050932782106e+00
-3.394918283411207049e+00 -2.885355050932786103e+00
-3.394918283653055813e+00 -2.885355050932785215e+00
-3.394918283901390055e+00 -2.885355050932784771e+00
-3.394918284156474453e+00 -2.885355050932782550e+00
-3.394918284418588339e+00 -2.885355050932781218e+00
-3.394918284688032806e+00 -2.885355050932784327e+00
-3.394918284965116495e+00 -2.885355050932781218e+00
-3.394918285250171586e+00 -2.885355050932784327e+00
-3.394918285543552905e+00 -2.885355050932787879e+00
-3.394918285845629935e+00 -2.885355050932783438e+00
-3.394918286156796139e+00 -2.885355050932782550e+00
-3.394918286477474290e+00 -2.885355050932782994e+00
-3.394918286808106256e+00 -2.885355050932781662e+00
-3.394918287149165437e+00 -2.885355050932785659e+00
-3.394918287501154097e+00 -2.885355050932783882e+00
-3.394918287864615358e+00 -2.885355050932782994e+00
-3.394918288240114990e+00 -2.885355050932782994e+00
-3.394918288628266279e+00 -2.885355050932782994e+00
-3.394918289029725145e+00 -2.885355050932785659e+00
-3.394918289179911230e+00 -2.885355050932784771e+00
-3.394918289332305328e+00 -2.885355050932786547e+00
-3.394918289486976271e+00 -2.885355050932785659e+00
-3.394918289643963139e+00 -2.885355050932786991e+00
-3.394918289803330325e+00 -2.885355050932784327e+00
-3.394918289965136449e+00 -2.885355050932782994e+00
-3.394918290129442795e+00 -2.885355050932785659e+00
-3.394918290296306651e+00 -2.885355050932784327e+00
-3.394918290465807065e+00 -2.885355050932785215e+00
-3.394918290637999547e+00 -2.885355050932782106e+00
-3.394918290812954709e+00 -2.885355050932782994e+00
-3.394918290990749821e+00 -2.885355050932783438e+00
-3.394918291171460822e+00 -2.885355050932783438e+00
-3.394918291355160544e+00 -2.885355050932783438e+00
-3.394918291541933364e+00 -2.885355050932785215e+00
-3.394918291731859217e+00 -2.885355050932782550e+00
-3.394918291925029141e+00 -2.885355050932786547e+00
-3.394918292121531511e+00 -2.885355050932787879e+00
-3.394918292321461806e+00 -2.885355050932782994e+00
-3.394918292524915060e+00 -2.885355050932782550e+00
-3.394918292731989418e+00 -2.885355050932782994e+00
-3.394918292942799898e+00 -2.885355050932785659e+00
-3.394918293157446421e+00 -2.885355050932785215e+00
-3.394918293376044893e+00 -2.885355050932785215e+00
-3.394918293598713888e+00 -2.885355050932783882e+00
-3.394918293825573752e+00 -2.885355050932782106e+00
-3.394918294056758601e+00 -2.885355050932785215e+00
-3.394918294292396777e+00 -2.885355050932785659e+00
-3.394918294532630387e+00 -2.885355050932785215e+00
-3.394918294777601986e+00 -2.885355050932784327e+00
-3.394918295027464339e+00 -2.885355050932782994e+00
-3.394918295282375542e+00 -2.885355050932782106e+00
-3.394918295542498132e+00 -2.885355050932782994e+00
-3.394918295808009301e+00 -2.885355050932782106e+00
-3.394918296079085351e+00 -2.885355050932782550e+00
-3.394918296355915910e+00 -2.885355050932780330e+00
-3.394918296638694599e+00 -2.885355050932782550e+00
-3.394918296927634138e+00 -2.885355050932781662e+00
-3.394918297222949022e+00 -2.885355050932785215e+00
-3.394918297524860407e+00 -2.885355050932781662e+00
-3.394918297833612986e+00 -2.885355050932783882e+00
-3.394918298149449676e+00 -2.885355050932785215e+00
-3.394918298472636486e+00 -2.885355050932785215e+00
-3.394918298803447865e+00 -2.885355050932785215e+00
-3.394918299142171580e+00 -2.885355050932786547e+00
-3.394918299489109170e+00 -2.885355050932782550e+00
-3.394918299844581711e+00 -2.885355050932786991e+00
-3.394918300208929374e+00 -2.885355050932782106e+00
-3.394918300582505655e+00 -2.885355050932783882e+00
-3.394918300965680480e+00 -2.885355050932782994e+00
-3.394918301150817275e+00 -2.885355050932786991e+00
-3.394918301337808586e+00 -2.885355050932782994e+00
-3.394918301526687276e+00 -2.885355050932781662e+00
-3.394918301717480880e+00 -2.885355050932783882e+00
-3.394918301910219149e+00 -2.885355050932784771e+00
-3.394918302104930952e+00 -2.885355050932786547e+00
-3.394918302301647817e+00 -2.885355050932786103e+00
-3.394918302500401719e+00 -2.885355050932783438e+00
-3.394918302701223300e+00 -2.885355050932783882e+00
-3.394918302904141871e+00 -2.885355050932782994e+00
-3.394918303109197399e+00 -2.885355050932780330e+00
-3.394918303316419195e+00 -2.885355050932785659e+00
-3.394918303525840120e+00 -2.885355050932785215e+00
-3.394918303737503251e+00 -2.885355050932784327e+00
-3.394918303951436567e+00 -2.885355050932782994e+00
-3.394918304167680034e+00 -2.885355050932785215e+00
-3.394918304386271402e+00 -2.885355050932786103e+00
-3.394918304607251969e+00 -2.885355050932786991e+00
-3.394918304830655487e+00 -2.885355050932784771e+00
-3.394918305056524144e+00 -2.885355050932782550e+00
-3.394918305284899684e+00 -2.885355050932783438e+00
-3.394918305515824297e+00 -2.885355050932786547e+00
-3.394918305749341947e+00 -2.885355050932783438e+00
-3.394918305985493934e+00 -2.885355050932783438e+00
-3.394918306224324667e+00 -2.885355050932787879e+00
-3.394918306465883884e+00 -2.885355050932788767e+00
-3.394918306710220879e+00 -2.885355050932783882e+00
-3.394918306957373844e+00 -2.885355050932784327e+00
-3.394918307207399177e+00 -2.885355050932785215e+00
-3.394918307460347062e+00 -2.885355050932785659e+00
-3.394918307716265904e+00 -2.885355050932785215e+00
-3.394918307975208993e+00 -2.885355050932783882e+00
-3.394918308237234061e+00 -2.885355050932783438e+00
-3.394918308502391291e+00 -2.885355050932784327e+00
-3.394918308770742854e+00 -2.885355050932784327e+00
-3.394918309042342042e+00 -2.885355050932783438e+00
-3.394918309317252358e+00 -2.885355050932782106e+00
-3.394918309595528427e+00 -2.885355050932785215e+00
-3.394918309877238638e+00 -2.885355050932785215e+00
-3.394918310162445163e+00 -2.885355050932783438e+00
-3.394918310451211951e+00 -2.885355050932784327e+00
-3.394918310743610501e+00 -2.885355050932786547e+00
-3.394918311039702541e+00 -2.885355050932782994e+00
-3.394918311339564898e+00 -2.885355050932782550e+00
-3.394918311643269071e+00 -2.885355050932783882e+00
-3.394918311950886114e+00 -2.885355050932784771e+00
-3.394918312262495075e+00 -2.885355050932783882e+00
-3.394918312578172337e+00 -2.885355050932784771e+00
-3.394918312898000057e+00 -2.885355050932783438e+00
-3.394918313222061279e+00 -2.885355050932780330e+00
-3.394918313284815525e+00 -2.885355050932780774e+00
-3.394918313348187944e+00 -2.885355050932784327e+00
-3.394918313412196742e+00 -2.885355050932782994e+00
-3.394918313476840144e+00 -2.885355050932784771e+00
-3.394918313542136357e+00 -2.885355050932783438e+00
-3.394918313608090710e+00 -2.885355050932785215e+00
-3.394918313674715193e+00 -2.885355050932783882e+00
-3.394918313742018690e+00 -2.885355050932782550e+00
-3.394918313810018073e+00 -2.885355050932784771e+00
-3.394918313878716898e+00 -2.885355050932783438e+00
-3.394918313948125377e+00 -2.885355050932785215e+00
-3.394918314018258609e+00 -2.885355050932784771e+00
-3.394918314089129030e+00 -2.885355050932784771e+00
-3.394918314160749517e+00 -2.885355050932784327e+00
-3.394918314233126289e+00 -2.885355050932785215e+00
-3.394918314306276219e+00 -2.885355050932784327e+00
-3.394918314380213964e+00 -2.885355050932783882e+00
-3.394918314454942188e+00 -2.885355050932783438e+00
-3.394918314530485759e+00 -2.885355050932782994e+00
-3.394918314606853560e+00 -2.885355050932785659e+00
-3.394918314684057581e+00 -2.885355050932785215e+00
-3.394918314762116918e+00 -2.885355050932783882e+00
-3.394918314841035567e+00 -2.885355050932783438e+00
-3.394918314920840174e+00 -2.885355050932784327e+00
-3.394918315001539622e+00 -2.885355050932785215e+00
-3.394918315083149896e+00 -2.885355050932782994e+00
-3.394918315165686984e+00 -2.885355050932784327e+00
-3.394918315249168206e+00 -2.885355050932784327e+00
-3.394918315333610881e+00 -2.885355050932784327e+00
-3.394918315419026111e+00 -2.885355050932783882e+00
-3.394918315505435658e+00 -2.885355050932784327e+00
-3.394918315592857727e+00 -2.885355050932784771e+00
-3.394918315681308751e+00 -2.885355050932784327e+00
-3.394918315770806938e+00 -2.885355050932783438e+00
-3.394918315861374047e+00 -2.885355050932785215e+00
-3.394918315953025179e+00 -2.885355050932783882e+00
-3.394918316045782536e+00 -2.885355050932786547e+00
-3.394918316139666548e+00 -2.885355050932785215e+00
-3.394918316234698974e+00 -2.885355050932786103e+00
-3.394918316330900687e+00 -2.885355050932784771e+00
-3.394918316428291671e+00 -2.885355050932785215e+00
-3.394918316526895463e+00 -2.885355050932784327e+00
-3.394918316626736043e+00 -2.885355050932784327e+00
-3.394918316727836061e+00 -2.885355050932786103e+00
-3.394918316830219496e+00 -2.885355050932783882e+00
-3.394918316933914326e+00 -2.885355050932782994e+00
-3.394918317038939648e+00 -2.885355050932783882e+00
-3.394918317145328768e+00 -2.885355050932784771e+00
-3.394918317253104778e+00 -2.885355050932783882e+00
-3.394918317362296101e+00 -2.885355050932783882e+00
-3.400125997657856391e+00 -2.890044325686266902e+00
-3.405338331867389545e+00 -2.894975519638744110e+00
-3.410555263870255871e+00 -2.899915903070204415e+00
-3.415776738415479574e+00 -2.904861853058623655e+00
-3.421002701107412225e+00 -2.909812595970379778e+00
-3.426233098391540999e+00 -2.914767836751926300e+00
-3.431467877540566036e+00 -2.919727417929288915e+00
-3.436706986640643446e+00 -2.924691234178794730e+00
-3.441950374577877891e+00 -2.929659203815857538e+00
-3.447197991024992803e+00 -2.934631257376774549e+00
-3.452449786428223089e+00 -2.939607332419905905e+00
-3.457705711994400133e+00 -2.944587370919327984e+00
-3.462965719678263721e+00 -2.949571317855394614e+00
-3.468229762169942276e+00 -2.954559120403953631e+00
-3.473497792882661361e+00 -2.959550727445014129e+00
-3.478769765940632919e+00 -2.964546089251124172e+00
-3.484045636167149240e+00 -2.969545157281644698e+00
-3.489325359072867005e+00 -2.974547884041729873e+00
-3.494608890844281390e+00 -2.979554222982288447e+00
-3.499896188332393798e+00 -2.984564128426635765e+00
-3.505187209041555008e+00 -2.989577555515001706e+00
-3.510481911118519704e+00 -2.994594460161255967e+00
-3.515780253341643125e+00 -2.999614799018214040e+00
-3.521082195110308621e+00 -3.004638529449034312e+00
-3.526387696434478247e+00 -3.009665609503078265e+00
-3.531696717924466267e+00 -3.014695997895071145e+00
-3.537009220780864549e+00 -3.019729653986728213e+00
-3.542325166784628721e+00 -3.024766537770306574e+00
-3.547644518287360160e+00 -3.029806609853628707e+00
-3.552967238201725664e+00 -3.034849831446271295e+00
-3.558293289992069397e+00 -3.039896164346717278e+00
-3.563622637665159409e+00 -3.044945570930263301e+00
-3.568955245761121109e+00 -3.049998014137559998e+00
-3.574291079344491973e+00 -3.055053457463728250e+00
-3.579630103995466328e+00 -3.060111864947874682e+00
-3.584972285801273806e+00 -3.065173201163044148e+00
-3.590317591347711890e+00 -3.070237431206527479e+00
-3.595665987710822797e+00 -3.075304520690442800e+00
-3.601017442448713357e+00 -3.080374435732637917e+00
-3.606371923593534312e+00 -3.085447142947799204e+00
-3.611729399643575089e+00 -3.090522609438838053e+00
-3.617089839555527320e+00 -3.095600802788459394e+00
-3.622453212736844286e+00 -3.100681691050951816e+00
-3.627819489038271339e+00 -3.105765242744139787e+00
-3.633188638746495336e+00 -3.110851426841548584e+00
-3.638560632576915754e+00 -3.115940212764696682e+00
-3.643935441666548591e+00 -3.121031570375591091e+00
-3.649313037567062601e+00 -3.126125469969345261e+00
-3.654693392237926997e+00 -3.131221882266953305e+00
-3.660076478039686165e+00 -3.136320778408210774e+00
-3.665297437403437275e+00 -3.136603874887121890e+00
-3.670522845462016903e+00 -3.136886979105397710e+00
-3.675752648960767477e+00 -3.137170091069705791e+00
-3.680986795472410922e+00 -3.137453210787725766e+00
-3.686225233383119360e+00 -3.137736338268247049e+00
-3.691467911878825170e+00 -3.138019473521307390e+00
-3.696714780931712685e+00 -3.138302616558318991e+00
-3.701965791286947915e+00 -3.138585767392251480e+00
-3.707220894449630322e+00 -3.138868926037804652e+00
-3.712480042671918223e+00 -3.139152092511638070e+00
-3.717743188940405119e+00 -3.139435266832613980e+00
-3.723010286963683857e+00 -3.139718449022086411e+00
-3.728281291160108424e+00 -3.140001639104240017e+00
-3.733556156645768453e+00 -3.140284837106483540e+00
-3.738834839222671569e+00 -3.140568043059905001e+00
-3.744117295367099363e+00 -3.140851256999819707e+00
-3.749403482218180983e+00 -3.141134478966402188e+00
-3.754693357566658118e+00 -3.141417709005451364e+00
-3.759986879843819185e+00 -3.141700947169289382e+00
-3.765284008110649339e+00 -3.141984193517859847e+00
-3.770584702047142578e+00 -3.142267448120033446e+00
-3.775888921941815912e+00 -3.142550711055194679e+00
-3.781196628681396721e+00 -3.142833982415203398e+00
-3.786507783740678423e+00 -3.143117262306781345e+00
-3.791822349172566664e+00 -3.143400550854491549e+00
-3.797140287598285369e+00 -3.143683848204450904e+00
-3.802461562197768430e+00 -3.143967154529013541e+00
-3.807786136700205937e+00 -3.144250470032725175e+00
-3.813113975374751607e+00 -3.144533794960011175e+00
-3.818445043021416296e+00 -3.144817129605116612e+00
-3.823779304962093395e+00 -3.145100474325239759e+00
-3.829116727031768530e+00 -3.145383829557991451e+00
-3.834457275569846502e+00 -3.145667195845073927e+00
-3.839800917411694936e+00 -3.145950573864780164e+00
-3.845147619880255441e+00 -3.146233964477533895e+00
-3.850497350777879468e+00 -3.146517368790930469e+00
-3.855850078378258328e+00 -3.146800788254790593e+00
-3.861205771418516175e+00 -3.147084224803746277e+00
-3.866564399091449555e+00 -3.147367681077585022e+00
-3.871925931037886404e+00 -3.147651160773790480e+00
-3.877290337339200477e+00 -3.147934669235063154e+00
-3.882657588509947022e+00 -3.148218214477430887e+00
-3.888027655490629897e+00 -3.148501809099338189e+00
-3.893400509640613905e+00 -3.148785474099329740e+00
-3.898776122731135274e+00 -3.149069247272966887e+00
-3.904154466938464463e+00 -3.149353204197603340e+00
-3.909535514837173320e+00 -3.149637521145655317e+00
-3.914919239393539030e+00 -3.149922726381309435e+00
-3.920305613959051083e+00 -3.150211450683801040e+00
-3.925694612264035932e+00 -3.150710321929569346e+00
-3.925694612264035932e+00 -3.152977778211579984e+00
-3.925694612264034156e+00 -3.155471294872490784e+00
-3.925694612264035044e+00 -3.157964811533402028e+00
-3.925694612264033267e+00 -3.160458328194314603e+00
-3.925694612264035044e+00 -3.162951844855223626e+00
-3.925694612264033267e+00 -3.165445361516135758e+00
-3.925694612264033267e+00 -3.167938878177045670e+00
-3.925694612264033267e+00 -3.170432394837958245e+00
-3.925694612264034156e+00 -3.172925911498869045e+00
-3.925694612264034156e+00 -3.175419428159780288e+00
-3.925694612264035932e+00 -3.177912944820689756e+00
-3.925694612264034156e+00 -3.180406461481600999e+00
-3.925694612264032379e+00 -3.182899978142511799e+00
-3.925694612264035044e+00 -3.185393494803423931e+00
-3.925694612264034156e+00 -3.187887011464336062e+00
-3.925694612264033267e+00 -3.190380528125245974e+00
-3.925694612264035044e+00 -3.192874044786157217e+00
-3.925694612264032379e+00 -3.195367561447066240e+00
-3.925694612264034156e+00 -3.197861078107979704e+00
-3.925694612264034156e+00 -3.200354594768890060e+00
-3.925694612264035044e+00 -3.202848111429799971e+00
-3.925694612264034156e+00 -3.205341628090712103e+00
-3.925694612264033267e+00 -3.207835144751621570e+00
-3.925694612264034156e+00 -3.210328661412533702e+00
-3.925694612264032379e+00 -3.212822178073443169e+00
-3.925694612264032379e+00 -3.215315694734355301e+00
-3.925694612264033267e+00 -3.217809211395266988e+00
-3.925694612264035932e+00 -3.220302728056178676e+00
-3.925694612264033267e+00 -3.222796244717089476e+00
-3.925694612264033267e+00 -3.225289761377999387e+00
-3.925694612264034156e+00 -3.227783278038912851e+00
-3.925694612264034156e+00 -3.230276794699820542e+00
-3.925694612264033267e+00 -3.232770311360731785e+00
-3.925694612264035932e+00 -3.235263828021643917e+00
-3.925694612264033267e+00 -3.237757344682554717e+00
-3.925694612264033267e+00 -3.240250861343465516e+00
-3.925694612264034156e+00 -3.242744378004376760e+00
-3.925694612264033267e+00 -3.245237894665287115e+00
-3.925694612264034156e+00 -3.247731411326199691e+00
-3.925694612264034156e+00 -3.250224927987109602e+00
-3.925694612264034156e+00 -3.252718444648018625e+00
-3.925694612264034156e+00 -3.255211961308931201e+00
-3.925694612264034156e+00 -3.257705477969841557e+00
-3.925694612264034156e+00 -3.260198994630752800e+00
-3.925694612264034156e+00 -3.262692511291663600e+00
-3.925694612264033267e+00 -3.265186027952577952e+00
-3.925694612264034156e+00 -3.267679544613487863e+00
-3.925694612264034156e+00 -3.270173061274396886e+00
-3.925694612264035932e+00 -3.272666577935309462e+00
-3.925694612264034156e+00 -3.275160094596218485e+00
-3.925694612264032379e+00 -3.275999400540075879e+00
-3.925694612264034156e+00 -3.276838706483933716e+00
-3.925694612264035932e+00 -3.277678012427789778e+00
-3.925694612264035044e+00 -3.278517318371646727e+00
-3.925694612264035044e+00 -3.279356624315505453e+00
-3.925694612264035044e+00 -3.280195930259361958e+00
-3.925694612264035044e+00 -3.281035236203219352e+00
-3.925694612264035044e+00 -3.281874542147073637e+00
-3.925694612264033267e+00 -3.282713848090932363e+00
-3.925694612264033267e+00 -3.283553154034787980e+00
-3.925694612264033267e+00 -3.284392459978643153e+00
-3.925694612264033267e+00 -3.285231765922501879e+00
-3.925694612264034156e+00 -3.286071071866358828e+00
-3.925694612264035044e+00 -3.286910377810214889e+00
-3.925694612264035932e+00 -3.287749683754071395e+00
-3.925694612264035044e+00 -3.288588989697929676e+00
-3.925694612264033267e+00 -3.289428295641787514e+00
-3.925694612264033267e+00 -3.290267601585644019e+00
-3.925694612264032379e+00 -3.291106907529500081e+00
-3.925694612264034156e+00 -3.291946213473357030e+00
-3.925694612264033267e+00 -3.292785519417213091e+00
-3.925694612264035044e+00 -3.293624825361071373e+00
-3.925694612264035932e+00 -3.294464131304930099e+00
-3.925694612264035932e+00 -3.295303437248785716e+00
-3.925694612264035932e+00 -3.296142743192639557e+00
-3.925694612264035044e+00 -3.296982049136500059e+00
-3.925694612264034156e+00 -3.297821355080355676e+00
-3.925694612264035044e+00 -3.298660661024212182e+00
-3.925694612264035932e+00 -3.299499966968068243e+00
-3.925694612264035044e+00 -3.300339272911926081e+00
-3.925694612264036820e+00 -3.301178578855782586e+00
-3.925694612264035044e+00 -3.302017884799639091e+00
-3.925694612264033267e+00 -3.302857190743495597e+00
-3.925694612264034156e+00 -3.303696496687351658e+00
-3.925694612264035044e+00 -3.304535802631210384e+00
-3.925694612264034156e+00 -3.305375108575066889e+00
-3.925694612264035932e+00 -3.306214414518923395e+00
-3.925694612264035044e+00 -3.307053720462779456e+00
-3.925694612264034156e+00 -3.307893026406637293e+00
-3.925694612264033267e+00 -3.308732332350493355e+00
-3.925694612264033267e+00 -3.309571638294350304e+00
-3.925694612264035044e+00 -3.310410944238206365e+00
-3.925694612264035044e+00 -3.311250250182065535e+00
-3.925694612264034156e+00 -3.312089556125921153e+00
-3.925694612264033267e+00 -3.312928862069780322e+00
-3.925694612264035044e+00 -3.313768168013634607e+00
-3.925694612264035044e+00 -3.314607473957492001e+00
-3.925694612264033267e+00 -3.315446779901348062e+00
-3.925694612264034156e+00 -3.316286085845204568e+00
-3.925694612264035044e+00 -3.317125391789064626e+00
-3.925694612180563592e+00 -3.317125391789061961e+00
-3.925694612097609948e+00 -3.317125391789064182e+00
-3.925694612015165230e+00 -3.317125391789062849e+00
-3.925694611933228106e+00 -3.317125391789062405e+00
-3.925694611851790139e+00 -3.317125391789062405e+00
-3.925694611770849551e+00 -3.317125391789064182e+00
-3.925694611690400126e+00 -3.317125391789062849e+00
-3.925694611610440088e+00 -3.317125391789061961e+00
-3.925694611530959666e+00 -3.317125391789063293e+00
-3.925694611451959748e+00 -3.317125391789064182e+00
-3.925694611373435894e+00 -3.317125391789065514e+00
-3.925694611295379666e+00 -3.317125391789063737e+00
-3.925694611217788843e+00 -3.317125391789063293e+00
-3.925694611140662982e+00 -3.317125391789063737e+00
-3.925694611063990980e+00 -3.317125391789062405e+00
-3.925694610987778166e+00 -3.317125391789063293e+00
-3.925694610912006777e+00 -3.317125391789063293e+00
-3.925694610836687914e+00 -3.317125391789063293e+00
-3.925694610761806036e+00 -3.317125391789065070e+00
-3.925694610687364250e+00 -3.317125391789063293e+00
-3.925694610613354119e+00 -3.317125391789061961e+00
-3.925694610539777418e+00 -3.317125391789062405e+00
-3.925694610466626600e+00 -3.317125391789063293e+00
-3.925694610393895445e+00 -3.317125391789062405e+00
-3.925694610321583511e+00 -3.317125391789061961e+00
-3.925694610249689021e+00 -3.317125391789063737e+00
-3.925694610178201316e+00 -3.317125391789063293e+00
-3.925694610107129279e+00 -3.317125391789062405e+00
-3.925694610036456034e+00 -3.317125391789062405e+00
-3.925694609966184689e+00 -3.317125391789062405e+00
-3.925694609896314358e+00 -3.317125391789063737e+00
-3.925694609826836601e+00 -3.317125391789065958e+00
-3.925694609757750086e+00 -3.317125391789062405e+00
-3.925694609689049930e+00 -3.317125391789061517e+00
-3.925694609620735687e+00 -3.317125391789065514e+00
-3.925694609552802916e+00 -3.317125391789061961e+00
-3.925694609485246733e+00 -3.317125391789062405e+00
-3.925694609418067582e+00 -3.317125391789064626e+00
-3.925694609351260134e+00 -3.317125391789064182e+00
-3.925694609284819059e+00 -3.317125391789064182e+00
-3.925694609218747022e+00 -3.317125391789062849e+00
-3.925694609153032033e+00 -3.317125391789062849e+00
-3.925694609087678977e+00 -3.317125391789064182e+00
-3.925694609022682080e+00 -3.317125391789065514e+00
-3.925694608958042675e+00 -3.317125391789063293e+00
-3.925694608893750548e+00 -3.317125391789065070e+00
-3.925694608829808363e+00 -3.317125391789065070e+00
-3.925694608766207683e+00 -3.317125391789063293e+00
-3.925694608702954280e+00 -3.317125391789064626e+00
-3.925694608640038830e+00 -3.317125391789063293e+00
-3.925694608570235111e+00 -3.317125391789065514e+00
-3.925694608500838623e+00 -3.317125391789061961e+00
-3.925694608431852028e+00 -3.317125391789063293e+00
-3.925694608363260230e+00 -3.317125391789064626e+00
-3.925694608295071220e+00 -3.317125391789065958e+00
-3.925694608227269011e+00 -3.317125391789062405e+00
-3.925694608159862042e+00 -3.317125391789064182e+00
-3.925694608092842319e+00 -3.317125391789062849e+00
-3.925694608026204069e+00 -3.317125391789062849e+00
-3.925694607959943294e+00 -3.317125391789064626e+00
-3.925694607894065769e+00 -3.317125391789063293e+00
-3.925694607828557281e+00 -3.317125391789063737e+00
-3.925694607763422272e+00 -3.317125391789062849e+00
-3.925694607698651417e+00 -3.317125391789061961e+00
-3.925694607634248712e+00 -3.317125391789063737e+00
-3.925694607570204830e+00 -3.317125391789063737e+00
-3.925694607506522438e+00 -3.317125391789064626e+00
-3.925694607443189987e+00 -3.317125391789064626e+00
-3.925694607380213697e+00 -3.317125391789062405e+00
-3.925694607317585128e+00 -3.317125391789063737e+00
-3.925694607255304724e+00 -3.317125391789063737e+00
-3.925694607193366270e+00 -3.317125391789064182e+00
-3.925694607131768432e+00 -3.317125391789063737e+00
-3.925694607070508990e+00 -3.317125391789064182e+00
-3.925694607009585724e+00 -3.317125391789062405e+00
-3.925694606948995968e+00 -3.317125391789064182e+00
-3.925694606888733063e+00 -3.317125391789062849e+00
-3.925694606828798783e+00 -3.317125391789063293e+00
-3.925694606769183803e+00 -3.317125391789061517e+00
-3.925694606709900114e+00 -3.317125391789064182e+00
-3.925694606650927287e+00 -3.317125391789063293e+00
-3.925694606592270208e+00 -3.317125391789062405e+00
-3.925694606533931541e+00 -3.317125391789063737e+00
-3.925694606475902404e+00 -3.317125391789063293e+00
-3.925694606418179688e+00 -3.317125391789062849e+00
-3.925694606360768724e+00 -3.317125391789061517e+00
-3.925694606303658407e+00 -3.317125391789062405e+00
-3.925694606246850515e+00 -3.317125391789062849e+00
-3.925694606190341052e+00 -3.317125391789064626e+00
-3.925694606134127795e+00 -3.317125391789061961e+00
-3.925694606078211191e+00 -3.317125391789062849e+00
-3.925694606022583244e+00 -3.317125391789065514e+00
-3.925694605967247064e+00 -3.317125391789062405e+00
-3.925694605912200874e+00 -3.317125391789064182e+00
-3.925694605857436237e+00 -3.317125391789064182e+00
-3.925694605802953152e+00 -3.317125391789063293e+00
-3.925694605748757837e+00 -3.317125391789063293e+00
-3.925694605694835637e+00 -3.317125391789064182e+00
-3.925694605641191881e+00 -3.317125391789062405e+00
-3.925694605587823460e+00 -3.317125391789062405e+00
-3.925303717915578527e+00 -3.317109031526702889e+00
-3.924916781122445908e+00 -3.317092678595443100e+00
-3.924533737763332031e+00 -3.317076332990640974e+00
-3.924154531437676230e+00 -3.317059994707662440e+00
-3.923779106767509628e+00 -3.317043663741867654e+00
-3.923407409376006516e+00 -3.317027340088624321e+00
-3.923039385866537554e+00 -3.317011023743307696e+00
-3.922674983802164395e+00 -3.316994714701291258e+00
-3.922314151685651229e+00 -3.316978412957954259e+00
-3.921956838939871126e+00 -3.316962118508678614e+00
-3.921602995888711529e+00 -3.316945831348853790e+00
-3.921252573738370995e+00 -3.316929551473869253e+00
-3.920905524559117783e+00 -3.316913278879117577e+00
-3.920561801267423263e+00 -3.316897013559996221e+00
-3.920221357608533630e+00 -3.316880755511907530e+00
-3.919884148139415103e+00 -3.316864504730254737e+00
-3.919550128212103690e+00 -3.316848261210445958e+00
-3.919219253957415106e+00 -3.316832024947897306e+00
-3.918891482269013959e+00 -3.316815795938017786e+00
-3.918566770787891951e+00 -3.316799574176234611e+00
-3.918245077887138716e+00 -3.316783359657958563e+00
-3.917926362657080386e+00 -3.316767152378627959e+00
-3.917610584890769410e+00 -3.316750952333665570e+00
-3.917297705069763047e+00 -3.316734759518512377e+00
-3.916987684350251353e+00 -3.316718573928593816e+00
-3.916680484549504015e+00 -3.316702395559362859e+00
-3.916376068132579658e+00 -3.316686224406256489e+00
-3.916074398199371309e+00 -3.316670060464727232e+00
-3.915775438471930325e+00 -3.316653903730219177e+00
-3.915479153282068303e+00 -3.316637754198194621e+00
-3.915185507559234335e+00 -3.316621611864113195e+00
-3.914894466818676921e+00 -3.316605476723428758e+00
-3.914605997149851913e+00 -3.316589348771616041e+00
-3.914320065205106669e+00 -3.316573228004139118e+00
-3.914036638188581385e+00 -3.316557114416474494e+00
-3.913755683845402622e+00 -3.316541008004097346e+00
-3.913477170451069576e+00 -3.316524908762485513e+00
-3.913201066801125894e+00 -3.316508816687124828e+00
-3.912927342200999359e+00 -3.316492731773503344e+00
-3.912655966456096479e+00 -3.316476654017107784e+00
-3.912386909862151096e+00 -3.316460583413437746e+00
-3.912120143195696009e+00 -3.316444519957988391e+00
-3.911855637704830357e+00 -3.316428463646258873e+00
-3.911593365100129560e+00 -3.316412414473758119e+00
-3.911333297545794618e+00 -3.316396372435994166e+00
-3.911075407650950186e+00 -3.316380337528473277e+00
-3.910819668461191334e+00 -3.316364309746716366e+00
-3.910566053450236002e+00 -3.316348289086243462e+00
-3.910314536511837691e+00 -3.316332275542575925e+00
-3.910065091951810956e+00 -3.316316269111236448e+00
-3.909683381863176876e+00 -3.315949930299747717e+00
-3.909305543708029518e+00 -3.315587300645395086e+00
-3.908931521267783538e+00 -3.315228327163110222e+00
-3.908561259344911054e+00 -3.314872957811263454e+00
-3.908194703741485920e+00 -3.314521141472292598e+00
-3.907831801238226710e+00 -3.314172827933717702e+00
-3.907472499574009994e+00 -3.313827967869642510e+00
-3.907116747425821934e+00 -3.313486512822582331e+00
-3.906764494389238784e+00 -3.313148415185779960e+00
-3.906415690959253340e+00 -3.312813628185841797e+00
-3.906070288511645838e+00 -3.312482105865822035e+00
-3.905728239284673275e+00 -3.312153803068637714e+00
-3.905389496361252988e+00 -3.311828675420868784e+00
-3.905054013651514389e+00 -3.311506679316925439e+00
-3.904721745875761485e+00 -3.311187771903548516e+00
-3.904392648547809763e+00 -3.310871911064670936e+00
-3.904066677958701881e+00 -3.310559055406596229e+00
-3.903743791160813714e+00 -3.310249164243530551e+00
-3.903423945952289031e+00 -3.309942197583408685e+00
-3.903107100861861412e+00 -3.309638116114047346e+00
-3.902793215133969262e+00 -3.309336881189603119e+00
-3.902482248714266522e+00 -3.309038454817323949e+00
-3.902174162235406474e+00 -3.308742799644605270e+00
-3.901868917003191051e+00 -3.308449878946305045e+00
-3.901566474983004351e+00 -3.308159656612374100e+00
-3.901266798786532153e+00 -3.307872097135733380e+00
-3.900969851658850907e+00 -3.307587165600414103e+00
-3.900675597465719235e+00 -3.307304827669973690e+00
-3.900384000681214935e+00 -3.307025049576159503e+00
-3.900095026375617557e+00 -3.306747798107819047e+00
-3.899808640203580090e+00 -3.306473040600057089e+00
-3.899524808392545783e+00 -3.306200744923597501e+00
-3.899243497731442076e+00 -3.305930879474449746e+00
-3.898964675559609461e+00 -3.305663413163718367e+00
-3.898688309755978576e+00 -3.305398315407681586e+00
-3.898414368728507107e+00 -3.305135556118071527e+00
-3.898142821403810299e+00 -3.304875105692565818e+00
-3.897873637217059706e+00 -3.304616935005486589e+00
-3.897606786102090215e+00 -3.304361015398696644e+00
-3.897342238481706467e+00 -3.304107318672691473e+00
-3.897079965258225975e+00 -3.303855817077890666e+00
-3.896819937804242961e+00 -3.303606483306100738e+00
-3.896562127953535182e+00 -3.303359290482183130e+00
-3.896306507992223001e+00 -3.303114212155872753e+00
-3.896053050650130967e+00 -3.302871222293796372e+00
-3.895801729092255972e+00 -3.302630295271645533e+00
-3.895552516910529395e+00 -3.302391405866526686e+00
-3.895305388115676504e+00 -3.302154529249462289e+00
-3.895060317129272587e+00 -3.301919640978055348e+00
-3.894817278776013136e+00 -3.301686716989317816e+00
