0.000000000000000000e+00 0.000000000000000000e+00 0.000000000000000000e+00 0.000000000000000000e+00 0.000000000000000000e+00 0.000000000000000000e+00 0.000000000000000000e+00 0.000000000000000000e+00 0.000000000000000000e+00 0.000000000000000000e+00 0.000000000000000000e+00 0.000000000000000000e+00 0.000000000000000000e+00 0.000000000000000000e+00 0.000000000000000000e+00 0.000000000000000000e+00 0.000000000000000000e+00 0.000000000000000000e+00 0.000000000000000000e+00 0.000000000000000000e+00
0.000000000000000000e+00 0.000000000000000000e+00 0.000000000000000000e+00 0.000000000000000000e+00 0.000000000000000000e+00 0.000000000000000000e+00 0.000000000000000000e+00 0.000000000000000000e+00 0.000000000000000000e+00 0.000000000000000000e+00 0.000000000000000000e+00 0.000000000000000000e+00 0.000000000000000000e+00 0.000000000000000000e+00 0.000000000000000000e+00 0.000000000000000000e+00 0.000000000000000000e+00 0.000000000000000000e+00 0.000000000000000000e+00 0.000000000000000000e+00
-1.057248768517079496e+00 -1.057248768517078830e+00 -1.054762359588792497e+00 -1.054762359588791831e+00 -2.540201661682007974e-03 -2.540201661681869630e-03 -3.078346325446289368e-16 -1.669276166453598225e-16 -1.273228482491794723e-16 -9.172220702414290457e-17 -5.312694301572504179e-17 -3.721402921977266597e-17 -2.751666654028108007e-17 -2.191553390141488998e-17 3.163593683004263754e-18 1.253517962082527285e-17 5.275660584371508244e-17 6.925659522315107420e-17 1.689780672961404344e-16 3.379387828615767597e-16
-1.057248768517079496e+00 -1.057248768517078830e+00 -1.054762359588792497e+00 -1.054762359588791831e+00 -2.540201661682007974e-03 -2.540201661681869630e-03 -3.078346325446289368e-16 -1.669276166453598225e-16 -1.273228482491794723e-16 -9.172220702414290457e-17 -5.312694301572504179e-17 -3.721402921977266597e-17 -2.751666654028108007e-17 -2.191553390141488998e-17 3.163593683004263754e-18 1.253517962082527285e-17 5.275660584371508244e-17 6.925659522315107420e-17 1.689780672961404344e-16 3.379387828615767597e-16
-1.057248768517079496e+00 -1.057248768517078830e+00 -1.054762359588792497e+00 -1.054762359588791831e+00 -2.540201661682007974e-03 -2.540201661681869630e-03 -3.078346325446289368e-16 -1.669276166453598225e-16 -1.273228482491794723e-16 -9.172220702414290457e-17 -5.312694301572504179e-17 -3.721402921977266597e-17 -2.751666654028108007e-17 -2.191553390141488998e-17 3.163593683004263754e-18 1.253517962082527285e-17 5.275660584371508244e-17 6.925659522315107420e-17 1.689780672961404344e-16 3.379387828615767597e-16
-1.805153172520088445e+00 -1.057595346624373933e+00 -1.057061275083561735e+00 -1.054765953162861036e+00 -7.532707420960012001e-01 -7.517189790899121427e-01 -7.506303235585801703e-01 -2.997175408724131723e-03 -1.517788799900408013e-03 -9.776261347350101438e-04 -3.192354715708231507e-04 -5.594660827893176205e-06 -5.899229285104533087e-16 -3.165507038913758135e-16 -2.817557681793258329e-16 -7.316307721849097036e-17 -1.266412705439055214e-17 6.896257989953739793e-18 8.121083019728484643e-17 1.011691592737580757e-16
-1.805153172520088445e+00 -1.057595346624373933e+00 -1.057061275083561735e+00 -1.054765953162861036e+00 -7.532707420960012001e-01 -7.517189790899121427e-01 -7.506303235585801703e-01 -2.997175408724131723e-03 -1.517788799900408013e-03 -9.776261347350101438e-04 -3.192354715708231507e-04 -5.594660827893176205e-06 -5.899229285104533087e-16 -3.165507038913758135e-16 -2.817557681793258329e-16 -7.316307721849097036e-17 -1.266412705439055214e-17 6.896257989953739793e-18 8.121083019728484643e-17 1.011691592737580757e-16
-2.197726673238266315e+00 -1.171131814842675700e+00 -1.057490947420028249e+00 -1.056746222108726707e+00 -8.768947307124769219e-01 -7.527340826638001525e-01 -7.510290266107241264e-01 -5.472124288035820072e-01 -5.417289356940289125e-01 -4.529383653523480491e-01 -7.408882907477942932e-03 -6.110601862914756370e-03 -3.293791031376247427e-03 -4.822541473279767441e-04 -2.095034649194735688e-04 -1.572251940035919047e-04 -4.542375380841940550e-06 -1.348559833862434524e-06 -4.936517582281319511e-16 1.964788581576060107e-17
-2.197726673238266315e+00 -1.171131814842675700e+00 -1.057490947420028249e+00 -1.056746222108726707e+00 -8.768947307124769219e-01 -7.527340826638001525e-01 -7.510290266107241264e-01 -5.472124288035820072e-01 -5.417289356940289125e-01 -4.529383653523480491e-01 -7.408882907477942932e-03 -6.110601862914756370e-03 -3.293791031376247427e-03 -4.822541473279767441e-04 -2.095034649194735688e-04 -1.572251940035919047e-04 -4.542375380841940550e-06 -1.348559833862434524e-06 -4.936517582281319511e-16 1.964788581576060107e-17
-2.197726673238266315e+00 -1.171131814842675700e+00 -1.057490947420028249e+00 -1.056746222108726707e+00 -8.768947307124769219e-01 -7.527340826638001525e-01 -7.510290266107241264e-01 -5.472124288035820072e-01 -5.417289356940289125e-01 -4.529383653523480491e-01 -7.408882907477942932e-03 -6.110601862914756370e-03 -3.293791031376247427e-03 -4.822541473279767441e-04 -2.095034649194735688e-04 -1.572251940035919047e-04 -4.542375380841940550e-06 -1.348559833862434524e-06 -4.936517582281319511e-16 1.964788581576060107e-17
-2.267293934154646973e+00 -1.474491652599504210e+00 -1.186851501119621455e+00 -1.070342619994366640e+00 -1.057866716742375868e+00 -7.572480165236225025e-01 -7.518122042337083144e-01 -5.573336422482300101e-01 -5.432073497852845101e-01 -5.185191378448502642e-01 -3.871759137374793380e-01 -3.730873804459825527e-01 -1.757443420711341311e-02 -7.265931671951819486e-03 -4.056881317070339631e-03 -3.817921339228129906e-04 -2.436233294105309656e-04 -7.365253591291119465e-05 -2.665417433046817497e-05 -1.531243734218248506e-06
-2.267293934154646973e+00 -1.474491652599504210e+00 -1.186851501119621455e+00 -1.070342619994366640e+00 -1.057866716742375868e+00 -7.572480165236225025e-01 -7.518122042337083144e-01 -5.573336422482300101e-01 -5.432073497852845101e-01 -5.185191378448502642e-01 -3.871759137374793380e-01 -3.730873804459825527e-01 -1.757443420711341311e-02 -7.265931671951819486e-03 -4.056881317070339631e-03 -3.817921339228129906e-04 -2.436233294105309656e-04 -7.365253591291119465e-05 -2.665417433046817497e-05 -1.531243734218248506e-06
-2.267770226572446646e+00 -1.498801206727845781e+00 -1.213727271229617877e+00 -1.177856709598878782e+00 -1.059633983760152942e+00 -8.554943579944030985e-01 -7.549107966435461003e-01 -6.599683536915638138e-01 -5.436306421803618338e-01 -5.215083036903875868e-01 -4.389999838516738251e-01 -3.878291770941996175e-01 -1.763811174928803516e-01 -1.003313954424235460e-01 -1.057044887620697989e-02 -7.109440318427803947e-03 -3.009940245490842943e-03 -1.252120565397554959e-03 -4.195892471274300620e-04 -1.003075737318948383e-05
-2.267770226572446646e+00 -1.498801206727845781e+00 -1.213727271229617877e+00 -1.177856709598878782e+00 -1.059633983760152942e+00 -8.554943579944030985e-01 -7.549107966435461003e-01 -6.599683536915638138e-01 -5.436306421803618338e-01 -5.215083036903875868e-01 -4.389999838516738251e-01 -3.878291770941996175e-01 -1.763811174928803516e-01 -1.003313954424235460e-01 -1.057044887620697989e-02 -7.109440318427803947e-03 -3.009940245490842943e-03 -1.252120565397554959e-03 -4.195892471274300620e-04 -1.003075737318948383e-05
-2.268054136289204603e+00 -1.507003670060456324e+00 -1.239707109162820453e+00 -1.188296110317017984e+00 -1.060114521774166985e+00 -8.699564536010941929e-01 -7.554886266130524941e-01 -6.848530738997740119e-01 -5.444268339900575349e-01 -5.240215224484542356e-01 -4.671301483864526705e-01 -3.883307482541779043e-01 -1.771068402365870709e-01 -1.226401131469266187e-01 -4.945715589246349464e-02 -1.037285863127701026e-02 -7.588278573714041068e-03 -6.651361515687255650e-03 -1.260998712762729200e-03 -4.845775344183433247e-04
-2.269243536935352079e+00 -1.508320961535414506e+00 -1.240178851996975862e+00 -1.213200933693085792e+00 -1.071577778112491330e+00 -8.708494658218418616e-01 -7.579195319181147861e-01 -6.886291974040951169e-01 -5.522054374216025519e-01 -5.480815030748635852e-01 -4.684812254933869435e-01 -3.917067354153015990e-01 -1.862283654268557243e-01 -1.313774255605416053e-01 -5.162033139233692530e-02 -3.929215947004622428e-02 -2.560312217500944343e-02 -1.711002478680937605e-02 -1.466343308352664092e-03 -5.871427412710208266e-04
-2.269243536935352079e+00 -1.508320961535414506e+00 -1.240178851996975862e+00 -1.213200933693085792e+00 -1.071577778112491330e+00 -8.708494658218418616e-01 -7.579195319181147861e-01 -6.886291974040951169e-01 -5.522054374216025519e-01 -5.480815030748635852e-01 -4.684812254933869435e-01 -3.917067354153015990e-01 -1.862283654268557243e-01 -1.313774255605416053e-01 -5.162033139233692530e-02 -3.929215947004622428e-02 -2.560312217500944343e-02 -1.711002478680937605e-02 -1.466343308352664092e-03 -5.871427412710208266e-04
-2.269243536935352079e+00 -1.508320961535414506e+00 -1.240178851996975862e+00 -1.213200933693085792e+00 -1.071577778112491330e+00 -8.708494658218418616e-01 -7.579195319181147861e-01 -6.886291974040951169e-01 -5.522054374216025519e-01 -5.480815030748635852e-01 -4.684812254933869435e-01 -3.917067354153015990e-01 -1.862283654268557243e-01 -1.313774255605416053e-01 -5.162033139233692530e-02 -3.929215947004622428e-02 -2.560312217500944343e-02 -1.711002478680937605e-02 -1.466343308352664092e-03 -5.871427412710208266e-04
-2.269243536935352079e+00 -1.508320961535414506e+00 -1.240178851996975862e+00 -1.213200933693085792e+00 -1.071577778112491330e+00 -8.708494658218418616e-01 -7.579195319181147861e-01 -6.886291974040951169e-01 -5.522054374216025519e-01 -5.480815030748635852e-01 -4.684812254933869435e-01 -3.917067354153015990e-01 -1.862283654268557243e-01 -1.313774255605416053e-01 -5.162033139233692530e-02 -3.929215947004622428e-02 -2.560312217500944343e-02 -1.711002478680937605e-02 -1.466343308352664092e-03 -5.871427412710208266e-04
-2.269121592151797540e+00 -1.508007074750794096e+00 -1.240036091086702985e+00 -1.209231854100222492e+00 -1.032935062703915330e+00 -8.701673494653845431e-01 -7.201088569935693018e-01 -6.843041989551811310e-01 -5.476360343598781766e-01 -5.436904570998484232e-01 -4.671173590328916991e-01 -3.589288653797411688e-01 -1.737804161310647633e-01 -1.289514033775289448e-01 -3.903378824963337629e-02 -2.763181775319803815e-02 -1.962695011692181662e-02 -1.468736962733326393e-02 -1.189641170226013803e-03 4.062650828576005665e-03
-2.266897223768740144e+00 -1.450786788843540176e+00 -1.212859236809937347e+00 -1.187219321946770823e+00 -9.905673426370708023e-01 -8.696686669982185425e-01 -7.170544818330883974e-01 -6.835145792002892406e-01 -5.470099430243313687e-01 -4.743272240331994904e-01 -4.155705194048625595e-01 -3.379665271426606776e-01 -1.715943633698785165e-01 -6.695783536333550778e-02 -2.728176085869169973e-02 -2.285635692844583192e-02 -2.562394556975068020e-03 3.036429229232346858e-03 6.696035556418930557e-02 1.277571515216762987e-01
-2.266897223768740144e+00 -1.450786788843540176e+00 -1.212859236809937347e+00 -1.187219321946770823e+00 -9.905673426370708023e-01 -8.696686669982185425e-01 -7.170544818330883974e-01 -6.835145792002892406e-01 -5.470099430243313687e-01 -4.743272240331994904e-01 -4.155705194048625595e-01 -3.379665271426606776e-01 -1.715943633698785165e-01 -6.695783536333550778e-02 -2.728176085869169973e-02 -2.285635692844583192e-02 -2.562394556975068020e-03 3.036429229232346858e-03 6.696035556418930557e-02 1.277571515216762987e-01
-2.266805460713195330e+00 -1.444236685665929665e+00 -1.208623399166196766e+00 -1.173200716242723152e+00 -9.872065827269940197e-01 -7.141236625254731019e-01 -6.122088650253044717e-01 -5.940287908304524578e-01 -5.357772022331425132e-01 -4.497854876448069694e-01 -3.417825008342451065e-01 -2.933332299703912960e-01 -1.630036847807519729e-01 -2.854657757362016879e-02 -2.282009513606536241e-02 -1.055398226962157501e-02 6.681768370609811325e-02 1.222950438101992610e-01 2.421630351854259788e-01 2.730466732970340815e-01
-2.266805460713195330e+00 -1.444236685665929665e+00 -1.208623399166196766e+00 -1.173200716242723152e+00 -9.872065827269940197e-01 -7.141236625254731019e-01 -6.122088650253044717e-01 -5.940287908304524578e-01 -5.357772022331425132e-01 -4.497854876448069694e-01 -3.417825008342451065e-01 -2.933332299703912960e-01 -1.630036847807519729e-01 -2.854657757362016879e-02 -2.282009513606536241e-02 -1.055398226962157501e-02 6.681768370609811325e-02 1.222950438101992610e-01 2.421630351854259788e-01 2.730466732970340815e-01
-2.266805460713195330e+00 -1.444236685665929665e+00 -1.208623399166196766e+00 -1.173200716242723152e+00 -9.872065827269940197e-01 -7.141236625254731019e-01 -6.122088650253044717e-01 -5.940287908304524578e-01 -5.357772022331425132e-01 -4.497854876448069694e-01 -3.417825008342451065e-01 -2.933332299703912960e-01 -1.630036847807519729e-01 -2.854657757362016879e-02 -2.282009513606536241e-02 -1.055398226962157501e-02 6.681768370609811325e-02 1.222950438101992610e-01 2.421630351854259788e-01 2.730466732970340815e-01
-2.266497076053060944e+00 -1.431036316350791315e+00 -1.189408829290400371e+00 -1.136776080882645701e+00 -8.473607094816274499e-01 -6.267032209422015443e-01 -5.992470242163956407e-01 -5.375667085649376009e-01 -4.153227976960366385e-01 -3.877851844735420439e-01 -2.761008121440043372e-01 -2.145963380317411906e-01 -9.949562114945439961e-02 -1.011695951154353498e-02 3.504194370970369760e-02 9.713225053577624613e-02 1.197863304328995737e-01 2.770650771969588866e-01 3.179151926258056426e-01 4.815939993475035763e-01
-2.266497076053060944e+00 -1.431036316350791315e+00 -1.189408829290400371e+00 -1.136776080882645701e+00 -8.473607094816274499e-01 -6.267032209422015443e-01 -5.992470242163956407e-01 -5.375667085649376009e-01 -4.153227976960366385e-01 -3.877851844735420439e-01 -2.761008121440043372e-01 -2.145963380317411906e-01 -9.949562114945439961e-02 -1.011695951154353498e-02 3.504194370970369760e-02 9.713225053577624613e-02 1.197863304328995737e-01 2.770650771969588866e-01 3.179151926258056426e-01 4.815939993475035763e-01
-2.264964295686283879e+00 -1.430370045655111610e+00 -1.187989826925657688e+00 -1.130098291085765760e+00 -7.955916528057352943e-01 -6.047001918811274468e-01 -5.368480221985884038e-01 -4.238702663061993947e-01 -3.834200649780109549e-01 -2.786855683210228141e-01 -1.396002384804625740e-01 -1.049421912317686223e-01 -7.266848924570855350e-02 9.165072459618892053e-02 1.681645754165713991e-01 2.340459896809994056e-01 4.474962365225760852e-01 4.906714102654515797e-01 5.896771004103318337e-01 6.313061190836934955e-01
-2.264964295686283879e+00 -1.430370045655111610e+00 -1.187989826925657688e+00 -1.130098291085765760e+00 -7.955916528057352943e-01 -6.047001918811274468e-01 -5.368480221985884038e-01 -4.238702663061993947e-01 -3.834200649780109549e-01 -2.786855683210228141e-01 -1.396002384804625740e-01 -1.049421912317686223e-01 -7.266848924570855350e-02 9.165072459618892053e-02 1.681645754165713991e-01 2.340459896809994056e-01 4.474962365225760852e-01 4.906714102654515797e-01 5.896771004103318337e-01 6.313061190836934955e-01
-2.264029026655123289e+00 -1.415513850463004264e+00 -1.168131282585270991e+00 -1.127324689412647407e+00 -7.166685357569066994e-01 -5.857846713383906279e-01 -4.440753561495412449e-01 -3.891591044881168027e-01 -2.184801663556734941e-01 -1.974029407658049184e-01 -8.847310332404137445e-02 -9.303776046377608064e-03 1.047285990041777193e-01 1.596170957662009504e-01 4.493967729132252731e-01 5.273478725036381265e-01 5.438487769954168938e-01 6.264185223504529221e-01 7.461107310944832260e-01 1.010842626250056053e+00
-2.264029026655123289e+00 -1.415513850463004264e+00 -1.168131282585270991e+00 -1.127324689412647407e+00 -7.166685357569066994e-01 -5.857846713383906279e-01 -4.440753561495412449e-01 -3.891591044881168027e-01 -2.184801663556734941e-01 -1.974029407658049184e-01 -8.847310332404137445e-02 -9.303776046377608064e-03 1.047285990041777193e-01 1.596170957662009504e-01 4.493967729132252731e-01 5.273478725036381265e-01 5.438487769954168938e-01 6.264185223504529221e-01 7.461107310944832260e-01 1.010842626250056053e+00
-2.264029026655123289e+00 -1.415513850463004264e+00 -1.168131282585270991e+00 -1.127324689412647407e+00 -7.166685357569066994e-01 -5.857846713383906279e-01 -4.440753561495412449e-01 -3.891591044881168027e-01 -2.184801663556734941e-01 -1.974029407658049184e-01 -8.847310332404137445e-02 -9.303776046377608064e-03 1.047285990041777193e-01 1.596170957662009504e-01 4.493967729132252731e-01 5.273478725036381265e-01 5.438487769954168938e-01 6.264185223504529221e-01 7.461107310944832260e-01 1.010842626250056053e+00
-2.261731573267306228e+00 -1.414260829222605764e+00 -1.167600327607702937e+00 -1.126220335863101996e+00 -7.143533768906218384e-01 -5.844235517559659421e-01 -4.371424834326135267e-01 -2.149809084359115552e-01 -1.953009413006694950e-01 -8.488745408079174937e-02 1.071030912379448627e-02 1.947815827547788314e-01 2.680307602962068714e-01 5.234467429588548493e-01 5.429060660296425311e-01 7.416947015561611289e-01 9.918914245223956483e-01 1.084309682571566791e+00 1.353521701753352957e+00 1.499322046492726823e+00
-2.261731573267306228e+00 -1.414260829222605764e+00 -1.167600327607702937e+00 -1.126220335863101996e+00 -7.143533768906218384e-01 -5.844235517559659421e-01 -4.371424834326135267e-01 -2.149809084359115552e-01 -1.953009413006694950e-01 -8.488745408079174937e-02 1.071030912379448627e-02 1.947815827547788314e-01 2.680307602962068714e-01 5.234467429588548493e-01 5.429060660296425311e-01 7.416947015561611289e-01 9.918914245223956483e-01 1.084309682571566791e+00 1.353521701753352957e+00 1.499322046492726823e+00
-2.261309832933954045e+00 -1.413763429896279566e+00 -1.165333994754371494e+00 -1.125086799578831842e+00 -7.105215229834239699e-01 -5.812710321215391884e-01 -4.349932341535862057e-01 -2.105192651322939090e-01 -1.832314494955956385e-01 3.397317417589445360e-02 2.532354398353248714e-01 5.019592231848338804e-01 5.389403736926786648e-01 8.383105940084618624e-01 9.491238744895232893e-01 1.094169934210768469e+00 1.293809361161666560e+00 1.481645216346505700e+00 1.774801919590965893e+00 2.367552376875953435e+00
-2.261309832933954045e+00 -1.413763429896279566e+00 -1.165333994754371494e+00 -1.125086799578831842e+00 -7.105215229834239699e-01 -5.812710321215391884e-01 -4.349932341535862057e-01 -2.105192651322939090e-01 -1.832314494955956385e-01 3.397317417589445360e-02 2.532354398353248714e-01 5.019592231848338804e-01 5.389403736926786648e-01 8.383105940084618624e-01 9.491238744895232893e-01 1.094169934210768469e+00 1.293809361161666560e+00 1.481645216346505700e+00 1.774801919590965893e+00 2.367552376875953435e+00
-2.261309832933954045e+00 -1.413763429896279566e+00 -1.165333994754371494e+00 -1.125086799578831842e+00 -7.105215229834239699e-01 -5.812710321215391884e-01 -4.349932341535862057e-01 -2.105192651322939090e-01 -1.832314494955956385e-01 3.397317417589445360e-02 2.532354398353248714e-01 5.019592231848338804e-01 5.389403736926786648e-01 8.383105940084618624e-01 9.491238744895232893e-01 1.094169934210768469e+00 1.293809361161666560e+00 1.481645216346505700e+00 1.774801919590965893e+00 2.367552376875953435e+00
