-5.287585448357077667e+00 -5.112172663881845658e+00
-5.287585448357077667e+00 -5.114098544049647366e+00
-5.287585448357077667e+00 -5.116032901125978860e+00
-5.287585448357077667e+00 -5.117975769783522644e+00
-5.287585448357077667e+00 -5.119927184694643252e+00
-5.287585448357077667e+00 -5.121887180528895911e+00
-5.287585448357077667e+00 -5.123855791950435723e+00
-5.287585448357077667e+00 -5.125833053615420631e+00
-5.287585448357077667e+00 -5.127819000169347774e+00
-5.287585448357077667e+00 -5.129813666244445791e+00
-5.287585448357077667e+00 -5.131817086456921473e+00
-5.287585448357077667e+00 -5.133829295404289006e+00
-5.287585448357077667e+00 -5.135850327662583759e+00
-5.287585448357077667e+00 -5.137880217783608927e+00
-5.287585448357077667e+00 -5.139919000292129780e+00
-5.287585448357077667e+00 -5.141966709683021719e+00
-5.287585448357077667e+00 -5.144023380418434321e+00
-5.287585448357077667e+00 -5.146089046924891441e+00
-5.287585448357077667e+00 -5.148163743590369990e+00
-5.287585448357077667e+00 -5.150247504761400918e+00
-5.287585448357077667e+00 -5.152340364740044976e+00
-5.287585448357077667e+00 -5.154442357780947503e+00
-5.287585448357077667e+00 -5.156553518088300869e+00
-5.287585448357077667e+00 -5.158673879812807783e+00
-5.287585448357077667e+00 -5.160803477048611754e+00
-5.287585448357077667e+00 -5.162942343830215108e+00
-5.287585448357077667e+00 -5.165090514129364152e+00
-5.287585448357077667e+00 -5.167248021851909456e+00
-5.287585448357077667e+00 -5.169414900834644833e+00
-5.287585448357077667e+00 -5.171591184842113442e+00
-5.287585448357077667e+00 -5.173776907563453875e+00
-5.287585448357077667e+00 -5.175972102609086356e+00
-5.287585448357077667e+00 -5.178176803507571258e+00
-5.287585448357077667e+00 -5.180391043702263332e+00
-5.287585448357077667e+00 -5.182614856548054760e+00
-5.287585448357077667e+00 -5.184848275308084453e+00
-5.287585448357077667e+00 -5.187091333150390504e+00
-5.287585448357077667e+00 -5.189344063144583075e+00
-5.287585448357077667e+00 -5.191606498258471980e+00
-5.287585448357077667e+00 -5.193878671354720034e+00
-5.287585448357077667e+00 -5.196160615187406684e+00
-5.287585448357077667e+00 -5.198452362398676918e+00
-5.287585448357077667e+00 -5.200753945515257826e+00
-5.287585448357077667e+00 -5.203065396945092402e+00
-5.287585448357077667e+00 -5.205386748973814370e+00
-5.287585448357077667e+00 -5.207718033761350007e+00
-5.287585448357077667e+00 -5.210059283338420499e+00
-5.287585448357077667e+00 -5.212410529603036302e+00
-5.287585448357077667e+00 -5.214771804317047454e+00
-5.287585448357077667e+00 -5.217143139102595306e+00
-5.287825839571864250e+00 -5.217447674074076502e+00
-5.288067617666874831e+00 -5.217752754949212424e+00
-5.288310810382930605e+00 -5.218058382974636977e+00
-5.288555447673582321e+00 -5.218364559399989666e+00
-5.288801562001909318e+00 -5.218671285477939570e+00
-5.289049188687744874e+00 -5.218978562464147153e+00
-5.289298366315445143e+00 -5.219286391617333543e+00
-5.289549137215068697e+00 -5.219594774199237008e+00
-5.289801548032687428e+00 -5.219903711474627173e+00
-5.290055650409813737e+00 -5.220213204711330768e+00
-5.290311501796939986e+00 -5.220523255180196109e+00
-5.290569166433128245e+00 -5.220833864155160597e+00
-5.290828716532478992e+00 -5.221145032913191208e+00
-5.291090233730119330e+00 -5.221456762734335122e+00
-5.291353810856244344e+00 -5.221769054901691298e+00
-5.291619554128097924e+00 -5.222081910701459329e+00
-5.291887585878989775e+00 -5.222395331422897691e+00
-5.292158047983575919e+00 -5.222709318358363717e+00
-5.292431106194767310e+00 -5.223041208912097666e+00
-5.292706955686705683e+00 -5.226409935788296934e+00
-5.292985828211385524e+00 -5.229780329592107257e+00
-5.293268001440764259e+00 -5.233152116354859551e+00
-5.293553811307840640e+00 -5.236524963936446397e+00
-5.293843668522190349e+00 -5.239898465510767878e+00
-5.294138080987085715e+00 -5.243272117149563094e+00
-5.294437684701946090e+00 -5.246645286920919915e+00
-5.294743287092470219e+00 -5.250017171560130258e+00
-5.295055928913320109e+00 -5.253386734567972560e+00
-5.295376974526151415e+00 -5.256752615933703687e+00
-5.295708246587549795e+00 -5.260112997448094241e+00
-5.296052232089614620e+00 -5.263465396663896456e+00
-5.296412406324340516e+00 -5.266806342932436991e+00
-5.296793757624792320e+00 -5.270130852663538867e+00
-5.297203664322851502e+00 -5.273431552368752051e+00
-5.297653406317794911e+00 -5.276697167093860941e+00
-5.298160837886890739e+00 -5.279909847609362217e+00
-5.298755150672677772e+00 -5.283040407424240748e+00
-5.299485003005824701e+00 -5.286040193464178749e+00
-5.300429865850373901e+00 -5.288829740127470203e+00
-5.301704869843123724e+00 -5.291293922246631531e+00
-5.303427858296645425e+00 -5.293314902086627249e+00
-5.305636697884477115e+00 -5.294854818660731155e+00
-5.308253446241989693e+00 -5.295991620130792832e+00
-5.311153898091981240e+00 -5.296849517682816533e+00
-5.314235984115859068e+00 -5.297530586656960416e+00
-5.317433571170345097e+00 -5.298100966331945827e+00
-5.320706771680824509e+00 -5.298600550532937881e+00
-5.324031539789721101e+00 -5.299053391484346953e+00
-5.327392994320062414e+00 -5.299474376847499890e+00
-5.330781607359148744e+00 -5.299873041138139840e+00
-5.330812534488454268e+00 -5.301775500140977648e+00
-5.330845327175897097e+00 -5.303678353359154052e+00
-5.330880387984725743e+00 -5.305581199186494956e+00
-5.330918247710902946e+00 -5.307483507784247045e+00
-5.330959620167090129e+00 -5.309384566297122632e+00
-5.331005487158987144e+00 -5.311283393877020309e+00
-5.331057234564116065e+00 -5.313178605604281124e+00
-5.331116878250496960e+00 -5.315068186569098074e+00
-5.331187454728829600e+00 -5.316949101219354823e+00
-5.331273727990350153e+00 -5.318816586522849832e+00
-5.331383532287929938e+00 -5.320662809186241127e+00
-5.331530445998523327e+00 -5.322474191792647247e+00
-5.331739274597711464e+00 -5.324225929827197668e+00
-5.332056844588878519e+00 -5.325871197747858332e+00
-5.332567448928805298e+00 -5.327325703559931291e+00
-5.333385665192743375e+00 -5.328474870651046302e+00
-5.334570601830407099e+00 -5.329259591535211449e+00
-5.336054366114420411e+00 -5.329747759904417848e+00
-5.337723525592574347e+00 -5.330052809176474504e+00
-5.339497863406497125e+00 -5.330254957176371100e+00
-5.341333246935501933e+00 -5.330398337492508354e+00
-5.343206262277827356e+00 -5.330506364995494017e+00
-5.345104032780921166e+00 -5.330591917307986982e+00
-5.347019091621784348e+00 -5.330662462224331044e+00
-5.348946877486999263e+00 -5.330722562030661749e+00
-5.350884471627518124e+00 -5.330775136450134788e+00
-5.352829929942018339e+00 -5.330822130559692340e+00
-5.354781912201917571e+00 -5.330864885565038236e+00
-5.356739466772175717e+00 -5.330904354079991414e+00
-5.358701900482337521e+00 -5.330941230255439756e+00
-5.360668697112244807e+00 -5.330976031293745088e+00
-5.362639464695265090e+00 -5.331009150145540332e+00
-5.364613900487208653e+00 -5.331040890540938548e+00
-5.366591767094253562e+00 -5.331071490861639006e+00
-5.368572875841410408e+00 -5.331101140772542379e+00
-5.370557074953521415e+00 -5.331129993040830684e+00
-5.372544241004991505e+00 -5.331158172086307268e+00
-5.374534272633662013e+00 -5.331185780267625240e+00
-5.376527085851096288e+00 -5.331212902572009860e+00
-5.378522610496838219e+00 -5.331239610161155440e+00
-5.380520787524625703e+00 -5.331265963085050963e+00
-5.382521566901987242e+00 -5.331292012382445655e+00
-5.384524905967677633e+00 -5.331317801723529648e+00
-5.386530768134829117e+00 -5.331343368706856545e+00
-5.388539121858006986e+00 -5.331368745892329564e+00
-5.390549939803678470e+00 -5.331393961630888079e+00
-5.392563198178859984e+00 -5.331419040735855930e+00
-5.394578876184012550e+00 -5.331444005030221867e+00
-5.396596955564060494e+00 -5.331468873795619068e+00
-5.398617420237791897e+00 -5.331493664143082789e+00
-5.401761140068645162e+00 -5.331517304505297261e+00
-5.404924924195824154e+00 -5.331539042201733025e+00
-5.408108660395642531e+00 -5.331559096771901984e+00
-5.411312269006575804e+00 -5.331577655448886510e+00
-5.414535697224051702e+00 -5.331594878855149489e+00
-5.417778914552045855e+00 -5.331610905541376511e+00
-5.421041909147819027e+00 -5.331625855631970445e+00
-5.424324684862125601e+00 -5.331639833774776349e+00
-5.427627258825674872e+00 -5.331652931544367036e+00
-5.430949659467707136e+00 -5.331665229413037999e+00
-5.434291924878974278e+00 -5.331676798377044335e+00
-5.437654101451161459e+00 -5.331687701306292659e+00
-5.441036242739468953e+00 -5.331697994070543345e+00
-5.444438408506594662e+00 -5.331707726484055776e+00
-5.447860663914914525e+00 -5.331716943101753259e+00
-5.451303078840417093e+00 -5.331725683893412615e+00
-5.454765727287268717e+00 -5.331733984817001115e+00
-5.458248686885786682e+00 -5.331741878308367433e+00
-5.461752038460015335e+00 -5.331749393701088913e+00
-5.465275865653585363e+00 -5.331756557587806533e+00
-5.468820254604584541e+00 -5.331763394132323697e+00
-5.472385293661726102e+00 -5.331769925340139160e+00
-5.475971073135673883e+00 -5.331776171293663324e+00
-5.479577685080101013e+00 -5.331782150357384786e+00
-5.483205223098189585e+00 -5.331787879357408499e+00
-5.486853782170963534e+00 -5.331793373738961783e+00
-5.490523458504239507e+00 -5.331798647704963479e+00
-5.494214349391752350e+00 -5.331803714338293254e+00
-5.497926553092141511e+00 -5.331808585709894466e+00
-5.501660168717990906e+00 -5.331813272974650353e+00
-5.505415296135340419e+00 -5.331817786456537256e+00
-5.509192035872261251e+00 -5.331822135724499923e+00
-5.512990489035376029e+00 -5.331826329660178665e+00
-5.516810757233314710e+00 -5.331830376518454706e+00
-5.520652942506257155e+00 -5.331834283981729428e+00
-5.524517147260739947e+00 -5.331838059208697800e+00
-5.528403474209222956e+00 -5.331841708878166664e+00
-5.532312026313734421e+00 -5.331845239228607092e+00
-5.536242906733158442e+00 -5.331848656093836958e+00
-5.540196218773734138e+00 -5.331851964935284016e+00
-5.544172065842402297e+00 -5.331855170871253158e+00
-5.548170551402688666e+00 -5.331858278703428766e+00
-5.552191778932765942e+00 -5.331861292941011854e+00
-5.556235851885565680e+00 -5.331864217822644747e+00
-5.560302873650619482e+00 -5.331867057336414639e+00
-5.564392947517462495e+00 -5.331869815238119870e+00
-5.568506176640483751e+00 -5.331872495067936590e+00
-5.572642664004980873e+00 -5.331875100165696324e+00
-5.576802512394375633e+00 -5.331877633684873885e+00
-5.580985824358390524e+00 -5.331880098605431328e+00
-5.580989428759199455e+00 -5.337314131765453773e+00
-5.580993202232909844e+00 -5.342756901010316639e+00
-5.580997157036149403e+00 -5.348208372103943731e+00
-5.581001306639457482e+00 -5.353668509515902230e+00
-5.581005665881255240e+00 -5.359137276268989503e+00
-5.581010251145861467e+00 -5.364614633762776919e+00
-5.581015080570064235e+00 -5.370100541568675112e+00
-5.581020174283612967e+00 -5.375594957190938494e+00
-5.581025554690446810e+00 -5.381097835787023165e+00
-5.581031246798897172e+00 -5.386609129838983101e+00
-5.581037278611032271e+00 -5.392128788765611525e+00
-5.581043681583942373e+00 -5.397656758462785476e+00
-5.581050491178913830e+00 -5.403192980755764374e+00
-5.581057747518679335e+00 -5.408737392743540262e+00
-5.581065496178259977e+00 -5.414289926009470122e+00
-5.581073789142338093e+00 -5.419850505665498197e+00
-5.581082685971249013e+00 -5.425419049187647502e+00
-5.581092255230724497e+00 -5.430995464987796950e+00
-5.581102576257461756e+00 -5.436579650649632889e+00
-5.581113741356241498e+00 -5.442171490733053396e+00
-5.581125858556358565e+00 -5.447770854019188036e+00
-5.581139055100729607e+00 -5.453377590022847166e+00
-5.581153481904478575e+00 -5.458991524535376172e+00
-5.581169319311775290e+00 -5.464612453869311715e+00
-5.581186784612899743e+00 -5.470240137342781139e+00
-5.581206141980662672e+00 -5.475874287344556279e+00
-5.581227715782359766e+00 -5.481514556023582507e+00
-5.581251908678696694e+00 -5.487160517191439268e+00
-5.581279226635023960e+00 -5.492811641312608018e+00
-5.581310314114240612e+00 -5.498467260312955851e+00
-5.581346004602888655e+00 -5.504126517055139445e+00
-5.581387394805545910e+00 -5.509788291145519601e+00
-5.581435956401527676e+00 -5.515451087178981027e+00
-5.581493709307967066e+00 -5.521112861477184275e+00
-5.581563499297018005e+00 -5.526770744472793595e+00
-5.581649459973857752e+00 -5.532420578732835992e+00
-5.581757815875053375e+00 -5.538056115861715867e+00
-5.581898350912573470e+00 -5.543667548058571093e+00
-5.582087253886689915e+00 -5.549238662605750605e+00
-5.582353001981070761e+00 -5.554740958375026239e+00
-5.582749352152574396e+00 -5.560120654439196564e+00
-5.583385256543552444e+00 -5.565268774661055851e+00
-5.584488489137248379e+00 -5.569957521039357928e+00
-5.586470415854640770e+00 -5.573775503613269677e+00
-5.589707397979392312e+00 -5.576346337038718737e+00
-5.594050988516693579e+00 -5.577818444230864259e+00
-5.599049039122687255e+00 -5.578643949435937444e+00
-5.604385659623431160e+00 -5.579138718713542389e+00
-5.609904217002495308e+00 -5.579459360950359326e+00
-5.615529311404449331e+00 -5.579681251857862456e+00
-5.616429615059575831e+00 -5.579710484718999552e+00
-5.617332203686368430e+00 -5.579738345162725821e+00
-5.618236986242502340e+00 -5.579764924839765605e+00
-5.619143879422362708e+00 -5.579790307663185622e+00
-5.620052806883316876e+00 -5.579814570582031230e+00
-5.620963698559821253e+00 -5.579837784267303036e+00
-5.621876490054249054e+00 -5.579860013721044787e+00
-5.622791122095160965e+00 -5.579881318818135760e+00
-5.623707540054654785e+00 -5.579901754788879842e+00
-5.624625693517741887e+00 -5.579921372649701894e+00
-5.625545535897407134e+00 -5.579940219587961714e+00
-5.626467024090150204e+00 -5.579958339306527293e+00
-5.627390118167098443e+00 -5.579975772332598893e+00
-5.628314781096651842e+00 -5.579992556295063189e+00
-5.629240978495087866e+00 -5.580008726173901756e+00
-5.630168678401915372e+00 -5.580024314524806961e+00
-5.631097851077279337e+00 -5.580039351681793214e+00
-5.632028468818942812e+00 -5.580053865940199032e+00
-5.632960505796745565e+00 -5.580067883722254152e+00
-5.633893937902620053e+00 -5.580081429726993392e+00
-5.634828742614605090e+00 -5.580094527066309595e+00
-5.635764898873261153e+00 -5.580107197388477935e+00
-5.636702386969322021e+00 -5.580119460990541569e+00
-5.637641188441374851e+00 -5.580131336920610252e+00
-5.638581285982527724e+00 -5.580142843071171477e+00
-5.639522663355268861e+00 -5.580153996264260563e+00
-5.640465305313573374e+00 -5.580164812329324597e+00
-5.641409197531664255e+00 -5.580175306174458782e+00
-5.642354326538747245e+00 -5.580185491851668900e+00
-5.643300679659128072e+00 -5.580195382616767397e+00
-5.644248244957235983e+00 -5.580204990984318769e+00
-5.645197011187080172e+00 -5.580214328778200006e+00
-5.646146967745746537e+00 -5.580223407178062089e+00
-5.647098104630575044e+00 -5.580232236762211251e+00
-5.648050412399633124e+00 -5.580240827547065408e+00
-5.649003882135280818e+00 -5.580249189023641421e+00
-5.649958505410457299e+00 -5.580257330191201959e+00
-5.650914274257559100e+00 -5.580265259588444771e+00
-5.651871181139568989e+00 -5.580272985322293877e+00
-5.652829218923375088e+00 -5.580280515094644400e+00
-5.653788380854964046e+00 -5.580287856227116094e+00
-5.654748660536447424e+00 -5.580295015684044735e+00
-5.655710051904688562e+00 -5.580302000093849912e+00
-5.656672549211449130e+00 -5.580308815768870723e+00
-5.657636147004902583e+00 -5.580315468723868300e+00
-5.658600840112439911e+00 -5.580321964693197856e+00
-5.659566623624613158e+00 -5.580328309146852739e+00
-5.660533492880210460e+00 -5.580334507305435565e+00
-5.661501443452254811e+00 -5.580340564154092853e+00
-5.662470471134975369e+00 -5.580346484455544598e+00
-5.662470949130842257e+00 -5.580348305263830966e+00
-5.662471430716916387e+00 -5.580350140237851697e+00
-5.662471915933799060e+00 -5.580351989543535396e+00
-5.662472404822699090e+00 -5.580353853349392601e+00
-5.662472897425457674e+00 -5.580355731826581511e+00
-5.662473393784554609e+00 -5.580357625148987921e+00
-5.662473893943110959e+00 -5.580359533493223445e+00
-5.662474397944919247e+00 -5.580361457038736539e+00
-5.662474905834450567e+00 -5.580363395967846252e+00
-5.662475417656837706e+00 -5.580365350465768870e+00
-5.662475933457961297e+00 -5.580367320720736046e+00
-5.662476453284379652e+00 -5.580369306924014339e+00
-5.662476977183395377e+00 -5.580371309269967384e+00
-5.662477505203055372e+00 -5.580373327956149154e+00
-5.662478037392159713e+00 -5.580375363183330606e+00
-5.662478573800290071e+00 -5.580377415155598264e+00
-5.662479114477796394e+00 -5.580379484080395969e+00
-5.662479659475875948e+00 -5.580381570168627015e+00
-5.662480208846503160e+00 -5.580383673634679909e+00
-5.662480762642507770e+00 -5.580385794696556268e+00
-5.662481320917575722e+00 -5.580387933575891246e+00
-5.662481883726265153e+00 -5.580390090498074329e+00
-5.662482451124017935e+00 -5.580392265692314169e+00
-5.662483023167187213e+00 -5.580394459391695428e+00
-5.662483599913061383e+00 -5.580396671833302236e+00
-5.662484181419848106e+00 -5.580398903258279475e+00
-5.662484767746745362e+00 -5.580401153911934919e+00
-5.662485358953933456e+00 -5.580403424043788974e+00
-5.662485955102580348e+00 -5.580405713907740761e+00
-5.662486556254902936e+00 -5.580408023762086778e+00
-5.662487162474153735e+00 -5.580410353869655005e+00
-5.662487773824659953e+00 -5.580412704497914156e+00
-5.662488390371840374e+00 -5.580415075919043844e+00
-5.662489012182235548e+00 -5.580417468410074022e+00
-5.662489639323516677e+00 -5.580419882252960484e+00
-5.662490271864528246e+00 -5.580422317734724302e+00
-5.662490909875307565e+00 -5.581266265906492663e+00
-5.662491553427088320e+00 -5.583723025431086562e+00
-5.662492202592385837e+00 -5.586179795246973612e+00
-5.662492857444945571e+00 -5.588636575314470001e+00
-5.662493518059827480e+00 -5.591093365594100639e+00
-5.662494184513422013e+00 -5.593550166046600935e+00
-5.662494856883474093e+00 -5.596006976632890151e+00
-5.662495535249101763e+00 -5.598463797314099821e+00
-5.662496219690861921e+00 -5.600920628051557770e+00
-5.662496910290733432e+00 -5.603377468806789885e+00
-5.662497607132206845e+00 -5.605834319541508570e+00
-5.662498310300274618e+00 -5.608291180217635841e+00
-5.662499019881464868e+00 -5.610748050797275788e+00
-5.662499735963914205e+00 -5.613204931242724349e+00
-5.662506379651923716e+00 -5.613208512537084083e+00
-5.662513060458453040e+00 -5.613212102070072262e+00
-5.662519778694871775e+00 -5.613215699870095499e+00
-5.662526534676061374e+00 -5.613219305965719386e+00
-5.662533328720413373e+00 -5.613222920385610770e+00
-5.662540161149919982e+00 -5.613226543158583048e+00
-5.662547032290205173e+00 -5.613230174313593501e+00
-5.662553942470575308e+00 -5.613233813879716649e+00
-5.662560892024076864e+00 -5.613237461886161128e+00
-5.662567881287561278e+00 -5.613241118362276794e+00
-5.662574910601697376e+00 -5.613244783337558275e+00
-5.662581980311090391e+00 -5.613248456841620104e+00
-5.662589090764270416e+00 -5.613252138904222477e+00
-5.662596242313808759e+00 -5.613255829555271248e+00
-5.662603435316323264e+00 -5.613259528824793954e+00
-5.662610670132572466e+00 -5.613263236742970008e+00
-5.662617947127516871e+00 -5.613266953340123600e+00
-5.662625266670354485e+00 -5.613270678646709477e+00
-5.662632629134600748e+00 -5.613274412693333382e+00
-5.662640034898135610e+00 -5.613278155510736944e+00
-5.662647484343300341e+00 -5.613281907129814563e+00
-5.662654977856933058e+00 -5.613285667581594751e+00
-5.662662515830433563e+00 -5.613289436897270335e+00
-5.662670098659860152e+00 -5.613293215108155820e+00
-5.662677726745959816e+00 -5.613297002245734468e+00
-5.662685400494269494e+00 -5.613300798341625431e+00
-5.662693120315176465e+00 -5.613304603427599737e+00
-5.662700886623987628e+00 -5.613308417535586514e+00
-5.662708699841006776e+00 -5.613312240697658773e+00
-5.662716560391603871e+00 -5.613316072946039625e+00
-5.662724468706303860e+00 -5.613319914313107617e+00
-5.662732425220859511e+00 -5.613323764831402052e+00
-5.662740430376317136e+00 -5.613327624533598126e+00
-5.662748484619122280e+00 -5.613331493452551335e+00
-5.662756588401182789e+00 -5.613335371621253955e+00
-5.662764742179954958e+00 -5.613339259072863463e+00
-5.662772946418537678e+00 -5.613343155840705201e+00
-5.662781201585756818e+00 -5.613347061958228856e+00
-5.662789508156244267e+00 -5.613350977459097280e+00
-5.662797866610538300e+00 -5.613354902377092337e+00
-5.662806277435171509e+00 -5.613358836746171754e+00
-5.662814741122773832e+00 -5.613362780600467339e+00
-5.662823258172143603e+00 -5.613366733974254785e+00
-5.662831829088365687e+00 -5.613370696901989199e+00
-5.662840454382915389e+00 -5.613374669418293550e+00
-5.662849134573731291e+00 -5.613378651557940024e+00
-5.662857870185349363e+00 -5.613382643355894430e+00
-5.662866661748992669e+00 -5.613386644847259355e+00
-5.662875509802669072e+00 -5.613390656067352324e+00
-5.662884414891302676e+00 -5.613394677051611659e+00
-5.662884591447059357e+00 -5.613397811766508205e+00
-5.662884768391550416e+00 -5.613400952575045899e+00
-5.662884945726069041e+00 -5.613404099494987420e+00
-5.662885123451893321e+00 -5.613407252544149628e+00
-5.662885301570326213e+00 -5.613410411740425765e+00
-5.662885480082678669e+00 -5.613413577101776575e+00
-5.662885658990250981e+00 -5.613416748646236520e+00
-5.662885838294351437e+00 -5.613419926391902237e+00
-5.662886017996309640e+00 -5.613423110356958290e+00
-5.662886198097441870e+00 -5.613426300559630988e+00
-5.662886378599089277e+00 -5.613429497018247893e+00
-5.662886559502580575e+00 -5.613432699751190746e+00
-5.662886740809264019e+00 -5.613435908776917671e+00
-5.662886922520485200e+00 -5.613439124113960510e+00
-5.662887104637604807e+00 -5.613442345780923937e+00
-5.662887287161973759e+00 -5.613445573796481014e+00
-5.662887470094979392e+00 -5.613448808179388294e+00
-5.662887653437975288e+00 -5.613452048948452955e+00
-5.662887837192351448e+00 -5.613455296122587868e+00
-5.662888021359493429e+00 -5.613458549720766300e+00
-5.662888205940780573e+00 -5.613461809762025467e+00
-5.662888390937629524e+00 -5.613465076265494957e+00
-5.662888576351437386e+00 -5.613468349250373635e+00
-5.662888762183611036e+00 -5.613471628735921648e+00
-5.662888948435575109e+00 -5.613474914741509281e+00
-5.662889135108754246e+00 -5.613478207286552113e+00
-5.662889322204570419e+00 -5.613481506390554543e+00
-5.662889509724459813e+00 -5.613484812073099128e+00
-5.662889697669874600e+00 -5.613488124353845699e+00
-5.662889886042261622e+00 -5.613491443252534019e+00
-5.662890074843080157e+00 -5.613494768788973133e+00
-5.662890264073785929e+00 -5.613498100983069783e+00
-5.662890453735849761e+00 -5.613501439854794661e+00
-5.662890643830757575e+00 -5.613504785424197507e+00
-5.662890834359981085e+00 -5.613508137711415991e+00
-5.662891025325014205e+00 -5.613511496736662387e+00
-5.662891216727359733e+00 -5.613514862520247561e+00
-5.662891408568507146e+00 -5.613518235082540109e+00
-5.662891600849983220e+00 -5.613521614443983232e+00
-5.662891793573301413e+00 -5.613525000625143591e+00
-5.662891986739975181e+00 -5.613528393646644687e+00
-5.662892180351546401e+00 -5.613531793529175751e+00
-5.662892374409548957e+00 -5.613535200293549465e+00
-5.662892568915534497e+00 -5.613538613960627366e+00
-5.662892763871052892e+00 -5.613542034551366022e+00
-5.662892959277662897e+00 -5.613545462086821480e+00
-5.662893155136928591e+00 -5.613548896588119952e+00
-5.662893351450430046e+00 -5.613552338076476467e+00
-5.662893548219748219e+00 -5.613555786573191320e+00
-5.662893745446472060e+00 -5.613559242099657176e+00
-5.663779293948763893e+00 -5.614417062191576768e+00
-5.664665276823329876e+00 -5.615275118320178116e+00
-5.665551694613683686e+00 -5.616133410405802273e+00
-5.666438547865150888e+00 -5.616991938368772530e+00
-5.667325837124845833e+00 -5.617850702129317142e+00
-5.668213562941677885e+00 -5.618709701607645712e+00
-5.669101725866344310e+00 -5.619568936723853270e+00
-5.669990326451322282e+00 -5.620428407398027737e+00
-5.670879365250842241e+00 -5.621288113550170884e+00
-5.671768842820909207e+00 -5.622148055100239183e+00
-5.672658759719262811e+00 -5.623008231968124271e+00
-5.673549116505397727e+00 -5.623868644073658274e+00
-5.674439913740533470e+00 -5.624729291336612924e+00
-5.675331151987613509e+00 -5.625590173676719097e+00
-5.676222831811290170e+00 -5.626451291013640166e+00
-5.677114953777929074e+00 -5.627312643266961345e+00
-5.678007518455579827e+00 -5.628174230356243868e+00
-5.678900526413981353e+00 -5.629036052200976137e+00
-5.679793978224542350e+00 -5.629898108720595040e+00
-5.680687874460323528e+00 -5.630760399834462859e+00
-5.681582215696058036e+00 -5.631622925461906348e+00
-5.682477002508099950e+00 -5.632485685522186536e+00
-5.683372235474447365e+00 -5.633348679934511161e+00
-5.684267915174691765e+00 -5.634211908618029341e+00
-5.685164042190065992e+00 -5.635075371491836016e+00
-5.686060617103358084e+00 -5.635939068474963953e+00
-5.686957640498959243e+00 -5.636802999486388188e+00
-5.687855112962828308e+00 -5.637667164445044676e+00
-5.688753035082473986e+00 -5.638531563269802760e+00
-5.689651407446950415e+00 -5.639396195879465168e+00
-5.690550230646834962e+00 -5.640261062192807984e+00
-5.691449505274236209e+00 -5.641126162128517585e+00
-5.692349231922742447e+00 -5.641991495605251039e+00
-5.693249411187458087e+00 -5.642857062541605906e+00
-5.694150043664948591e+00 -5.643722862856107803e+00
-5.695051129953232483e+00 -5.644588896467248595e+00
-5.695952670651783123e+00 -5.645455163293456202e+00
-5.696854666361503838e+00 -5.646321663253108802e+00
-5.697757117684714601e+00 -5.647188396264515298e+00
-5.698660025225128045e+00 -5.648055362245957056e+00
-5.699563389587861906e+00 -5.648922561115632845e+00
-5.700467211379365295e+00 -5.649789992791713011e+00
-5.701371491207476438e+00 -5.650657657192295957e+00
-5.702276229681364050e+00 -5.651525554235428572e+00
-5.703181427411503357e+00 -5.652393683839119554e+00
-5.704087085009675206e+00 -5.653262045921302104e+00
-5.704993203088953635e+00 -5.654130640399868568e+00
-5.705899782263677444e+00 -5.654999467192665108e+00
-5.706806823149447538e+00 -5.655868526217466830e+00
-5.707714326363077184e+00 -5.656737817392015977e+00
-5.707717014851098725e+00 -5.658295782946519914e+00
-5.707719918587675245e+00 -5.659854464081856662e+00
-5.707723064658143386e+00 -5.661413859648614988e+00
-5.707726484886419982e+00 -5.662973968498745236e+00
-5.707730216917217270e+00 -5.664534789485629496e+00
-5.707734305608649805e+00 -5.666096321464004326e+00
-5.707738804844090907e+00 -5.667658563290027374e+00
-5.707743779917963778e+00 -5.669221513821224967e+00
-5.707749310719039570e+00 -5.670785171916562284e+00
-5.707755496039842669e+00 -5.672349536436389172e+00
-5.707762459504774455e+00 -5.673914606242459691e+00
-5.707770357871558176e+00 -5.675480380197952535e+00
-5.707779392889754888e+00 -5.677046857167455940e+00
-5.707789828623869077e+00 -5.678614036016966793e+00
-5.707802017408915241e+00 -5.680181915613920829e+00
-5.707816439881439052e+00 -5.681750494827159770e+00
-5.707833768810771424e+00 -5.683319772526963298e+00
-5.707854974902471845e+00 -5.684889747585043729e+00
-5.707881510350937049e+00 -5.686460418874531797e+00
-5.707915645032729302e+00 -5.688031785270009522e+00
-5.707961123924345515e+00 -5.690243125064540664e+00
-5.708024559575153312e+00 -5.693152428372603602e+00
-5.708118685255523239e+00 -5.696033242390101670e+00
-5.708270904298066384e+00 -5.698858160574005183e+00
-5.708548658720630442e+00 -5.701559737693903784e+00
-5.709134987754787005e+00 -5.703954931303580445e+00
-5.710413936855653461e+00 -5.705659692731260613e+00
-5.712537823051358821e+00 -5.706521701730164153e+00
-5.715136121035647498e+00 -5.706911480385957525e+00
-5.717927136631390184e+00 -5.707110719653285535e+00
-5.720802690480766728e+00 -5.707227595665658626e+00
-5.723721412007034104e+00 -5.707303475773665369e+00
-5.726665232992240284e+00 -5.708522293615920340e+00
-5.729625223175841775e+00 -5.710103274135622797e+00
-5.732596515019477756e+00 -5.711684933053960300e+00
-5.735576245095769465e+00 -5.713267269268826887e+00
-5.738562624222600661e+00 -5.714850281679601629e+00
-5.741554478775799275e+00 -5.716433969187129094e+00
-5.744551007565514844e+00 -5.718018330693740658e+00
-5.747551645106044660e+00 -5.719603365103259840e+00
-5.750555980822149138e+00 -5.721189071320980091e+00
-5.753563709269953641e+00 -5.722775448253705655e+00
-5.756574598350201022e+00 -5.724362494809708046e+00
-5.759588468373528336e+00 -5.725950209898758025e+00
-5.762605177896001685e+00 -5.727538592432133591e+00
-5.765624613905329987e+00 -5.729127641322600439e+00
-5.768646684876986619e+00 -5.730717355484403086e+00
-5.771671315767880728e+00 -5.732307733833319041e+00
-5.774698444345642834e+00 -5.733898775286609073e+00
-5.777728018456013359e+00 -5.735490478763040301e+00
-5.778201868288181053e+00 -5.735761462984609871e+00
-5.778675946855774015e+00 -5.736032667619133996e+00
-5.779150254085505090e+00 -5.736304092884151551e+00
-5.779624789907563454e+00 -5.736575738997399476e+00
-5.780099554255430760e+00 -5.736847606176785241e+00
-5.780574547065850055e+00 -5.737119694640426815e+00
-5.781049768278666789e+00 -5.737392004606623352e+00
-5.781525217836762209e+00 -5.737664536293874740e+00
-5.782000895685953878e+00 -5.737937289920863826e+00
-5.782476801774888209e+00 -5.738210265706460866e+00
-5.782952936054956083e+00 -5.738483463869748391e+00
-5.783429298480237790e+00 -5.738756884629962585e+00
-5.783905889007389334e+00 -5.739030528206567894e+00
-5.784382707595569606e+00 -5.739304394819192190e+00
-5.784859754206368443e+00 -5.739578484687668514e+00
-5.785337028803733794e+00 -5.739852798032019088e+00
-5.785814531353898005e+00 -5.740127335072452652e+00
-5.786292261825315641e+00 -5.740402096029367129e+00
-5.786770220188593328e+00 -5.740677081123369163e+00
-5.787248406416421354e+00 -5.740952290575212835e+00
-5.787726820483511503e+00 -5.741227724605890259e+00
-5.788205462366560639e+00 -5.741503383436564967e+00
-5.788684332044160108e+00 -5.741779267288583455e+00
-5.789163429496763769e+00 -5.742055376383487619e+00
-5.789642754706610717e+00 -5.742331710943021861e+00
-5.790122307657706635e+00 -5.742608271189090452e+00
-5.790602088335756292e+00 -5.742885057343827704e+00
-5.791082096728105810e+00 -5.743162069629522470e+00
-5.791562332823693815e+00 -5.743439308268673216e+00
-5.792042796613039002e+00 -5.743716773483957816e+00
-5.792523488088158423e+00 -5.743994465498261093e+00
-5.793004407242556830e+00 -5.744272384534635734e+00
-5.793485554071150290e+00 -5.744550530816332490e+00
-5.793966928570245756e+00 -5.744828904566802841e+00
-5.794448530737527747e+00 -5.745107506009672349e+00
-5.794930360571960648e+00 -5.745386335368766417e+00
-5.795412418073806471e+00 -5.745665392868087196e+00
-5.795894703244575119e+00 -5.745944678731843780e+00
-5.796377216086961326e+00 -5.746224193184419349e+00
-5.796859956604873076e+00 -5.746503936450392480e+00
-5.797342924803327691e+00 -5.746783908754538039e+00
-5.797826120688474028e+00 -5.747064110321803199e+00
-5.798309544267539195e+00 -5.747344541377335858e+00
-5.798793195548799240e+00 -5.747625202146467771e+00
-5.799277074541573818e+00 -5.747906092854734084e+00
-5.799761181256157805e+00 -5.748187213727835143e+00
-5.800245515703843502e+00 -5.748468564991672025e+00
-5.800730077896841586e+00 -5.748750146872343869e+00
-5.801214867848310419e+00 -5.749031959596116792e+00
-5.801699885572285886e+00 -5.749314003389463856e+00
-5.800899237074402137e+00 -5.748956720198984627e+00
-5.800121631223914775e+00 -5.748600542345785769e+00
-5.799365966781327764e+00 -5.748245465363984508e+00
-5.798631189670374830e+00 -5.747891484807658991e+00
-5.797916293182236558e+00 -5.747538596250805654e+00
-5.797220317697717284e+00 -5.747186795287247740e+00
-5.796542350014441958e+00 -5.746836077530581122e+00
-5.795881522357218429e+00 -5.746486438614036629e+00
-5.795237011140020655e+00 -5.746137874190459627e+00
-5.794608035539405400e+00 -5.745790379932214975e+00
-5.793993855930386516e+00 -5.745443951531079563e+00
-5.793393772228122351e+00 -5.745098584698191679e+00
-5.792807122171756973e+00 -5.744754275163968416e+00
-5.792233279580195848e+00 -5.744411018678005298e+00
-5.791671652604356346e+00 -5.744068811009022113e+00
-5.791121681995408998e+00 -5.743727647944782078e+00
-5.790582839404533111e+00 -5.743387525291981710e+00
-5.790054625725998605e+00 -5.743048438876214412e+00
-5.789536569492672591e+00 -5.742710384541864777e+00
-5.789028225330338451e+00 -5.742373358152029539e+00
-5.788529172475283424e+00 -5.742037355588471392e+00
-5.788039013357957785e+00 -5.741702372751474215e+00
-5.787557372254004129e+00 -5.741368405559843069e+00
-5.787083894003109741e+00 -5.741035449950778968e+00
-5.786618242794960842e+00 -5.740703501879792725e+00
-5.786160101021212476e+00 -5.740372557320678304e+00
-5.785709168191707441e+00 -5.740042612265375155e+00
-5.785265159912829525e+00 -5.739713662723922916e+00
-5.784827806925608940e+00 -5.739385704724385029e+00
-5.784396854201100169e+00 -5.739058734312767918e+00
-5.783972060090291301e+00 -5.738732747552925062e+00
-5.783553195525926505e+00 -5.738407740526513479e+00
-5.783140043273446551e+00 -5.738083709332891580e+00
-5.782732397228418364e+00 -5.737760650089043679e+00
-5.782330061757810391e+00 -5.737438558929521371e+00
-5.781932851082586922e+00 -5.737117432006367146e+00
-5.781540588699050964e+00 -5.736797265488990938e+00
-5.781153106836770306e+00 -5.736478055564162126e+00
-5.780770245950590969e+00 -5.736159798435898516e+00
-5.780391854244846250e+00 -5.735842490325380183e+00
-5.780017787227444970e+00 -5.735526127470905955e+00
-5.779647907292206455e+00 -5.735210706127790381e+00
-5.779282083327370145e+00 -5.734896222568296231e+00
-5.778920190348760144e+00 -5.734582673081574988e+00
-5.778562109155879867e+00 -5.734270053973573589e+00
-5.778207726009525480e+00 -5.733958361566962481e+00
-5.777856932329385131e+00 -5.733647592201072563e+00
-5.777509624410445355e+00 -5.733337742231807255e+00
-5.777165703156873278e+00 -5.733028808031587431e+00
-5.776825073832235979e+00 -5.732720785989249279e+00
-5.776631917632308877e+00 -5.731195778895079584e+00
-5.776445075119570838e+00 -5.729674806640106866e+00
-5.776264256397508845e+00 -5.728157857684514020e+00
-5.776089188093946447e+00 -5.726644920516746673e+00
-5.775919612273809456e+00 -5.725135983653504290e+00
-5.775755285429782226e+00 -5.723631035639741960e+00
-5.775595977545274096e+00 -5.722130065048711245e+00
-5.775441471224320722e+00 -5.720633060481914001e+00
-5.775291560883418995e+00 -5.719140010569173427e+00
-5.775146052000702745e+00 -5.717650903968592324e+00
-5.775004760418221750e+00 -5.716165729366559312e+00
-5.774867511693209998e+00 -5.714684475477780801e+00
-5.774734140494873991e+00 -5.713207131045249021e+00
-5.774604490043065752e+00 -5.711733684840232250e+00
-5.774478411585913129e+00 -5.710264125662325441e+00
-5.774355763913362694e+00 -5.708798442339389823e+00
-5.774236412904013349e+00 -5.707336623727565339e+00
-5.774120231102755518e+00 -5.705878658711280416e+00
-5.774007097326969706e+00 -5.704424536203212881e+00
-5.773896896299071990e+00 -5.702974245144322829e+00
-5.773789518303638069e+00 -5.701527774503788670e+00
-5.773684858867137670e+00 -5.700085113279044435e+00
-5.773582818458775634e+00 -5.698646250495728260e+00
-5.773483302210771662e+00 -5.697211175207702816e+00
-5.773386219656844176e+00 -5.695779876497008232e+00
-5.773291484487434566e+00 -5.694352343473878975e+00
-5.773199014320550049e+00 -5.692928565276679898e+00
-5.773108730487188645e+00 -5.691508531071944432e+00
-5.773020557830133015e+00 -5.690092230054309752e+00
-5.772934424515413276e+00 -5.688679651446522101e+00
-5.772850261855348997e+00 -5.687270784499390608e+00
-5.772768004142489140e+00 -5.685865618491804163e+00
-5.772687588493690569e+00 -5.684464142730658587e+00
-5.772608954703586370e+00 -5.683066346550880610e+00
-5.772532045106891552e+00 -5.681672219315369254e+00
-5.772456804448870216e+00 -5.680281750414979847e+00
-5.772383179763441952e+00 -5.678894929268501812e+00
-5.772311120258499351e+00 -5.677511745322624925e+00
-5.772240577207824686e+00 -5.676132188051915328e+00
-5.772171503849285124e+00 -5.674756246958780004e+00
-5.772103855288841956e+00 -5.673383911573452565e+00
-5.772037588410015907e+00 -5.672015171453927529e+00
-5.771972661788459469e+00 -5.670650016185966535e+00
-5.771909035611298755e+00 -5.669288435383059266e+00
-5.771846671600982859e+00 -5.667930418686363936e+00
-5.771785532943283670e+00 -5.666575955764705519e+00
-5.771725584219262295e+00 -5.665225036314514462e+00
-5.771666791340915204e+00 -5.663877650059809810e+00
-5.771609121490291372e+00 -5.662533786752169895e+00
-5.771552543061877039e+00 -5.661193436170674609e+00
-5.767288765946318563e+00 -5.659110723525416553e+00
-5.763032988975707482e+00 -5.657033975254134539e+00
-5.758785290379285549e+00 -5.654963174928704817e+00
-5.754545751380737428e+00 -5.652898306156032504e+00
-5.750314456363136983e+00 -5.650839352578038266e+00
-5.746091493044592546e+00 -5.648786297871730255e+00
-5.741876952665260880e+00 -5.646739125749148158e+00
-5.737670930186590468e+00 -5.644697819957417373e+00
-5.733473524503709839e+00 -5.642662364278724141e+00
-5.729284838671890867e+00 -5.640632742530330646e+00
-5.725104980148173262e+00 -5.638608938564584783e+00
-5.720934061049285368e+00 -5.636590936268882857e+00
-5.716772198427054974e+00 -5.634578719565698002e+00
-5.712619514562695677e+00 -5.632572272412534886e+00
-5.708476137281370377e+00 -5.630571578801935928e+00
-5.704342200288559539e+00 -5.628576622761475967e+00
-5.700217843529964412e+00 -5.626587388353724961e+00
-5.696103213576758861e+00 -5.624603859676231998e+00
-5.691998464038073635e+00 -5.622626020861503982e+00
-5.687903756002996580e+00 -5.620653856076989641e+00
-5.683819258514172468e+00 -5.618687349525033348e+00
-5.679745149075714039e+00 -5.616726485442864458e+00
-5.675681614197902292e+00 -5.614771248102571555e+00
-5.671628849981678044e+00 -5.612821621811022510e+00
-5.667587062746061832e+00 -5.610877590909904455e+00
-5.663556469701746643e+00 -5.608939139775622529e+00
-5.659537299674642696e+00 -5.607006252819286551e+00
-5.655529793883123268e+00 -5.605078914486688824e+00
-5.651534206773233926e+00 -5.603157109258230406e+00
-5.647550806916305177e+00 -5.601240821648883816e+00
-5.643579877973801118e+00 -5.599330036208182371e+00
-5.639621719734417837e+00 -5.597424737520132254e+00
-5.635676649228963164e+00 -5.595524910203194757e+00
-5.631745001928721628e+00 -5.593630538910202787e+00
-5.627827133033297180e+00 -5.591741608328362645e+00
-5.623923418854447576e+00 -5.589858103179163429e+00
-5.620034258302378127e+00 -5.587980008218337069e+00
-5.616160074481417297e+00 -5.586107308235805924e+00
-5.612301316402120932e+00 -5.584239988055637482e+00
-5.608458460816768465e+00 -5.582378032535965318e+00
-5.604632014185391142e+00 -5.580521426568968657e+00
-5.600822514779138395e+00 -5.578670155080782678e+00
-5.597030534927366574e+00 -5.576824203031463867e+00
-5.593256683414324471e+00 -5.574983555414924297e+00
-5.589501608030109203e+00 -5.573148197258871228e+00
-5.585765998279494049e+00 -5.571318113624757373e+00
-5.582050588249912515e+00 -5.569493289607687636e+00
-5.578356159637881007e+00 -5.567673710336427995e+00
-5.574683544929449397e+00 -5.565859360973266057e+00
-5.571033630726427432e+00 -5.564050226713992409e+00
-5.565694985892482904e+00 -5.562001342358811939e+00
-5.560367019452577608e+00 -5.559954562308183412e+00
-5.557909888457899683e+00 -5.557909888457897907e+00
-5.555867322697201516e+00 -5.555867322697197963e+00
-5.553826866908695870e+00 -5.553826866908694093e+00
-5.551788522968344353e+00 -5.551788522968342576e+00
-5.549752292745409932e+00 -5.549752292745408155e+00
-5.547718178102418740e+00 -5.547718178102411635e+00
-5.545686180895113893e+00 -5.545686180895111228e+00
-5.543656302972447492e+00 -5.543656302972443939e+00
-5.541628546176470493e+00 -5.541628546176470493e+00
-5.539602912342388663e+00 -5.539602912342383334e+00
-5.537579403298437342e+00 -5.537579403298433789e+00
-5.535558020865883222e+00 -5.535558020865883222e+00
-5.533538766858987046e+00 -5.533538766858982605e+00
-5.531521643084938766e+00 -5.531521643084933437e+00
-5.529506651343833568e+00 -5.529506651343832679e+00
-5.527493793428641666e+00 -5.527493793428640778e+00
-5.525483071125160350e+00 -5.525483071125160350e+00
-5.523474486211936707e+00 -5.523474486211933154e+00
-5.521468040460309368e+00 -5.521468040460308480e+00
-5.519463735634288604e+00 -5.519463735634286827e+00
-5.517461573490566984e+00 -5.517461573490566984e+00
-5.515461555778456315e+00 -5.515461555778454539e+00
-5.513463684239852114e+00 -5.513463684239845009e+00
-5.511467960609193639e+00 -5.511467960609188310e+00
-5.509474386613444352e+00 -5.509474386613442576e+00
-5.507482963972010204e+00 -5.507482963972008427e+00
-5.505493694396756510e+00 -5.505493694396753845e+00
-5.503506579591906700e+00 -5.503506579591904035e+00
-5.501521621254043204e+00 -5.501521621254041428e+00
-5.499538821072071038e+00 -5.499538821072068373e+00
-5.497558180727158295e+00 -5.497558180727158295e+00
-5.495579701892699731e+00 -5.495579701892699731e+00
-5.493603386234292785e+00 -5.493603386234291897e+00
-5.491629235409684284e+00 -5.491629235409681620e+00
-5.489657251068735810e+00 -5.489657251068732258e+00
-5.487687434853392610e+00 -5.487687434853385504e+00
-5.485719788397619645e+00 -5.485719788397618757e+00
-5.483754313327412255e+00 -5.483754313327407814e+00
-5.481791011260702895e+00 -5.481791011260701119e+00
-5.479829883807335378e+00 -5.479829883807332713e+00
-5.477870932569082640e+00 -5.477870932569081752e+00
-5.475914159139517956e+00 -5.475914159139516180e+00
-5.473959565104034475e+00 -5.473959565104031810e+00
-5.472007152039811473e+00 -5.472007152039810585e+00
-5.470056921515736192e+00 -5.470056921515735304e+00
-5.468108875092410059e+00 -5.468108875092408283e+00
-5.466163014322071412e+00 -5.466163014322069635e+00
-5.464219340748583065e+00 -5.464219340748581288e+00
