-1.229430850779453591e-02 -4.149047047668747747e-03
-2.458861701558907181e-02 -8.298094095337495493e-03
-3.688292552338364588e-02 -1.244714114300624064e-02
-4.917723403117814363e-02 -1.659618819067499099e-02
-6.147154253897259280e-02 -2.074523523834373787e-02
-7.376585104676729177e-02 -2.489428228601248128e-02
-8.606015955456175481e-02 -2.904332933368127326e-02
-9.835446806235628725e-02 -3.319237638134998197e-02
-1.106487765701506948e-01 -3.734142342901877742e-02
-1.229430850779451856e-01 -4.149047047668747573e-02
-1.352373935857398013e-01 -4.563951752435624343e-02
-1.475317020935345835e-01 -4.978856457202496255e-02
-1.598260106013286996e-01 -5.393761161969384127e-02
-1.721203191091235096e-01 -5.808665866736254652e-02
-1.844146276169179310e-01 -6.223570571503118931e-02
-1.967089361247125745e-01 -6.638475276269996395e-02
-2.090032446325071902e-01 -7.053379981036878021e-02
-2.212975531403013896e-01 -7.468284685803755485e-02
-2.335918616480960053e-01 -7.883189390570635724e-02
-2.458861701558903712e-01 -8.298094095337495146e-02
-2.581804786636854310e-01 -8.712998800104368446e-02
-2.704747871714796026e-01 -9.127903504871248686e-02
-2.827690956792741073e-01 -9.542808209638124761e-02
-2.950634041870691671e-01 -9.957712914404992510e-02
-3.073577126948634497e-01 -1.037261761917188524e-01
-3.196520212026573993e-01 -1.078752232393876825e-01
-3.319463297104527921e-01 -1.120242702870562906e-01
-3.442406382182470193e-01 -1.161733173347250930e-01
-3.565349467260415239e-01 -1.203223643823936595e-01
-3.688292552338358621e-01 -1.244714114300623786e-01
-3.811235637416304223e-01 -1.286204584777311810e-01
-3.934178722494251490e-01 -1.327695055253999279e-01
-4.057121807572195427e-01 -1.369185525730687858e-01
-4.180064892650143804e-01 -1.410675996207375604e-01
-4.303007977728088296e-01 -1.452166466684064183e-01
-4.425951062806027791e-01 -1.493656937160751097e-01
-4.548894147883975614e-01 -1.535147407637434680e-01
-4.671837232961920106e-01 -1.576637878114127145e-01
-4.794780318039867928e-01 -1.618128348590811560e-01
-4.917723403117807424e-01 -1.659618819067499029e-01
-5.040666488195755246e-01 -1.701109289544185110e-01
-5.163609573273708619e-01 -1.742599760020873689e-01
-5.286552658351649780e-01 -1.784090230497563934e-01
-5.409495743429592052e-01 -1.825580700974249737e-01
-5.532438828507530992e-01 -1.867071171450938871e-01
-5.655381913585482145e-01 -1.908561641927624952e-01
-5.778324998663426637e-01 -1.950052112404312976e-01
-5.901268083741383341e-01 -1.991542582880998502e-01
-6.024211168819320061e-01 -2.033033053357689579e-01
-6.147154253897268994e-01 -2.074523523834377048e-01
-6.189259987644994965e-01 -2.172281495459744138e-01
-6.233686968463875155e-01 -2.295213264800443909e-01
-6.280574619091847666e-01 -2.418159117470319863e-01
-6.330067104906886843e-01 -2.541107028688379676e-01
-6.382312497884514713e-01 -2.664054517445449410e-01
-6.437461708530662907e-01 -2.787000556896351844e-01
-6.495667169938753593e-01 -2.909944524362428342e-01
-6.557081266498566707e-01 -3.032885952983852551e-01
-6.621854511220516271e-01 -3.155824457822136719e-01
-6.690133490058937094e-01 -3.278759714478666210e-01
-6.762058608552874439e-01 -3.401691457000813323e-01
-6.837761694587943806e-01 -3.524619483543187104e-01
-6.917363529643890674e-01 -3.647543664877834213e-01
-7.000971397596069679e-01 -3.770463953694890291e-01
-7.088676752780171952e-01 -3.893380397224835421e-01
-7.180553115422468879e-01 -4.016293207537086629e-01
-7.276654300893692362e-01 -4.139215259999460828e-01
-7.377013078565612947e-01 -4.262161003611714682e-01
-7.481640336439258077e-01 -4.385107067113793722e-01
-7.590524800525428883e-01 -4.508053174929919638e-01
-7.703633325690412148e-01 -4.630999303113326748e-01
-7.820911740643259336e-01 -4.753945444661994979e-01
-7.942286197537773429e-01 -4.876891596340823809e-01
-8.067664949591110135e-01 -4.999837756232710650e-01
-8.196940460665008699e-01 -5.122783923026696939e-01
-8.329991740242188580e-01 -5.245730095747258570e-01
-8.466686795744611249e-01 -5.368676273629987561e-01
-8.606885100663808075e-01 -5.491622456055531565e-01
-8.750439989709904998e-01 -5.614568642510615604e-01
-8.897200908942256570e-01 -5.737514832562863321e-01
-9.047015467421061219e-01 -5.860461025843615168e-01
-9.199731255388522433e-01 -5.983407222035395101e-01
-9.355197410883322462e-01 -6.106353420862699055e-01
-9.513265931062480085e-01 -6.229299622084831789e-01
-9.673792735881718841e-01 -6.352245825490356879e-01
-9.836638500111949401e-01 -6.475192030892492623e-01
-1.000166927515930393e+00 -6.598138238125581534e-01
-1.016875692521214791e+00 -6.721084447042120491e-01
-1.033777940333566514e+00 -6.844030657510182802e-01
-1.050862089275164557e+00 -6.966976869411494189e-01
-1.068117183713150009e+00 -7.089923082639584262e-01
-1.085532888166019561e+00 -7.212869297098383203e-01
-1.103099474421220805e+00 -7.335815512700941676e-01
-1.120807803343930376e+00 -7.458761729368347249e-01
-1.138649302806762575e+00 -7.581707947028896166e-01
-1.156615942935042440e+00 -7.704654165617165207e-01
-1.174700209647986160e+00 -7.827600385073381073e-01
-1.192895077286490135e+00 -7.950546605342847517e-01
-1.211193980953373606e+00 -8.073492826375333609e-01
-1.229590789051897115e+00 -8.196439048124755100e-01
-1.230285970862925460e+00 -8.237684984947578615e-01
-1.230997963148860119e+00 -8.278931762868108057e-01
-1.231727346200704343e+00 -8.320178540788644161e-01
-1.232474725257898474e+00 -8.361425318709273524e-01
-1.233240731730788742e+00 -8.402672096629918430e-01
-1.234026024485259221e+00 -8.443918874550624398e-01
-1.234831291192130864e+00 -8.485165652471348130e-01
-1.235657249744182673e+00 -8.526412430392129593e-01
-1.236504649743366935e+00 -8.567659208312889962e-01
-1.237374274060943247e+00 -8.608905986233700292e-01
-1.238266940473131239e+00 -8.650152764154603879e-01
-1.239183503374731155e+00 -8.691399542075517459e-01
-1.240124855573036644e+00 -8.732646319996457684e-01
-1.241091930164116786e+00 -8.773893097917406791e-01
-1.242085702493342492e+00 -8.815139875838449157e-01
-1.243107192201565736e+00 -8.856386653759488192e-01
-1.244157465357963455e+00 -8.897633431680583849e-01
-1.245237636680042170e+00 -8.938880209601706150e-01
-1.246348871840543771e+00 -8.980126987522862869e-01
-1.247492389860345385e+00 -9.021373765444036241e-01
-1.248669465585184435e+00 -9.062620543365305092e-01
-1.249881432243385992e+00 -9.103867321286563952e-01
-1.251129684079876236e+00 -9.145114099207880543e-01
-1.252415679060644660e+00 -9.186360877129224889e-01
-1.253740941639847950e+00 -9.227607655050644730e-01
-1.255107065579544656e+00 -9.268854432972043478e-01
-1.256515716809906147e+00 -9.310101210893509949e-01
-1.257968636314754418e+00 -9.351347988814993073e-01
-1.259467643024387407e+00 -9.392594766736496181e-01
-1.261014636694007152e+00 -9.433841544658063683e-01
-1.262611600742163942e+00 -9.475088322579678923e-01
-1.264260605019368766e+00 -9.516335100501295274e-01
-1.265963808472040819e+00 -9.557581878422996002e-01
-1.267723461661779849e+00 -9.598828656344681187e-01
-1.269541909094131116e+00 -9.640075434266434096e-01
-1.271421591304824128e+00 -9.681322212188255838e-01
-1.273365046644915788e+00 -9.722568990110018738e-01
-1.275374912699300367e+00 -9.763815768031922637e-01
-1.277453927265856048e+00 -9.805062545953806552e-01
-1.279604928815330833e+00 -9.846309323875731545e-01
-1.281830856344843284e+00 -9.887556101797693175e-01
-1.284134748530927572e+00 -9.928802879719677010e-01
-1.286519742081936313e+00 -9.970049657641769647e-01
-1.288989069183940517e+00 -1.001129643556379456e+00
-1.291546053930588300e+00 -1.005254321348593383e+00
-1.294194107624614842e+00 -1.009378999140808197e+00
-1.296936722839108880e+00 -1.013503676933024344e+00
-1.299777466129097281e+00 -1.017628354725248929e+00
-1.302719969290470736e+00 -1.021753032517470627e+00
-1.305767919073243188e+00 -1.025877710309701651e+00
-1.308574668584615797e+00 -1.038145894931065571e+00
-1.311467694473384737e+00 -1.050414079552440372e+00
-1.314450351719489651e+00 -1.062682264173832269e+00
-1.317526127187832463e+00 -1.074950448795245039e+00
-1.320698642501317410e+00 -1.087218633416664693e+00
-1.323971656563173838e+00 -1.099486818038099001e+00
-1.327349067654344239e+00 -1.111755002659546410e+00
-1.330834915024003084e+00 -1.124023187281003366e+00
-1.334433379883191995e+00 -1.136291371902470315e+00
-1.338148785703354271e+00 -1.148559556523963687e+00
-1.341985597713744038e+00 -1.160827741145449288e+00
-1.345948421484050694e+00 -1.173095925766946657e+00
-1.350042000471740611e+00 -1.185364110388463788e+00
-1.354271212407802016e+00 -1.197632295009980030e+00
-1.358641064390175845e+00 -1.209900479631506265e+00
-1.363156686551704633e+00 -1.222168664253043824e+00
-1.367823324169193722e+00 -1.234436848874588932e+00
-1.372646328083225065e+00 -1.246705033496137371e+00
-1.377631143304553607e+00 -1.258973218117696469e+00
-1.382783295693535086e+00 -1.271241402739261339e+00
-1.388108376614137329e+00 -1.283509587360831095e+00
-1.393612025484490147e+00 -1.295777771982407733e+00
-1.399299910172064898e+00 -1.308045956603990589e+00
-1.405177705213366268e+00 -1.320314141225582327e+00
-1.411251067876256871e+00 -1.332582325847174731e+00
-1.417525612126819157e+00 -1.344850510468775351e+00
-1.424006880612160408e+00 -1.357118695090381300e+00
-1.430700314824788766e+00 -1.369386879711991245e+00
-1.437611223671757532e+00 -1.381655064333604743e+00
-1.444744750731842942e+00 -1.393923248955220684e+00
-1.452105840543768567e+00 -1.406191433576842176e+00
-1.459699204326507349e+00 -1.418459618198469441e+00
-1.467529285585928323e+00 -1.430727802820102479e+00
-1.475600226107960156e+00 -1.442995987441734629e+00
-1.483915832874435292e+00 -1.455264172063374550e+00
-1.492479546460985462e+00 -1.467532356685011807e+00
-1.501294411484752400e+00 -1.479800541306658168e+00
-1.510363049661349155e+00 -1.492068725928307416e+00
-1.519687636004309450e+00 -1.504336910549957107e+00
-1.529269878656085213e+00 -1.516605095171615902e+00
-1.539111002777824311e+00 -1.528873279793271145e+00
-1.549211738847638964e+00 -1.541141464414937046e+00
-1.559572315625795014e+00 -1.553409649036594731e+00
-1.570192457944147524e+00 -1.565677833658266849e+00
-1.581071389369476776e+00 -1.577946018279932971e+00
-1.592207839680794601e+00 -1.590214202901604867e+00
-1.603600056993635503e+00 -1.602482387523281426e+00
-1.615245824263772612e+00 -1.614750572144958429e+00
-1.627142479812818898e+00 -1.627018756766634322e+00
-1.639286941442057888e+00 -1.639286941388317098e+00
-1.639286941442096079e+00 -1.639286941388355290e+00
-1.639286941442135825e+00 -1.639286941388387042e+00
-1.639286941442170020e+00 -1.639286941388428565e+00
-1.639286941442215095e+00 -1.639286941388466978e+00
-1.639286941442251511e+00 -1.639286941388501839e+00
-1.639286941442294365e+00 -1.639286941388543806e+00
-1.639286941442330559e+00 -1.639286941388581997e+00
-1.639286941442370749e+00 -1.639286941388621299e+00
-1.639286941442414491e+00 -1.639286941388654384e+00
-1.639286941442446466e+00 -1.639286941388703456e+00
-1.639286941442487988e+00 -1.639286941388740981e+00
-1.639286941442528400e+00 -1.639286941388777397e+00
-1.639286941442570145e+00 -1.639286941388813812e+00
-1.639286941442615220e+00 -1.639286941388858887e+00
-1.639286941442657852e+00 -1.639286941388898411e+00
-1.639286941442698708e+00 -1.639286941388941266e+00
-1.639286941442739565e+00 -1.639286941388982566e+00
-1.639286941442783085e+00 -1.639286941389016761e+00
-1.639286941442824386e+00 -1.639286941389060948e+00
-1.639286941442870127e+00 -1.639286941389103358e+00
-1.639286941442911205e+00 -1.639286941389143104e+00
-1.639286941442956058e+00 -1.639286941389185737e+00
-1.639286941443001133e+00 -1.639286941389230812e+00
-1.639286941443037771e+00 -1.639286941389272112e+00
-1.639286941443086620e+00 -1.639286941389314078e+00
-1.639286941443132584e+00 -1.639286941389359598e+00
-1.639286941443180323e+00 -1.639286941389401786e+00
-1.639286941443226286e+00 -1.639286941389447971e+00
-1.639286941443268697e+00 -1.639286941389496377e+00
-1.639286941443315770e+00 -1.639286941389538788e+00
-1.639286941443362622e+00 -1.639286941389584085e+00
-1.639286941443409473e+00 -1.639286941389629160e+00
-1.639286941443454770e+00 -1.639286941389680452e+00
-1.639286941443503620e+00 -1.639286941389722196e+00
-1.639286941443548695e+00 -1.639286941389766161e+00
-1.639286941443597767e+00 -1.639286941389817898e+00
-1.639286941443649059e+00 -1.639286941389862973e+00
-1.639286941443699686e+00 -1.639286941389907826e+00
-1.639286941443748091e+00 -1.639286941389965335e+00
-1.639286941443802714e+00 -1.639286941390005303e+00
-1.639286941443853340e+00 -1.639286941390055929e+00
-1.639286941443904411e+00 -1.639286941390110108e+00
-1.639286941443955925e+00 -1.639286941390156516e+00
-1.639286941444010548e+00 -1.639286941390203811e+00
-1.639286941444056511e+00 -1.639286941390251773e+00
-1.639286941444114687e+00 -1.639286941390310393e+00
-1.639286941444171308e+00 -1.639286941390359686e+00
-1.639286941444220602e+00 -1.639286941390415420e+00
-1.639286941444275225e+00 -1.639286941390465602e+00
-1.639286941444328294e+00 -1.639286941390516450e+00
-1.639286941444493939e+00 -1.639286941390671881e+00
-1.639286941444656254e+00 -1.639286941390837526e+00
-1.639286941444823009e+00 -1.639286941390998953e+00
-1.639286941445003531e+00 -1.639286941391172148e+00
-1.639286941445184942e+00 -1.639286941391347785e+00
-1.639286941445368129e+00 -1.639286941391528973e+00
-1.639286941445553980e+00 -1.639286941391718821e+00
-1.639286941445744938e+00 -1.639286941391911112e+00
-1.639286941445943224e+00 -1.639286941392096519e+00
-1.639286941446143064e+00 -1.639286941392298358e+00
-1.639286941446355783e+00 -1.639286941392503527e+00
-1.639286941446564727e+00 -1.639286941392712915e+00
-1.639286941446780776e+00 -1.639286941392928298e+00
-1.639286941447009927e+00 -1.639286941393148567e+00
-1.639286941447240409e+00 -1.639286941393376384e+00
-1.639286941447483326e+00 -1.639286941393614416e+00
-1.639286941447726909e+00 -1.639286941393864439e+00
-1.639286941447982038e+00 -1.639286941394108021e+00
-1.639286941448241386e+00 -1.639286941394365815e+00
-1.639286941448511170e+00 -1.639286941394637598e+00
-1.639286941448787838e+00 -1.639286941394913599e+00
-1.639286941449071389e+00 -1.639286941395188046e+00
-1.639286941449365376e+00 -1.639286941395482033e+00
-1.639286941449676460e+00 -1.639286941395788899e+00
-1.639286941449983104e+00 -1.639286941396097763e+00
-1.639286941450309065e+00 -1.639286941396419506e+00
-1.639286941450649238e+00 -1.639286941396752795e+00
-1.639286941451002066e+00 -1.639286941397099406e+00
-1.639286941451362889e+00 -1.639286941397459119e+00
-1.639286941451740587e+00 -1.639286941397832154e+00
-1.639286941452130275e+00 -1.639286941398209407e+00
-1.639286941452533508e+00 -1.639286941398611086e+00
-1.639286941452949398e+00 -1.639286941399028974e+00
-1.639286941453388824e+00 -1.639286941399459518e+00
-1.639286941453842905e+00 -1.639286941399904274e+00
-1.639286941454311863e+00 -1.639286941400380337e+00
-1.639286941454810353e+00 -1.639286941400862174e+00
-1.639286941455324609e+00 -1.639286941401367992e+00
-1.639286941455858626e+00 -1.639286941401900233e+00
-1.639286941456414404e+00 -1.639286941402447351e+00
-1.639286941457001712e+00 -1.639286941403023112e+00
-1.639286941457613000e+00 -1.639286941403635289e+00
-1.639286941458258706e+00 -1.639286941404261677e+00
-1.639286941458925284e+00 -1.639286941404936915e+00
-1.639286941459638269e+00 -1.639286941405640796e+00
-1.639286941460372571e+00 -1.639286941406371323e+00
-1.639286941461159275e+00 -1.639286941407150922e+00
-1.639286941461982172e+00 -1.639286941407967380e+00
-1.639286941462861913e+00 -1.639286941408827802e+00
-1.639286941463792058e+00 -1.639286941409740406e+00
-1.639286947491091384e+00 -1.639286947437037734e+00
-1.639286953632646426e+00 -1.639286953578596995e+00
-1.639286959891737894e+00 -1.639286959837690238e+00
-1.639286966271786605e+00 -1.639286966217734509e+00
-1.639286972776314855e+00 -1.639286972722258762e+00
-1.639286979409004363e+00 -1.639286979354941165e+00
-1.639286986173680294e+00 -1.639286986119621758e+00
-1.639286993074340559e+00 -1.639286993020275585e+00
-1.639287000115102089e+00 -1.639287000061034671e+00
-1.639287007300293642e+00 -1.639287007246209127e+00
-1.639287014634392525e+00 -1.639287014580307789e+00
-1.639287022122074555e+00 -1.639287022067990041e+00
-1.639287029768224047e+00 -1.639287029714137756e+00
-1.639287037577924711e+00 -1.639287037523827095e+00
-1.639287045556480527e+00 -1.639287045502377804e+00
-1.639287053709424624e+00 -1.639287053655313908e+00
-1.639287062042530163e+00 -1.639287061988420779e+00
-1.639287070561857185e+00 -1.639287070507740696e+00
-1.639287079273695769e+00 -1.639287079219573506e+00
-1.639287088184663510e+00 -1.639287088130529924e+00
-1.639287097301660445e+00 -1.639287097247521086e+00
-1.639287106631901692e+00 -1.639287106577761666e+00
-1.639287116182986281e+00 -1.639287116128826938e+00
-1.639287125962815450e+00 -1.639287125908653886e+00
-1.639287135979733412e+00 -1.639287135925555638e+00
-1.639287146242446980e+00 -1.639287146188268762e+00
-1.639287156760130815e+00 -1.639287156705947934e+00
-1.639287167542410328e+00 -1.639287167488206798e+00
-1.639287178599368344e+00 -1.639287178545161039e+00
-1.639287189941680545e+00 -1.639287189887447260e+00
-1.639287201580499342e+00 -1.639287201526261617e+00
-1.639287213527623743e+00 -1.639287213473369809e+00
-1.639287225795464265e+00 -1.639287225741193232e+00
-1.639287238397115543e+00 -1.639287238342821640e+00
-1.639287251346379204e+00 -1.639287251292064429e+00
-1.639287264657850685e+00 -1.639287264603521033e+00
-1.639287278346932109e+00 -1.639287278292580252e+00
-1.639287292429936205e+00 -1.639287292375556593e+00
-1.639287306924109622e+00 -1.639287306869693372e+00
-1.639287321847718859e+00 -1.639287321793272412e+00
-1.639287337220148411e+00 -1.639287337165659997e+00
-1.639287353061944730e+00 -1.639287353007400361e+00
-1.639287369394951011e+00 -1.639287369340354017e+00
-1.639287386242351596e+00 -1.639287386187691764e+00
-1.639287403628872042e+00 -1.639287403574126945e+00
-1.639287421580787774e+00 -1.639287421525944755e+00
-1.639287440126150797e+00 -1.639287440071186097e+00
-1.639287459294892502e+00 -1.639287459239758604e+00
-1.639287479119003743e+00 -1.639287479063641362e+00
-1.639287499632694267e+00 -1.639287499577006590e+00
-1.639287499632705369e+00 -1.639287499577007035e+00
-1.639287499632713141e+00 -1.639287499577017027e+00
-1.639287499632720690e+00 -1.639287499577010809e+00
-1.639287499632738010e+00 -1.639287499577016138e+00
-1.639287499632744227e+00 -1.639287499577008367e+00
-1.639287499632758882e+00 -1.639287499577012586e+00
-1.639287499632772427e+00 -1.639287499577011253e+00
-1.639287499632775980e+00 -1.639287499577014584e+00
-1.639287499632790412e+00 -1.639287499577017027e+00
-1.639287499632802847e+00 -1.639287499577016805e+00
-1.639287499632817280e+00 -1.639287499577017027e+00
-1.639287499632827272e+00 -1.639287499577017693e+00
-1.639287499632847256e+00 -1.639287499577011920e+00
-1.639287499632861911e+00 -1.639287499577016805e+00
-1.639287499632873457e+00 -1.639287499577021023e+00
-1.639287499632890110e+00 -1.639287499577022356e+00
-1.639287499632909206e+00 -1.639287499577025020e+00
-1.639287499632926970e+00 -1.639287499577021023e+00
-1.639287499632946288e+00 -1.639287499577019913e+00
-1.639287499632976486e+00 -1.639287499577026574e+00
-1.639287499633000689e+00 -1.639287499577027685e+00
-1.639287499633020451e+00 -1.639287499577024132e+00
-1.639287499633049094e+00 -1.639287499577028129e+00
-1.639287499633064860e+00 -1.639287499577029239e+00
-1.639287499633101053e+00 -1.639287499577031459e+00
-1.639287499633119261e+00 -1.639287499577031904e+00
-1.639287499633160339e+00 -1.639287499577035012e+00
-1.639287499633193645e+00 -1.639287499577041451e+00
-1.639287499633239831e+00 -1.639287499577038565e+00
-1.639287499633265588e+00 -1.639287499577033458e+00
-1.639287499633316658e+00 -1.639287499577034346e+00
-1.639287499633361067e+00 -1.639287499577041007e+00
-1.639287499633412803e+00 -1.639287499577044338e+00
-1.639287499633466760e+00 -1.639287499577043894e+00
-1.639287499633538037e+00 -1.639287499577053886e+00
-1.639287499633607315e+00 -1.639287499577044782e+00
-1.639287499633678591e+00 -1.639287499577050777e+00
-1.639287499633764078e+00 -1.639287499577056328e+00
-1.639287499633861334e+00 -1.639287499577052998e+00
-1.639287499633967249e+00 -1.639287499577060547e+00
-1.639287499634103362e+00 -1.639287499577060103e+00
-1.639287499634246581e+00 -1.639287499577061213e+00
-1.639287499634417555e+00 -1.639287499577068097e+00
-1.639287499634621614e+00 -1.639287499577070761e+00
-1.639287499634867862e+00 -1.639287499577067431e+00
-1.639287499635168510e+00 -1.639287499577078755e+00
-1.639287499635552203e+00 -1.639287499577077423e+00
-1.639287499636055800e+00 -1.639287499577084306e+00
-1.639287499636745915e+00 -1.639287499577083196e+00
-1.639287499637729795e+00 -1.639287499577088747e+00
-1.639287804890048550e+00 -1.639287800912242909e+00
-1.639288681954986782e+00 -1.639288651111183936e+00
-1.639326864020890673e+00 -1.639313094889303324e+00
-1.642762079980228052e+00 -1.642628476621222466e+00
-1.646359167939552837e+00 -1.646192113343628360e+00
-1.649960809936817041e+00 -1.649761034047067643e+00
-1.656133073141529355e+00 -1.653549555765276402e+00
-1.663525088521902839e+00 -1.657148485279355876e+00
-1.670949501422322125e+00 -1.660746286933507010e+00
-1.678404300296649776e+00 -1.664343890463595876e+00
-1.685888988154252033e+00 -1.667941428145483185e+00
-1.693403255859648793e+00 -1.671538937405793179e+00
-1.700946841624674244e+00 -1.675136432464299441e+00
-1.708519499895313043e+00 -1.678733919734246571e+00
-1.716120991725434530e+00 -1.682331402456492819e+00
-1.723751081148973352e+00 -1.685928882407441654e+00
-1.731409533629799880e+00 -1.689526360621991685e+00
-1.739096115346953297e+00 -1.693123837732200654e+00
-1.746810592854401545e+00 -1.696721314138794012e+00
-1.754552732923436498e+00 -1.700318790103590549e+00
-1.762322302480015868e+00 -1.703916265801810104e+00
-1.770119068594004030e+00 -1.707513741353057446e+00
-1.777942798497800458e+00 -1.711111216840246696e+00
-1.785793259622076690e+00 -1.714708692321524675e+00
-1.793670219641476660e+00 -1.718306167838029141e+00
-1.801573446526093747e+00 -1.721903643419025354e+00
-1.809502708596139708e+00 -1.725501119085347312e+00
-1.817457774578139285e+00 -1.729098594851755211e+00
-1.825438413661627068e+00 -1.732696070728665605e+00
-1.833444395555574147e+00 -1.736293546723294279e+00
-1.841475490544188798e+00 -1.739891022840480028e+00
-1.849531469541652262e+00 -1.743488499083310606e+00
-1.857612104145590859e+00 -1.747085975453618767e+00
-1.865717166689200290e+00 -1.750683451952228298e+00
-1.873846430291870258e+00 -1.754280928579275756e+00
-1.881999668908191925e+00 -1.757878405334341032e+00
-1.890176657375369329e+00 -1.761475882216632982e+00
-1.898377171459023183e+00 -1.765073359225048266e+00
-1.906600987897238975e+00 -1.768670836358295917e+00
-1.914847884443059201e+00 -1.772268313614917989e+00
-1.923117639905193688e+00 -1.775865790993354842e+00
-1.931410034187180491e+00 -1.779463268491997097e+00
-1.939724848324799300e+00 -1.783060746109192074e+00
-1.948061864521942299e+00 -1.786658223843242244e+00
-1.956420866184809260e+00 -1.790255701692496038e+00
-1.964801637954553426e+00 -1.793853179655264363e+00
-1.973203965738371535e+00 -1.797450657729907197e+00
-1.981627636739019316e+00 -1.801048135914800730e+00
-1.990072439482848621e+00 -1.804645614208350235e+00
-1.998538163846373283e+00 -1.808243092608995184e+00
-2.004264586062278752e+00 -1.811807150763359742e+00
-2.010021956384383746e+00 -1.815371209091287685e+00
-2.015810236193772198e+00 -1.818935267587243665e+00
-2.021629383853015938e+00 -1.822499326246012963e+00
-2.027479354726807070e+00 -1.826063385062691280e+00
-2.033360101203973702e+00 -1.829627444032609462e+00
-2.039271572720906534e+00 -1.833191503151349933e+00
-2.045213715786323938e+00 -1.836755562414737364e+00
-2.051186474007380856e+00 -1.840319621818788498e+00
-2.057189788117090856e+00 -1.843883681359733684e+00
-2.063223596003036509e+00 -1.847447741033960034e+00
-2.069287832737287669e+00 -1.851011800838047394e+00
-2.075382430607559225e+00 -1.854575860768727713e+00
-2.081507319149535462e+00 -1.858139920822881486e+00
-2.087662425180340620e+00 -1.861703980997525987e+00
-2.093847672833112128e+00 -1.865268041289818157e+00
-2.100062983592599242e+00 -1.868832101697026404e+00
-2.106308276331922968e+00 -1.872396162216564575e+00
-2.112583467350135358e+00 -1.875960222845900027e+00
-2.118888470410909886e+00 -1.879524283582677535e+00
-2.125223196782046298e+00 -1.883088344424566740e+00
-2.131587555275841872e+00 -1.886652405369374952e+00
-2.137981452290352635e+00 -1.890216466414985197e+00
-2.144404791851410419e+00 -1.893780527559367766e+00
-2.150857475655385542e+00 -1.897344588800556009e+00
-2.157339403112641829e+00 -1.900908650136676092e+00
-2.163850471391695507e+00 -1.904472711565913468e+00
-2.170390575463991834e+00 -1.908036773086522198e+00
-2.176959608149187986e+00 -1.911600834696827844e+00
-2.183557460161064778e+00 -1.915164896395202598e+00
-2.190184020153920219e+00 -1.918728958180088151e+00
-2.196839174769313896e+00 -1.922293020049976597e+00
-2.203522808683379353e+00 -1.925857082003420429e+00
-2.210234804654374052e+00 -1.929421144039011882e+00
-2.216975043570615256e+00 -1.932985206155398927e+00
-2.223743404498731202e+00 -1.936549268351268838e+00
-2.230539764732045516e+00 -1.940113330625350851e+00
-2.237363999839305340e+00 -1.943677392976433937e+00
-2.244215983713494733e+00 -1.947241455403318833e+00
-2.251095588620765309e+00 -1.950805517904882658e+00
-2.258002685249521413e+00 -1.954369580479992097e+00
-2.264937142759452904e+00 -1.957933643127599987e+00
-2.271898828830747341e+00 -1.961497705846645623e+00
-2.278887609713051265e+00 -1.965061768636138906e+00
-2.285903350274564261e+00 -1.968625831495101064e+00
-2.292945914050986467e+00 -1.972189894422596623e+00
-2.300015163294268472e+00 -1.975753957417709872e+00
-2.307110959021322572e+00 -1.979318020479582607e+00
-2.314233161062402289e+00 -1.982882083607493184e+00
-2.321381628109379758e+00 -1.986446151082755129e+00
-2.321381628211591774e+00 -1.986446151186171516e+00
-2.321381628316241397e+00 -1.986446151293500550e+00
-2.321381628423400123e+00 -1.986446151404969163e+00
-2.321381628533141672e+00 -1.986446151520828041e+00
-2.321381628645577511e+00 -1.986446151641345192e+00
-2.321381628760814664e+00 -1.986446151766797064e+00
-2.321381628878936176e+00 -1.988598469692685500e+00
-2.321381629000072166e+00 -1.992211962159082139e+00
-2.321381629124342094e+00 -1.995825454682645494e+00
-2.321381629251852097e+00 -1.999438947263577182e+00
-2.321381629382727407e+00 -2.003052439902220261e+00
-2.321381629517121237e+00 -2.006665932599008606e+00
-2.321381629655165479e+00 -2.010279425354427829e+00
-2.321381629797013346e+00 -2.013892918169008617e+00
-2.321381629942826486e+00 -2.017506411043316739e+00
-2.321381630092781201e+00 -2.021119903977957932e+00
-2.321381630247044026e+00 -2.024733396973545041e+00
-2.321381630405803698e+00 -2.028346890030732208e+00
-2.321381630569271159e+00 -2.031960383150209548e+00
-2.321381630737651580e+00 -2.035573876332628984e+00
-2.321381630911156790e+00 -2.039187369578757014e+00
-2.321381631090044362e+00 -2.042800862889311730e+00
-2.321381631274566537e+00 -2.046414356265062739e+00
-2.321381631464985773e+00 -2.050027849706805849e+00
-2.321381631661591616e+00 -2.053641343215346193e+00
-2.321381631864690043e+00 -2.057254836791543529e+00
-2.321381632074616341e+00 -2.060868330436244289e+00
-2.321381632291701358e+00 -2.064481824150349087e+00
-2.321381632516339444e+00 -2.068095317934786515e+00
-2.321381632748915624e+00 -2.071708811790493154e+00
-2.321381632989869992e+00 -2.075322305718459770e+00
-2.321381633239658182e+00 -2.078935799719689559e+00
-2.321381633498780239e+00 -2.082549293795232348e+00
-2.321381633767757968e+00 -2.086162787946154840e+00
-2.321381634047163356e+00 -2.089776282173565480e+00
-2.321381634337639444e+00 -2.093389776478634889e+00
-2.321381634639821279e+00 -2.097003270862519919e+00
-2.321381634954463369e+00 -2.100616765326455582e+00
-2.321381635282335321e+00 -2.104230259871696429e+00
-2.321381635624305328e+00 -2.107843754499560962e+00
-2.321381635981277558e+00 -2.111457249211387666e+00
-2.321381636354281408e+00 -2.115070744008564319e+00
-2.321381636744418220e+00 -2.118684238892551086e+00
-2.321381637152871491e+00 -2.122297733864816127e+00
-2.321381637581001911e+00 -2.125911228926921304e+00
-2.321381638030244332e+00 -2.129524724080455567e+00
-2.321381638502209466e+00 -2.133138219327074481e+00
-2.321381638998650576e+00 -2.136751714668490010e+00
-2.321381639521530982e+00 -2.140365210106473182e+00
-2.321381640073033381e+00 -2.143978705642854976e+00
-2.321381640178772798e+00 -2.147526761323403033e+00
-2.321381640287013326e+00 -2.151074817064467126e+00
-2.321381640397841117e+00 -2.154622872866498451e+00
-2.321381640511364086e+00 -2.158170928729935767e+00
-2.321381640627658172e+00 -2.161718984655268461e+00
-2.321381640746854380e+00 -2.165267040642946839e+00
-2.321381640869042418e+00 -2.168815096693484268e+00
-2.321381640994343076e+00 -2.172363152807363473e+00
-2.321381641122875816e+00 -2.175911208985112477e+00
-2.321381641254761430e+00 -2.179459265227263742e+00
-2.321381641390151351e+00 -2.183007321534344847e+00
-2.321381641529159712e+00 -2.186555377906930442e+00
-2.321381641671972140e+00 -2.190103434345592515e+00
-2.321381641818692110e+00 -2.193651490850903496e+00
-2.321381641969523901e+00 -2.197199547423483335e+00
-2.321381642124644706e+00 -2.200747604063949758e+00
-2.321381642284223723e+00 -2.204295660772950249e+00
-2.321381642448458571e+00 -2.207843717551122964e+00
-2.321381642617554419e+00 -2.211391774399146914e+00
-2.321381642791731537e+00 -2.214939831317736640e+00
-2.321381642971228842e+00 -2.218487888307580924e+00
-2.321381643156280816e+00 -2.222035945369440935e+00
-2.321381643347163681e+00 -2.225584002504050751e+00
-2.321381643544159434e+00 -2.229132059712200853e+00
-2.321381643747543411e+00 -2.232680116994683939e+00
-2.321381643957648677e+00 -2.236228174352338005e+00
-2.321381644174831393e+00 -2.239776231786009930e+00
-2.321381644399410416e+00 -2.243324289296578122e+00
-2.321381644631813845e+00 -2.246872346884930760e+00
-2.321381644872435146e+00 -2.250420404552012865e+00
-2.321381645121716630e+00 -2.253968462298784559e+00
-2.321381645380153014e+00 -2.257516520126234827e+00
-2.321381645648228798e+00 -2.261064578035382855e+00
-2.321381645926519077e+00 -2.264612636027282466e+00
-2.321381646215616712e+00 -2.268160694103021680e+00
-2.321381646516137209e+00 -2.271708752263726705e+00
-2.321381646828811540e+00 -2.275256810510551730e+00
-2.321381647154360461e+00 -2.278804868844698461e+00
-2.321381647493612643e+00 -2.282352927267405018e+00
-2.321381647847444274e+00 -2.285900985779951711e+00
-2.321381648216813698e+00 -2.289449044383657039e+00
-2.321381648602773407e+00 -2.292997103079906562e+00
-2.321381649006464709e+00 -2.296545161870109375e+00
-2.321381649429143046e+00 -2.300093220755745183e+00
-2.321381649872178432e+00 -2.303641279738336323e+00
-2.321381650337066116e+00 -2.307189338819494839e+00
-2.321381650825487419e+00 -2.310737398000934917e+00
-2.321381651339269325e+00 -2.314285457284613212e+00
-2.321381651880468411e+00 -2.317833516673616590e+00
-2.321381660719176399e+00 -2.321381609604607821e+00
-2.321381660493072818e+00 -2.321381609501006693e+00
-2.321381660270387393e+00 -2.321381609398984303e+00
-2.321381660051050400e+00 -2.321381609298498017e+00
-2.321381659834992117e+00 -2.321381609199541618e+00
-2.321381659622139715e+00 -2.321381609102031174e+00
-2.321381659412396381e+00 -2.321381609005980895e+00
-2.321381659205732362e+00 -2.321381608911342376e+00
-2.321381659002057063e+00 -2.321381608818062769e+00
-2.321381658801318082e+00 -2.321381608726148293e+00
-2.321381658603443032e+00 -2.321381608635551430e+00
-2.321381658408376403e+00 -2.321381608546256636e+00
-2.321381658216062682e+00 -2.321381608458210621e+00
-2.321381658026424155e+00 -2.321381608371414274e+00
-2.321381657839438173e+00 -2.321381608285824072e+00
-2.321381657655030573e+00 -2.321381608201415592e+00
-2.321381657473135185e+00 -2.321381608118181283e+00
-2.321381657293727585e+00 -2.321381608036086508e+00
-2.321381657116745600e+00 -2.321381607955093962e+00
-2.321381656942139493e+00 -2.321381607875208974e+00
-2.321381656769873292e+00 -2.321381607796387581e+00
-2.321381656599883492e+00 -2.321381607718615125e+00
-2.321381656432127460e+00 -2.321381607641875178e+00
-2.321381656266571447e+00 -2.321381607566142868e+00
-2.321381656103155500e+00 -2.321381607491403987e+00
-2.321381655941854305e+00 -2.321381607417627446e+00
-2.321381655782643882e+00 -2.321381607344809250e+00
-2.321381655625445628e+00 -2.321381607272921865e+00
-2.321381655470241778e+00 -2.321381607201944863e+00
-2.321381655316994586e+00 -2.321381607131870695e+00
-2.321381655165666746e+00 -2.321381607062677155e+00
-2.321381655016208967e+00 -2.321381606994347369e+00
-2.321381654868613698e+00 -2.321381606926872010e+00
-2.321381654722825427e+00 -2.321381606860221769e+00
-2.321381654578825060e+00 -2.321381606794387764e+00
-2.321381654436566855e+00 -2.321381606729363334e+00
-2.321381654296025054e+00 -2.321381606665122721e+00
-2.321381654157168573e+00 -2.321381606601653047e+00
-2.321381654019969432e+00 -2.321381606538941877e+00
-2.321381653884388108e+00 -2.321381606476989656e+00
-2.321381653750416607e+00 -2.321381606415762189e+00
-2.321381653618005192e+00 -2.321381606355247484e+00
-2.321381653487146313e+00 -2.321381606295443323e+00
-2.321381653357794228e+00 -2.321381606236338158e+00
-2.321381653229941389e+00 -2.321381606177923107e+00
-2.321381653103547382e+00 -2.321381606120178631e+00
-2.321381652978586008e+00 -2.321381606063083414e+00
-2.321381652855047939e+00 -2.321381606006637011e+00
-2.321381652732885215e+00 -2.321381605950843419e+00
-2.321381652612102720e+00 -2.321381605895663114e+00
-2.321381652492661374e+00 -2.321381605841103646e+00
-2.321381652114190786e+00 -2.321381605346910959e+00
-2.321381651745439534e+00 -2.321381604866692872e+00
-2.321381651385976408e+00 -2.321381604399853860e+00
-2.321381651035362648e+00 -2.321381603945817051e+00
-2.321381650693301157e+00 -2.321381603504036217e+00
-2.321381650359373161e+00 -2.321381603074010425e+00
-2.321381650033267796e+00 -2.321381602655250287e+00
-2.321381649714680862e+00 -2.321381602247293063e+00
-2.321381649403304603e+00 -2.321381601849718646e+00
-2.321381649098863686e+00 -2.321381601462105149e+00
-2.321381648801092101e+00 -2.321381601084075541e+00
-2.321381648509754037e+00 -2.321381600715266558e+00
-2.321381648224583483e+00 -2.321381600355318930e+00
-2.321381647945373494e+00 -2.321381600003906698e+00
-2.321381647671916237e+00 -2.321381599660706119e+00
-2.321381647403989668e+00 -2.321381599325436529e+00
-2.321381647141433913e+00 -2.321381598997803941e+00
-2.321381646884021599e+00 -2.321381598677528579e+00
-2.321381646631609286e+00 -2.321381598364379517e+00
-2.321381646384037101e+00 -2.321381598058083195e+00
-2.321381646141112309e+00 -2.321381597758415793e+00
-2.321381645902718560e+00 -2.321381597465150382e+00
-2.321381645668678662e+00 -2.321381597178084011e+00
-2.321381645438895802e+00 -2.321381596897004407e+00
-2.321381645213201672e+00 -2.321381596621728605e+00
-2.321381644991503013e+00 -2.321381596352050991e+00
-2.321381644773648834e+00 -2.321381596087803700e+00
-2.321381644559553870e+00 -2.321381595828817979e+00
-2.321381644349079121e+00 -2.321381595574929957e+00
-2.321381644142132217e+00 -2.321381595325978875e+00
-2.321381643938621231e+00 -2.321381595081809746e+00
-2.321381643738441358e+00 -2.321381594842289342e+00
-2.321381643541494899e+00 -2.321381594607285326e+00
-2.321381643347686374e+00 -2.321381594376642266e+00
-2.321381643156966490e+00 -2.321381594150250471e+00
-2.321381642969211345e+00 -2.321381593928003362e+00
-2.321381642784364097e+00 -2.321381593709731295e+00
-2.321381642602333706e+00 -2.321381593495374318e+00
-2.321381642423061553e+00 -2.321381593284798317e+00
-2.321381642246463706e+00 -2.321381593077912697e+00
-2.321381642072480211e+00 -2.321381592874592226e+00
-2.321381641901039572e+00 -2.321381592674757410e+00
-2.321381641732100043e+00 -2.321381592478313660e+00
-2.321381641565557707e+00 -2.321381592285177486e+00
-2.321381641401402351e+00 -2.321381592095250301e+00
-2.321381641239546045e+00 -2.321381591908458830e+00
-2.321381641079938163e+00 -2.321381591724713367e+00
-2.321381640922539180e+00 -2.321381591543943745e+00
-2.321381640767282484e+00 -2.321381591366056707e+00
-2.321381640614136099e+00 -2.321381591191010951e+00
-2.321381640226219734e+00 -2.321381591011752565e+00
-2.321381639846104239e+00 -2.321381590836168574e+00
-2.321381639473564018e+00 -2.321381590664143513e+00
-2.321381639108394346e+00 -2.321381590495560143e+00
-2.321381638750343424e+00 -2.321381590330303002e+00
-2.321381638399238945e+00 -2.321381590168292153e+00
-2.321381638054832663e+00 -2.321381590009437446e+00
-2.321381637716974478e+00 -2.321381589853623417e+00
-2.321381637385463215e+00 -2.321381589700786119e+00
-2.321381637060125236e+00 -2.321381589550820301e+00
-2.321381636740779353e+00 -2.321381589403650914e+00
-2.321381636427280348e+00 -2.321381589259210898e+00
-2.321381636119446590e+00 -2.321381589117402999e+00
-2.321381635817135969e+00 -2.321381588978178812e+00
-2.321381635520201048e+00 -2.321381588841451737e+00
-2.321381635228497053e+00 -2.321381588707158272e+00
-2.321381634941888539e+00 -2.321381588575226473e+00
-2.321381634660229398e+00 -2.321381588445611044e+00
-2.321381634383414383e+00 -2.321381588318238709e+00
-2.321381634111305825e+00 -2.321381588193056178e+00
-2.321381633843795367e+00 -2.321381588070003499e+00
-2.321381633580752446e+00 -2.321381587949026493e+00
-2.321381633322074922e+00 -2.321381587830076754e+00
-2.321381633067641559e+00 -2.321381587713089889e+00
-2.321381632817367535e+00 -2.321381587598043694e+00
-2.321381632571153819e+00 -2.321381587484863562e+00
-2.321381632328879174e+00 -2.321381587373520627e+00
-2.321381632090450786e+00 -2.321381587263954493e+00
-2.321381631855806038e+00 -2.321381587156142512e+00
-2.321381631624828579e+00 -2.321381587050029172e+00
-2.321381631397439360e+00 -2.321381586945578057e+00
-2.321381631173570437e+00 -2.321381586842751865e+00
-2.321381630953109454e+00 -2.321381586741505743e+00
-2.321381630736016000e+00 -2.321381586641814376e+00
-2.321381630522182604e+00 -2.321381586543633357e+00
-2.321381630311547983e+00 -2.321381586446924050e+00
-2.321381630104045968e+00 -2.321381586351668691e+00
-2.321381629899603727e+00 -2.321381586257825091e+00
-2.321381629698154647e+00 -2.321381586165363498e+00
-2.321381629499617461e+00 -2.321381586074250158e+00
-2.321381629303953087e+00 -2.321381585984462426e+00
-2.321381629111089584e+00 -2.321381585895969657e+00
-2.321381628920964779e+00 -2.321381585808734993e+00
-2.321381628733529379e+00 -2.321381585722743779e+00
-2.321381628548705667e+00 -2.321381585637966705e+00
-2.321381628366461225e+00 -2.321381585554370464e+00
-2.321381628186744539e+00 -2.321381585471941733e+00
-2.321381628009474341e+00 -2.321381585390650759e+00
-2.321381627834643080e+00 -2.321381585310463347e+00
-2.321381627662159275e+00 -2.321381585231371503e+00
-2.321381627489461863e+00 -2.321381585151802707e+00
-2.321381627319135443e+00 -2.321381585073348131e+00
-2.321381627151128502e+00 -2.321381584995977132e+00
-2.321381626985405511e+00 -2.321381584919678165e+00
-2.321381626821900301e+00 -2.321381584844422807e+00
-2.321381626660597330e+00 -2.321381584770189299e+00
-2.321381626501423767e+00 -2.321381584696958988e+00
-2.321381626344347193e+00 -2.321381584624706562e+00
-2.321381626189318315e+00 -2.321381584553419586e+00
-2.321381626036320700e+00 -2.321381584483068750e+00
-2.321381625885285516e+00 -2.321381584413648724e+00
-2.321381625736197218e+00 -2.321381584345123983e+00
-2.321381625588996300e+00 -2.321381584277494081e+00
-2.321381625443664554e+00 -2.321381584210727489e+00
-2.321381625300159790e+00 -2.321381584144813548e+00
-2.321381625158443818e+00 -2.321381584079719840e+00
-2.321381625018493544e+00 -2.321381584015468125e+00
-2.321381624880269445e+00 -2.321381583952006000e+00
-2.321381624743741767e+00 -2.321381583889342348e+00
-2.321381624608864325e+00 -2.321381583827442974e+00
-2.321381624475633121e+00 -2.321381583766306544e+00
-2.321381624343993533e+00 -2.321381583705909968e+00
-2.321381624213927797e+00 -2.321381583646246138e+00
-2.321381624085423923e+00 -2.321381583587303510e+00
-2.321381623958410856e+00 -2.321381583529054549e+00
-2.321381623832913466e+00 -2.321381583471508581e+00
-2.321381623708859365e+00 -2.321381583414630079e+00
-2.321381623586241005e+00 -2.321381583358424816e+00
-2.321381623465059718e+00 -2.321381583302873697e+00
-2.321381623345244449e+00 -2.321381583247973612e+00
-2.321381623226803637e+00 -2.321381583193692144e+00
-2.321381623109702197e+00 -2.321381583140034177e+00
-2.321381622993919702e+00 -2.321381583086986833e+00
-2.321381622879433948e+00 -2.321381583034545670e+00
-2.321381622766220509e+00 -2.321381582982689817e+00
-2.321381622654257182e+00 -2.321381582931405507e+00
-2.321381622543524870e+00 -2.321381582880698957e+00
-2.321381622434010250e+00 -2.321381582830554180e+00
-2.321381622325684901e+00 -2.321381582780956965e+00
-2.321381622218533280e+00 -2.321381582731890880e+00
-2.321381622112521637e+00 -2.321381582683368805e+00
-2.321381622007657519e+00 -2.321381582635369423e+00
-2.321381621903911174e+00 -2.321381582587884296e+00
-2.321381621801256401e+00 -2.321381582540898325e+00
-2.321381621699687425e+00 -2.321381582494427498e+00
-2.321381621599176714e+00 -2.321381582448430958e+00
-2.321381621499710945e+00 -2.321381582402924248e+00
-2.321381621401281237e+00 -2.321381582357889162e+00
-2.321381621303860499e+00 -2.321381582313327474e+00
-2.321381621207446955e+00 -2.321381582269217425e+00
