5.215045108110564209e-01 5.215045108110564209e-01
5.215045108110564209e-01 5.215045108110564209e-01
5.215045108110564209e-01 5.215045108110568650e-01
5.215045108110561989e-01 5.215045108110565319e-01
5.215045108110563099e-01 5.215045108110564209e-01
5.215045108110565319e-01 5.215045108110567540e-01
5.215045108110565319e-01 5.215045108110565319e-01
5.215045108110567540e-01 5.215045108110568650e-01
5.215045108110564209e-01 5.215045108110565319e-01
5.215045108110568650e-01 5.215045108110568650e-01
5.215045108110561989e-01 5.215045108110566430e-01
5.215045108110565319e-01 5.215045108110566430e-01
5.215045108110565319e-01 5.215045108110567540e-01
5.215045108110564209e-01 5.215045108110567540e-01
5.215045108110565319e-01 5.215045108110565319e-01
5.215045108110568650e-01 5.215045108110568650e-01
5.215045108110566430e-01 5.215045108110567540e-01
5.215045108110564209e-01 5.215045108110568650e-01
5.215045108110561989e-01 5.215045108110564209e-01
5.215045108110565319e-01 5.215045108110566430e-01
5.215045108110563099e-01 5.215045108110566430e-01
5.215045108110563099e-01 5.215045108110566430e-01
5.215045108110563099e-01 5.215045108110565319e-01
5.215045108110566430e-01 5.215045108110566430e-01
5.215045108110565319e-01 5.215045108110566430e-01
5.215045108110566430e-01 5.215045108110567540e-01
5.215045108110565319e-01 5.215045108110565319e-01
5.215045108110561989e-01 5.215045108110568650e-01
5.215045108110566430e-01 5.215045108110567540e-01
5.215045108110566430e-01 5.215045108110566430e-01
5.215045108110566430e-01 5.215045108110567540e-01
5.215045108110564209e-01 5.215045108110564209e-01
5.215045108110565319e-01 5.215045108110565319e-01
5.215045108110565319e-01 5.215045108110567540e-01
5.215045108110567540e-01 5.215045108110567540e-01
5.215045108110564209e-01 5.215045108110564209e-01
5.215045108110561989e-01 5.215045108110566430e-01
5.215045108110560879e-01 5.215045108110563099e-01
5.215045108110560879e-01 5.215045108110565319e-01
5.215045108110561989e-01 5.215045108110563099e-01
5.215045108110564209e-01 5.215045108110564209e-01
5.215045108110564209e-01 5.215045108110566430e-01
5.215045108110566430e-01 5.215045108110566430e-01
5.215045108110566430e-01 5.215045108110566430e-01
5.215045108110567540e-01 5.215045108110567540e-01
5.215045108110566430e-01 5.215045108110567540e-01
5.215045108110565319e-01 5.215045108110566430e-01
5.215045108110563099e-01 5.215045108110565319e-01
5.215045108110560879e-01 5.215045108110565319e-01
5.215045108110565319e-01 5.215045108110566430e-01
5.215045108110560879e-01 5.215045108110568650e-01
5.215045108110565319e-01 5.215045108110567540e-01
5.215045108110564209e-01 5.215045108110565319e-01
5.215045108110565319e-01 5.215045108110566430e-01
5.215045108110563099e-01 5.215045108110565319e-01
5.215045108110564209e-01 5.215045108110567540e-01
5.215045108110565319e-01 5.215045108110567540e-01
5.215045108110559768e-01 5.215045108110564209e-01
5.215045108110563099e-01 5.215045108110566430e-01
5.215045108110564209e-01 5.215045108110566430e-01
5.215045108110565319e-01 5.215045108110566430e-01
5.215045108110564209e-01 5.215045108110566430e-01
5.215045108110566430e-01 5.215045108110567540e-01
5.215045108110564209e-01 5.215045108110566430e-01
5.215045108110565319e-01 5.215045108110566430e-01
5.215045108110564209e-01 5.215045108110566430e-01
5.215045108110564209e-01 5.215045108110567540e-01
5.215045108110561989e-01 5.215045108110568650e-01
5.215045108110565319e-01 5.215045108110566430e-01
5.215045108110565319e-01 5.215045108110565319e-01
5.215045108110565319e-01 5.215045108110566430e-01
5.215045108110563099e-01 5.215045108110564209e-01
5.215045108110565319e-01 5.215045108110566430e-01
5.215045108110565319e-01 5.215045108110567540e-01
5.215045108110564209e-01 5.215045108110564209e-01
5.215045108110560879e-01 5.215045108110567540e-01
5.215045108110560879e-01 5.215045108110563099e-01
5.215045108110561989e-01 5.215045108110565319e-01
5.215045108110565319e-01 5.215045108110566430e-01
5.215045108110564209e-01 5.215045108110564209e-01
5.215045108110563099e-01 5.215045108110564209e-01
5.215045108110566430e-01 5.215045108110567540e-01
5.215045108110564209e-01 5.215045108110566430e-01
5.215045108110563099e-01 5.215045108110567540e-01
5.215045108110567540e-01 5.215045108110568650e-01
5.215045108110566430e-01 5.215045108110567540e-01
5.215045108110560879e-01 5.215045108110566430e-01
5.215045108110566430e-01 5.215045108110568650e-01
5.215045108110563099e-01 5.215045108110565319e-01
5.215045108110564209e-01 5.215045108110566430e-01
5.215045108110565319e-01 5.215045108110566430e-01
5.215045108110565319e-01 5.215045108110567540e-01
5.215045108110567540e-01 5.215045108110568650e-01
5.215045108110564209e-01 5.215045108110566430e-01
5.215045108110565319e-01 5.215045108110566430e-01
5.215045108110567540e-01 5.215045108110568650e-01
5.215045108110560879e-01 5.215045108110567540e-01
5.215045108110567540e-01 5.215045108110567540e-01
5.215045108110564209e-01 5.215045108110567540e-01
5.215045108110565319e-01 5.215045108110566430e-01
5.215045108110564209e-01 5.215045108110565319e-01
5.215045108110567540e-01 5.215045108110567540e-01
5.215045108110565319e-01 5.215045108110566430e-01
5.215045108110566430e-01 5.215045108110567540e-01
5.215045108110561989e-01 5.215045108110566430e-01
5.215045108110567540e-01 5.215045108110567540e-01
5.215045108110566430e-01 5.215045108110566430e-01
5.215045108110563099e-01 5.215045108110566430e-01
5.215045108110566430e-01 5.215045108110567540e-01
5.215045108110568650e-01 5.215045108110568650e-01
5.215045108110563099e-01 5.215045108110564209e-01
5.215045108110565319e-01 5.215045108110566430e-01
5.215045108110563099e-01 5.215045108110565319e-01
5.215045108110566430e-01 5.215045108110568650e-01
5.215045108110566430e-01 5.215045108110566430e-01
5.215045108110565319e-01 5.215045108110565319e-01
5.215045108110563099e-01 5.215045108110565319e-01
5.215045108110566430e-01 5.215045108110566430e-01
5.215045108110566430e-01 5.215045108110566430e-01
5.215045108110563099e-01 5.215045108110564209e-01
5.215045108110564209e-01 5.215045108110566430e-01
5.215045108110566430e-01 5.215045108110567540e-01
5.215045108110566430e-01 5.215045108110566430e-01
5.215045108110565319e-01 5.215045108110565319e-01
5.215045108110564209e-01 5.215045108110564209e-01
5.215045108110561989e-01 5.215045108110566430e-01
5.215045108110564209e-01 5.215045108110565319e-01
5.215045108110566430e-01 5.215045108110566430e-01
5.215045108110564209e-01 5.215045108110564209e-01
5.215045108110564209e-01 5.215045108110565319e-01
5.215045108110561989e-01 5.215045108110565319e-01
5.215045108110567540e-01 5.215045108110567540e-01
5.215045108110561989e-01 5.215045108110565319e-01
5.215045108110563099e-01 5.215045108110566430e-01
5.215045108110566430e-01 5.215045108110566430e-01
5.215045108110565319e-01 5.215045108110567540e-01
5.215045108110566430e-01 5.215045108110566430e-01
5.215045108110566430e-01 5.215045108110566430e-01
5.215045108110564209e-01 5.215045108110566430e-01
5.215045108110565319e-01 5.215045108110567540e-01
5.215045108110558658e-01 5.215045108110564209e-01
5.215045108110563099e-01 5.215045108110565319e-01
5.215045108110566430e-01 5.215045108110567540e-01
5.215045108110563099e-01 5.215045108110566430e-01
5.215045108110567540e-01 5.215045108110569760e-01
5.215045108110564209e-01 5.215045108110567540e-01
5.215045108110567540e-01 5.215045108110567540e-01
5.215045108110568650e-01 5.215045108110568650e-01
5.215045108110560879e-01 5.215045108110561989e-01
5.215045108110567540e-01 5.215045108110567540e-01
5.215045108110567540e-01 5.215045108110568650e-01
5.215045108110565319e-01 5.215045108110566430e-01
5.215045108110563099e-01 5.215045108110566430e-01
5.215045108110565319e-01 5.215045108110565319e-01
5.215045108110567540e-01 5.215045108110567540e-01
5.215045108110565319e-01 5.215045108110565319e-01
5.215045108110566430e-01 5.215045108110566430e-01
5.215045108110560879e-01 5.215045108110564209e-01
5.215045108110564209e-01 5.215045108110564209e-01
5.215045108110564209e-01 5.215045108110566430e-01
5.215045108110563099e-01 5.215045108110563099e-01
5.215045108110563099e-01 5.215045108110566430e-01
5.215045108110561989e-01 5.215045108110563099e-01
5.215045108110565319e-01 5.215045108110566430e-01
5.215045108110563099e-01 5.215045108110567540e-01
5.215045108110564209e-01 5.215045108110565319e-01
5.215045108110564209e-01 5.215045108110565319e-01
5.215045108110568650e-01 5.215045108110568650e-01
5.215045108110566430e-01 5.215045108110566430e-01
5.215045108110565319e-01 5.215045108110566430e-01
5.215045108110560879e-01 5.215045108110564209e-01
5.215045108110563099e-01 5.215045108110566430e-01
5.215045108110560879e-01 5.215045108110566430e-01
5.215045108110565319e-01 5.215045108110566430e-01
5.215045108110563099e-01 5.215045108110566430e-01
5.215045108110563099e-01 5.215045108110567540e-01
5.215045108110566430e-01 5.215045108110567540e-01
5.215045108110564209e-01 5.215045108110565319e-01
5.215045108110566430e-01 5.215045108110566430e-01
5.215045108110565319e-01 5.215045108110566430e-01
5.215045108110561989e-01 5.215045108110567540e-01
5.215045108110561989e-01 5.215045108110563099e-01
5.215045108110561989e-01 5.215045108110566430e-01
5.215045108110565319e-01 5.215045108110565319e-01
5.215045108110561989e-01 5.215045108110566430e-01
5.215045108110566430e-01 5.215045108110566430e-01
5.215045108110561989e-01 5.215045108110563099e-01
5.215045108110561989e-01 5.215045108110561989e-01
5.215045108110563099e-01 5.215045108110566430e-01
5.215045108110565319e-01 5.215045108110565319e-01
5.215045108110561989e-01 5.215045108110566430e-01
5.215045108110561989e-01 5.215045108110565319e-01
5.215045108110564209e-01 5.215045108110567540e-01
5.215045108110567540e-01 5.215045108110567540e-01
5.215045108110563099e-01 5.215045108110566430e-01
5.215045108110564209e-01 5.215045108110567540e-01
5.215045108110565319e-01 5.215045108110565319e-01
5.215045108110555327e-01 5.215045108110565319e-01
5.215045108110566430e-01 5.215045108110567540e-01
5.215045108110564209e-01 5.215045108110566430e-01
5.215045108110564209e-01 5.215045108110566430e-01
5.215045108110559768e-01 5.215045108110565319e-01
5.215045108110567540e-01 5.215045108110568650e-01
5.215045108110559768e-01 5.215045108110561989e-01
5.215045108110567540e-01 5.215045108110567540e-01
5.215045108110565319e-01 5.215045108110565319e-01
5.215045108110563099e-01 5.215045108110566430e-01
5.215045108110566430e-01 5.215045108110566430e-01
5.215045108110566430e-01 5.215045108110566430e-01
5.215045108110560879e-01 5.215045108110561989e-01
5.215045108110564209e-01 5.215045108110566430e-01
5.215045108110565319e-01 5.215045108110565319e-01
5.215045108110564209e-01 5.215045108110564209e-01
5.215045108110566430e-01 5.215045108110566430e-01
5.215045108110564209e-01 5.215045108110565319e-01
5.215045108110563099e-01 5.215045108110566430e-01
5.215045108110563099e-01 5.215045108110567540e-01
5.215045108110565319e-01 5.215045108110565319e-01
5.215045108110565319e-01 5.215045108110565319e-01
5.215045108110566430e-01 5.215045108110567540e-01
5.215045108110555327e-01 5.215045108110566430e-01
5.215045108110564209e-01 5.215045108110567540e-01
5.215045108110563099e-01 5.215045108110564209e-01
5.215045108110564209e-01 5.215045108110568650e-01
5.215045108110566430e-01 5.215045108110567540e-01
5.215045108110563099e-01 5.215045108110564209e-01
5.215045108110564209e-01 5.215045108110564209e-01
5.215045108110566430e-01 5.215045108110566430e-01
5.215045108110565319e-01 5.215045108110565319e-01
5.215045108110563099e-01 5.215045108110565319e-01
5.215045108110565319e-01 5.215045108110566430e-01
5.215045108110564209e-01 5.215045108110564209e-01
5.215045108110565319e-01 5.215045108110565319e-01
5.215045108110564209e-01 5.215045108110566430e-01
5.215045108110564209e-01 5.215045108110566430e-01
5.215045108110559768e-01 5.215045108110564209e-01
5.215045108110563099e-01 5.215045108110563099e-01
5.215045108110561989e-01 5.215045108110563099e-01
5.215045108110565319e-01 5.215045108110566430e-01
5.215045108110564209e-01 5.215045108110565319e-01
5.215045108110560879e-01 5.215045108110564209e-01
5.215045108110565319e-01 5.215045108110566430e-01
5.215045108110566430e-01 5.215045108110567540e-01
5.215045108110563099e-01 5.215045108110566430e-01
5.215045108110566430e-01 5.215045108110567540e-01
5.215045108110563099e-01 5.215045108110563099e-01
5.215045108110564209e-01 5.215045108110565319e-01
5.215045108110566430e-01 5.215045108110566430e-01
5.215045108110563099e-01 5.215045108110565319e-01
5.215045108110566430e-01 5.215045108110568650e-01
5.215045108110560879e-01 5.215045108110563099e-01
5.215045108110565319e-01 5.215045108110566430e-01
5.215045108110567540e-01 5.215045108110567540e-01
5.215045108110565319e-01 5.215045108110565319e-01
5.215045108110566430e-01 5.215045108110566430e-01
5.215045108110565319e-01 5.215045108110566430e-01
5.215045108110563099e-01 5.215045108110567540e-01
5.215045108110563099e-01 5.215045108110566430e-01
5.215045108110564209e-01 5.215045108110566430e-01
5.215045108110563099e-01 5.215045108110563099e-01
5.215045108110566430e-01 5.215045108110566430e-01
5.215045108110566430e-01 5.215045108110566430e-01
5.215045108110561989e-01 5.215045108110564209e-01
5.215045108110566430e-01 5.215045108110567540e-01
5.215045108110561989e-01 5.215045108110564209e-01
5.215045108110564209e-01 5.215045108110564209e-01
5.215045108110564209e-01 5.215045108110565319e-01
5.215045108110564209e-01 5.215045108110565319e-01
5.215045108110566430e-01 5.215045108110566430e-01
5.215045108110564209e-01 5.215045108110565319e-01
5.215045108110565319e-01 5.215045108110565319e-01
5.215045108110563099e-01 5.215045108110565319e-01
5.215045108110565319e-01 5.215045108110565319e-01
5.215045108110566430e-01 5.215045108110567540e-01
5.215045108110565319e-01 5.215045108110566430e-01
5.215045108110565319e-01 5.215045108110565319e-01
5.215045108110565319e-01 5.215045108110565319e-01
5.215045108110566430e-01 5.215045108110567540e-01
5.215045108110566430e-01 5.215045108110566430e-01
5.215045108110564209e-01 5.215045108110565319e-01
5.215045108110563099e-01 5.215045108110566430e-01
5.215045108110567540e-01 5.215045108110568650e-01
5.215045108110564209e-01 5.215045108110566430e-01
5.215045108110563099e-01 5.215045108110566430e-01
5.215045108110563099e-01 5.215045108110564209e-01
5.215045108110566430e-01 5.215045108110567540e-01
5.215045108110565319e-01 5.215045108110566430e-01
5.215045108110560879e-01 5.215045108110563099e-01
5.215045108110564209e-01 5.215045108110565319e-01
5.215045108110565319e-01 5.215045108110566430e-01
5.215045108110564209e-01 5.215045108110564209e-01
5.215045108110559768e-01 5.215045108110564209e-01
5.215045108110563099e-01 5.215045108110566430e-01
5.215045108110564209e-01 5.215045108110565319e-01
5.215045108110565319e-01 5.215045108110567540e-01
5.215045108110566430e-01 5.215045108110568650e-01
5.215045108110564209e-01 5.215045108110565319e-01
5.215045108110561989e-01 5.215045108110563099e-01
5.215045108110564209e-01 5.215045108110565319e-01
5.215045108110559768e-01 5.215045108110564209e-01
5.215045108110558658e-01 5.215045108110565319e-01
5.215045108110566430e-01 5.215045108110566430e-01
5.215045108110563099e-01 5.215045108110567540e-01
5.215045108110564209e-01 5.215045108110564209e-01
5.215045108110561989e-01 5.215045108110565319e-01
5.215045108110565319e-01 5.215045108110566430e-01
5.215045108110561989e-01 5.215045108110563099e-01
5.215045108110567540e-01 5.215045108110567540e-01
5.215045108110563099e-01 5.215045108110564209e-01
5.215045108110564209e-01 5.215045108110564209e-01
5.215045108110564209e-01 5.215045108110565319e-01
5.215045108110563099e-01 5.215045108110563099e-01
5.215045108110565319e-01 5.215045108110565319e-01
5.215045108110561989e-01 5.215045108110566430e-01
5.215045108110564209e-01 5.215045108110564209e-01
5.215045108110563099e-01 5.215045108110565319e-01
5.215045108110564209e-01 5.215045108110565319e-01
5.215045108110559768e-01 5.215045108110563099e-01
5.215045108110565319e-01 5.215045108110566430e-01
5.215045108110557548e-01 5.215045108110564209e-01
5.215045108110561989e-01 5.215045108110566430e-01
5.215045108110565319e-01 5.215045108110566430e-01
5.215045108110565319e-01 5.215045108110565319e-01
5.215045108110560879e-01 5.215045108110564209e-01
5.215045108110565319e-01 5.215045108110565319e-01
5.215045108110564209e-01 5.215045108110566430e-01
5.215045108110563099e-01 5.215045108110566430e-01
5.215045108110567540e-01 5.215045108110568650e-01
5.215045108110561989e-01 5.215045108110564209e-01
5.215045108110565319e-01 5.215045108110565319e-01
5.215045108110558658e-01 5.215045108110563099e-01
5.215045108110565319e-01 5.215045108110566430e-01
5.215045108110566430e-01 5.215045108110566430e-01
5.215045108110565319e-01 5.215045108110566430e-01
5.215045108110563099e-01 5.215045108110565319e-01
5.215045108110564209e-01 5.215045108110565319e-01
5.215045108110565319e-01 5.215045108110567540e-01
5.215045108110567540e-01 5.215045108110568650e-01
5.215045108110564209e-01 5.215045108110565319e-01
5.215045108110563099e-01 5.215045108110566430e-01
5.215045108110558658e-01 5.215045108110564209e-01
5.215045108110565319e-01 5.215045108110566430e-01
5.215045108110565319e-01 5.215045108110565319e-01
5.215045108110563099e-01 5.215045108110564209e-01
5.215045108110560879e-01 5.215045108110563099e-01
5.215045108110564209e-01 5.215045108110566430e-01
5.215045108110565319e-01 5.215045108110566430e-01
5.215045108110564209e-01 5.215045108110564209e-01
5.215045108110564209e-01 5.215045108110564209e-01
5.215045108110564209e-01 5.215045108110565319e-01
5.215045108110564209e-01 5.215045108110566430e-01
5.215045108110563099e-01 5.215045108110565319e-01
5.215045108110566430e-01 5.215045108110566430e-01
5.215045108110561989e-01 5.215045108110561989e-01
5.215045108110564209e-01 5.215045108110564209e-01
5.215045108110564209e-01 5.215045108110565319e-01
5.215045108110566430e-01 5.215045108110566430e-01
5.215045108110560879e-01 5.215045108110563099e-01
5.215045108110558658e-01 5.215045108110561989e-01
5.215045108110561989e-01 5.215045108110561989e-01
5.215045108110561989e-01 5.215045108110567540e-01
5.215045108110561989e-01 5.215045108110563099e-01
5.215045108110565319e-01 5.215045108110566430e-01
5.215045108110560879e-01 5.215045108110563099e-01
5.215045108110565319e-01 5.215045108110565319e-01
5.215045108110560879e-01 5.215045108110565319e-01
5.215045108110563099e-01 5.215045108110564209e-01
5.215045108110564209e-01 5.215045108110565319e-01
5.215045108110563099e-01 5.215045108110564209e-01
5.215045108110564209e-01 5.215045108110565319e-01
5.215045108110561989e-01 5.215045108110563099e-01
5.215045108110561989e-01 5.215045108110563099e-01
5.215045108110566430e-01 5.215045108110567540e-01
5.215045108110564209e-01 5.215045108110565319e-01
5.215045108110560879e-01 5.215045108110564209e-01
5.215045108110563099e-01 5.215045108110564209e-01
5.215045108110564209e-01 5.215045108110565319e-01
5.215045108110564209e-01 5.215045108110564209e-01
5.215045108110565319e-01 5.215045108110565319e-01
5.215045108110554217e-01 5.215045108110564209e-01
5.215045108110564209e-01 5.215045108110565319e-01
5.215045108110561989e-01 5.215045108110564209e-01
5.215045108110564209e-01 5.215045108110566430e-01
5.215045108110563099e-01 5.215045108110565319e-01
5.215045108110566430e-01 5.215045108110566430e-01
5.215045108110564209e-01 5.215045108110564209e-01
5.215045108110563099e-01 5.215045108110564209e-01
5.215045108110566430e-01 5.215045108110566430e-01
5.215045108110561989e-01 5.215045108110563099e-01
5.215045108110561989e-01 5.215045108110565319e-01
5.215045108110564209e-01 5.215045108110565319e-01
5.215045108110564209e-01 5.215045108110564209e-01
5.215045108110565319e-01 5.215045108110566430e-01
5.215045108110564209e-01 5.215045108110564209e-01
5.215045108110561989e-01 5.215045108110563099e-01
5.215045108110565319e-01 5.215045108110566430e-01
5.215045108110557548e-01 5.215045108110565319e-01
5.215045108110564209e-01 5.215045108110564209e-01
5.215045108110566430e-01 5.215045108110566430e-01
5.215045108110564209e-01 5.215045108110564209e-01
5.215045108110564209e-01 5.215045108110564209e-01
5.215045108110564209e-01 5.215045108110564209e-01
5.215045108110563099e-01 5.215045108110564209e-01
5.215045108110564209e-01 5.215045108110566430e-01
5.215045108110565319e-01 5.215045108110566430e-01
5.215045108110564209e-01 5.215045108110565319e-01
5.215045108110563099e-01 5.215045108110566430e-01
5.215045108110560879e-01 5.215045108110564209e-01
5.215045108110560879e-01 5.215045108110564209e-01
5.215045108110560879e-01 5.215045108110561989e-01
5.215045108110560879e-01 5.215045108110564209e-01
5.215045108110559768e-01 5.215045108110563099e-01
5.215045108110561989e-01 5.215045108110565319e-01
5.215045108110564209e-01 5.215045108110565319e-01
5.215045108110564209e-01 5.215045108110566430e-01
5.215045108110561989e-01 5.215045108110563099e-01
5.215045108110561989e-01 5.215045108110563099e-01
5.215045108110558658e-01 5.215045108110560879e-01
5.215045108110559768e-01 5.215045108110560879e-01
5.215045108110561989e-01 5.215045108110561989e-01
5.215045108110564209e-01 5.215045108110565319e-01
5.215045108110564209e-01 5.215045108110565319e-01
5.215045108110564209e-01 5.215045108110564209e-01
5.215045108110565319e-01 5.215045108110565319e-01
5.215045108110564209e-01 5.215045108110565319e-01
5.215045108110558658e-01 5.215045108110561989e-01
5.215045108110561989e-01 5.215045108110564209e-01
5.215045108110563099e-01 5.215045108110565319e-01
5.215045108110563099e-01 5.215045108110565319e-01
5.215045108110558658e-01 5.215045108110564209e-01
5.215045108110563099e-01 5.215045108110564209e-01
5.215045108110563099e-01 5.215045108110564209e-01
5.215045108110565319e-01 5.215045108110565319e-01
5.215045108110564209e-01 5.215045108110564209e-01
5.215045108110564209e-01 5.215045108110564209e-01
5.215045108110560879e-01 5.215045108110561989e-01
5.215045108110558658e-01 5.215045108110564209e-01
5.215045108110560879e-01 5.215045108110563099e-01
5.215045108110564209e-01 5.215045108110565319e-01
5.215045108110560879e-01 5.215045108110566430e-01
5.215045108110563099e-01 5.215045108110563099e-01
5.215045108110564209e-01 5.215045108110565319e-01
5.215045108110559768e-01 5.215045108110563099e-01
5.215045108110559768e-01 5.215045108110561989e-01
5.215045108110559768e-01 5.215045108110563099e-01
5.215045108110564209e-01 5.215045108110564209e-01
5.215045108110560879e-01 5.215045108110561989e-01
5.215045108110564209e-01 5.215045108110565319e-01
5.215045108110564209e-01 5.215045108110564209e-01
5.215045108110558658e-01 5.215045108110563099e-01
5.215045108110563099e-01 5.215045108110566430e-01
5.215045108110560879e-01 5.215045108110564209e-01
5.215045108110564209e-01 5.215045108110564209e-01
5.215045108110561989e-01 5.215045108110565319e-01
5.215045108110564209e-01 5.215045108110566430e-01
5.215045108110567540e-01 5.215045108110567540e-01
5.215045108110564209e-01 5.215045108110565319e-01
5.215045108110564209e-01 5.215045108110565319e-01
5.215045108110567540e-01 5.215045108110567540e-01
5.215045108110565319e-01 5.215045108110566430e-01
5.215045108110563099e-01 5.215045108110565319e-01
5.215045108110558658e-01 5.215045108110564209e-01
5.215045108110565319e-01 5.215045108110565319e-01
5.215045108110565319e-01 5.215045108110566430e-01
5.215045108110560879e-01 5.215045108110565319e-01
5.215045108110563099e-01 5.215045108110566430e-01
5.215045108110564209e-01 5.215045108110565319e-01
5.215045108110563099e-01 5.215045108110565319e-01
5.215045108110559768e-01 5.215045108110561989e-01
5.215045108110564209e-01 5.215045108110565319e-01
5.215045108110565319e-01 5.215045108110565319e-01
5.215045108110564209e-01 5.215045108110565319e-01
5.215045108110566430e-01 5.215045108110566430e-01
5.215045108110566430e-01 5.215045108110567540e-01
5.215045108110560879e-01 5.215045108110564209e-01
5.215045108110565319e-01 5.215045108110565319e-01
5.215045108110566430e-01 5.215045108110566430e-01
5.215045108110564209e-01 5.215045108110566430e-01
5.215045108110558658e-01 5.215045108110563099e-01
5.215045108110564209e-01 5.215045108110565319e-01
5.215045108110560879e-01 5.215045108110563099e-01
5.215045108110560879e-01 5.215045108110566430e-01
5.215045108110564209e-01 5.215045108110566430e-01
5.215045108110564209e-01 5.215045108110564209e-01
5.215045108110565319e-01 5.215045108110566430e-01
5.215045108110560879e-01 5.215045108110564209e-01
5.215045108110565319e-01 5.215045108110566430e-01
5.215045108110565319e-01 5.215045108110565319e-01
5.215045108110561989e-01 5.215045108110561989e-01
5.215045108110560879e-01 5.215045108110565319e-01
5.215045108110565319e-01 5.215045108110566430e-01
5.215045108110564209e-01 5.215045108110565319e-01
5.215045108110560879e-01 5.215045108110566430e-01
5.215045108110565319e-01 5.215045108110565319e-01
5.215045108110564209e-01 5.215045108110565319e-01
5.215045108110563099e-01 5.215045108110564209e-01
5.215045108110564209e-01 5.215045108110565319e-01
5.215045108110560879e-01 5.215045108110563099e-01
5.215045108110564209e-01 5.215045108110565319e-01
5.215045108110564209e-01 5.215045108110565319e-01
5.215045108110565319e-01 5.215045108110565319e-01
5.215045108110565319e-01 5.215045108110565319e-01
5.215045108110560879e-01 5.215045108110564209e-01
5.215045108110566430e-01 5.215045108110566430e-01
5.215045108110560879e-01 5.215045108110563099e-01
5.215045108110559768e-01 5.215045108110563099e-01
5.215045108110565319e-01 5.215045108110566430e-01
5.215045108110565319e-01 5.215045108110565319e-01
5.215045108110565319e-01 5.215045108110566430e-01
5.215045108110563099e-01 5.215045108110564209e-01
5.215045108110564209e-01 5.215045108110565319e-01
5.215045108110564209e-01 5.215045108110566430e-01
5.215045108110566430e-01 5.215045108110566430e-01
5.215045108110565319e-01 5.215045108110565319e-01
5.215045108110561989e-01 5.215045108110565319e-01
5.215045108110561989e-01 5.215045108110563099e-01
5.215045108110564209e-01 5.215045108110564209e-01
5.215045108110564209e-01 5.215045108110566430e-01
5.215045108110563099e-01 5.215045108110564209e-01
5.215045108110561989e-01 5.215045108110567540e-01
5.215045108110564209e-01 5.215045108110565319e-01
5.215045108110561989e-01 5.215045108110564209e-01
5.215045108110563099e-01 5.215045108110565319e-01
5.215045108110564209e-01 5.215045108110565319e-01
5.215045108110563099e-01 5.215045108110563099e-01
5.215045108110564209e-01 5.215045108110564209e-01
5.215045108110564209e-01 5.215045108110565319e-01
5.215045108110563099e-01 5.215045108110564209e-01
5.215045108110563099e-01 5.215045108110563099e-01
5.215045108110564209e-01 5.215045108110566430e-01
5.215045108110561989e-01 5.215045108110564209e-01
5.215045108110563099e-01 5.215045108110565319e-01
5.215045108110567540e-01 5.215045108110567540e-01
5.215045108110563099e-01 5.215045108110566430e-01
5.215045108110563099e-01 5.215045108110565319e-01
5.215045108110564209e-01 5.215045108110565319e-01
5.215045108110561989e-01 5.215045108110566430e-01
5.215045108110566430e-01 5.215045108110566430e-01
5.215045108110566430e-01 5.215045108110567540e-01
5.215045108110563099e-01 5.215045108110565319e-01
5.215045108110563099e-01 5.215045108110564209e-01
5.215045108110564209e-01 5.215045108110565319e-01
5.215045108110559768e-01 5.215045108110564209e-01
5.215045108110564209e-01 5.215045108110564209e-01
5.215045108110565319e-01 5.215045108110567540e-01
5.215045108110560879e-01 5.215045108110565319e-01
5.215045108110564209e-01 5.215045108110564209e-01
5.215045108110564209e-01 5.215045108110564209e-01
5.215045108110564209e-01 5.215045108110565319e-01
5.215045108110566430e-01 5.215045108110566430e-01
5.215045108110561989e-01 5.215045108110564209e-01
5.215045108110563099e-01 5.215045108110565319e-01
5.215045108110565319e-01 5.215045108110565319e-01
5.215045108110564209e-01 5.215045108110565319e-01
5.215045108110565319e-01 5.215045108110565319e-01
5.215045108110565319e-01 5.215045108110566430e-01
5.215045108110563099e-01 5.215045108110565319e-01
5.215045108110567540e-01 5.215045108110567540e-01
5.215045108110565319e-01 5.215045108110565319e-01
5.215045108110560879e-01 5.215045108110564209e-01
5.215045108110561989e-01 5.215045108110563099e-01
5.215045108110563099e-01 5.215045108110565319e-01
5.215045108110560879e-01 5.215045108110564209e-01
5.215045108110565319e-01 5.215045108110566430e-01
5.215045108110561989e-01 5.215045108110564209e-01
5.215045108110565319e-01 5.215045108110565319e-01
5.215045108110565319e-01 5.215045108110566430e-01
5.215045108110561989e-01 5.215045108110564209e-01
5.215045108110563099e-01 5.215045108110563099e-01
5.215045108110565319e-01 5.215045108110566430e-01
5.215045108110564209e-01 5.215045108110565319e-01
5.215045108110563099e-01 5.215045108110564209e-01
5.215045108110563099e-01 5.215045108110565319e-01
5.215045108110565319e-01 5.215045108110565319e-01
5.215045108110564209e-01 5.215045108110565319e-01
5.215045108110561989e-01 5.215045108110564209e-01
5.215045108110566430e-01 5.215045108110566430e-01
5.215045108110564209e-01 5.215045108110565319e-01
5.215045108110563099e-01 5.215045108110565319e-01
5.215045108110564209e-01 5.215045108110564209e-01
5.215045108110563099e-01 5.215045108110564209e-01
5.215045108110561989e-01 5.215045108110564209e-01
5.215045108110565319e-01 5.215045108110565319e-01
5.215045108110565319e-01 5.215045108110566430e-01
5.215045108110559768e-01 5.215045108110563099e-01
5.215045108110560879e-01 5.215045108110563099e-01
5.215045108110564209e-01 5.215045108110565319e-01
5.215045108110566430e-01 5.215045108110566430e-01
5.215045108110566430e-01 5.215045108110567540e-01
5.215045108110565319e-01 5.215045108110566430e-01
5.215045108110560879e-01 5.215045108110561989e-01
5.215045108110565319e-01 5.215045108110565319e-01
5.215045108110557548e-01 5.215045108110561989e-01
5.215045108110564209e-01 5.215045108110566430e-01
5.215045108110563099e-01 5.215045108110564209e-01
5.215045108110561989e-01 5.215045108110564209e-01
5.215045108110563099e-01 5.215045108110565319e-01
5.215045108110564209e-01 5.215045108110565319e-01
5.215045108110564209e-01 5.215045108110564209e-01
5.215045108110564209e-01 5.215045108110566430e-01
5.215045108110560879e-01 5.215045108110564209e-01
5.215045108110564209e-01 5.215045108110565319e-01
5.215045108110560879e-01 5.215045108110564209e-01
5.215045108110565319e-01 5.215045108110566430e-01
5.215045108110563099e-01 5.215045108110564209e-01
5.215045108110563099e-01 5.215045108110564209e-01
5.215045108110563099e-01 5.215045108110565319e-01
5.215045108110561989e-01 5.215045108110565319e-01
5.215045108110563099e-01 5.215045108110564209e-01
5.215045108110566430e-01 5.215045108110566430e-01
5.215045108110563099e-01 5.215045108110565319e-01
5.215045108110561989e-01 5.215045108110563099e-01
5.215045108110563099e-01 5.215045108110564209e-01
5.215045108110565319e-01 5.215045108110565319e-01
5.215045108110560879e-01 5.215045108110563099e-01
5.215045108110564209e-01 5.215045108110564209e-01
5.215045108110561989e-01 5.215045108110563099e-01
5.215045108110560879e-01 5.215045108110561989e-01
5.215045108110561989e-01 5.215045108110561989e-01
5.215045108110555327e-01 5.215045108110560879e-01
5.215045108110564209e-01 5.215045108110564209e-01
5.215045108110560879e-01 5.215045108110563099e-01
5.215045108110557548e-01 5.215045108110559768e-01
5.215045108110563099e-01 5.215045108110565319e-01
5.215045108110564209e-01 5.215045108110564209e-01
5.215045108110558658e-01 5.215045108110564209e-01
5.215045108110564209e-01 5.215045108110564209e-01
5.215045108110561989e-01 5.215045108110561989e-01
5.215045108110564209e-01 5.215045108110566430e-01
5.215045108110564209e-01 5.215045108110564209e-01
5.215045108110565319e-01 5.215045108110565319e-01
5.215045108110563099e-01 5.215045108110565319e-01
5.215045108110563099e-01 5.215045108110566430e-01
5.215045108110563099e-01 5.215045108110563099e-01
5.215045108110564209e-01 5.215045108110565319e-01
5.215045108110563099e-01 5.215045108110564209e-01
5.215045108110566430e-01 5.215045108110566430e-01
5.215045108110560879e-01 5.215045108110565319e-01
5.215045108110560879e-01 5.215045108110564209e-01
5.215045108110561989e-01 5.215045108110563099e-01
5.215045108110564209e-01 5.215045108110565319e-01
5.215045108110564209e-01 5.215045108110565319e-01
5.215045108110563099e-01 5.215045108110565319e-01
5.215045108110565319e-01 5.215045108110565319e-01
5.215045108110559768e-01 5.215045108110560879e-01
5.215045108110565319e-01 5.215045108110566430e-01
5.215045108110563099e-01 5.215045108110565319e-01
5.215045108110560879e-01 5.215045108110564209e-01
5.215045108110561989e-01 5.215045108110563099e-01
5.215045108110559768e-01 5.215045108110564209e-01
5.215045108110563099e-01 5.215045108110564209e-01
5.215045108110560879e-01 5.215045108110560879e-01
5.215045108110559768e-01 5.215045108110563099e-01
5.215045108110564209e-01 5.215045108110565319e-01
5.215045108110561989e-01 5.215045108110563099e-01
5.215045108110563099e-01 5.215045108110565319e-01
5.215045108110558658e-01 5.215045108110563099e-01
5.215045108110563099e-01 5.215045108110565319e-01
5.215045108110561989e-01 5.215045108110565319e-01
5.215045108110564209e-01 5.215045108110566430e-01
5.215045108110563099e-01 5.215045108110565319e-01
5.215045108110563099e-01 5.215045108110563099e-01
5.215045108110557548e-01 5.215045108110563099e-01
5.215045108110563099e-01 5.215045108110564209e-01
5.215045108110564209e-01 5.215045108110564209e-01
5.215045108110558658e-01 5.215045108110558658e-01
5.215045108110565319e-01 5.215045108110565319e-01
5.215045108110559768e-01 5.215045108110565319e-01
5.215045108110561989e-01 5.215045108110565319e-01
5.215045108110560879e-01 5.215045108110561989e-01
5.215045108110564209e-01 5.215045108110564209e-01
5.215045108110561989e-01 5.215045108110563099e-01
5.215045108110560879e-01 5.215045108110563099e-01
5.215045108110565319e-01 5.215045108110565319e-01
5.215045108110559768e-01 5.215045108110565319e-01
5.215045108110558658e-01 5.215045108110564209e-01
5.215045108110561989e-01 5.215045108110564209e-01
5.215045108110564209e-01 5.215045108110565319e-01
5.215045108110561989e-01 5.215045108110564209e-01
5.215045108110560879e-01 5.215045108110563099e-01
5.215045108110560879e-01 5.215045108110563099e-01
5.215045108110561989e-01 5.215045108110564209e-01
5.215045108110560879e-01 5.215045108110563099e-01
5.215045108110560879e-01 5.215045108110564209e-01
5.215045108110561989e-01 5.215045108110563099e-01
5.215045108110564209e-01 5.215045108110564209e-01
5.215045108110564209e-01 5.215045108110565319e-01
5.215045108110557548e-01 5.215045108110564209e-01
5.215045108110561989e-01 5.215045108110561989e-01
5.215045108110561989e-01 5.215045108110565319e-01
5.215045108110564209e-01 5.215045108110564209e-01
5.215045108110564209e-01 5.215045108110565319e-01
5.215045108110563099e-01 5.215045108110564209e-01
5.215045108110561989e-01 5.215045108110563099e-01
5.215045108110564209e-01 5.215045108110564209e-01
5.215045108110564209e-01 5.215045108110565319e-01
5.215045108110566430e-01 5.215045108110566430e-01
5.215045108110565319e-01 5.215045108110565319e-01
5.215045108110559768e-01 5.215045108110561989e-01
5.215045108110564209e-01 5.215045108110564209e-01
5.215045108110561989e-01 5.215045108110565319e-01
5.215045108110563099e-01 5.215045108110564209e-01
5.215045108110561989e-01 5.215045108110565319e-01
5.215045108110560879e-01 5.215045108110563099e-01
5.215045108110561989e-01 5.215045108110561989e-01
5.215045108110563099e-01 5.215045108110563099e-01
5.215045108110564209e-01 5.215045108110564209e-01
5.215045108110563099e-01 5.215045108110565319e-01
5.215045108110565319e-01 5.215045108110565319e-01
5.215045108110563099e-01 5.215045108110565319e-01
5.215045108110563099e-01 5.215045108110564209e-01
5.215045108110561989e-01 5.215045108110561989e-01
5.215045108110564209e-01 5.215045108110565319e-01
5.215045108110563099e-01 5.215045108110566430e-01
5.215045108110564209e-01 5.215045108110565319e-01
5.215045108110564209e-01 5.215045108110564209e-01
5.215045108110561989e-01 5.215045108110564209e-01
5.215045108110564209e-01 5.215045108110564209e-01
5.215045108110560879e-01 5.215045108110563099e-01
5.215045108110560879e-01 5.215045108110564209e-01
5.215045108110560879e-01 5.215045108110561989e-01
5.215045108110564209e-01 5.215045108110564209e-01
5.215045108110563099e-01 5.215045108110564209e-01
5.215045108110557548e-01 5.215045108110563099e-01
5.215045108110560879e-01 5.215045108110564209e-01
5.215045108110564209e-01 5.215045108110565319e-01
5.215045108110565319e-01 5.215045108110565319e-01
5.215045108110565319e-01 5.215045108110566430e-01
5.215045108110561989e-01 5.215045108110564209e-01
5.215045108110565319e-01 5.215045108110566430e-01
5.215045108110559768e-01 5.215045108110561989e-01
5.215045108110561989e-01 5.215045108110564209e-01
5.215045108110561989e-01 5.215045108110565319e-01
5.215045108110566430e-01 5.215045108110566430e-01
5.215045108110563099e-01 5.215045108110563099e-01
5.215045108110563099e-01 5.215045108110565319e-01
5.215045108110561989e-01 5.215045108110563099e-01
5.215045108110561989e-01 5.215045108110561989e-01
5.215045108110564209e-01 5.215045108110566430e-01
5.215045108110561989e-01 5.215045108110565319e-01
5.215045108110559768e-01 5.215045108110564209e-01
5.215045108110554217e-01 5.215045108110564209e-01
5.215045108110565319e-01 5.215045108110565319e-01
5.215045108110564209e-01 5.215045108110566430e-01
5.215045108110555327e-01 5.215045108110560879e-01
5.215045108110560879e-01 5.215045108110563099e-01
5.215045108110563099e-01 5.215045108110563099e-01
5.215045108110560879e-01 5.215045108110563099e-01
5.215045108110563099e-01 5.215045108110564209e-01
5.215045108110559768e-01 5.215045108110564209e-01
5.215045108110561989e-01 5.215045108110565319e-01
5.215045108110557548e-01 5.215045108110560879e-01
5.215045108110565319e-01 5.215045108110565319e-01
5.215045108110563099e-01 5.215045108110563099e-01
5.215045108110560879e-01 5.215045108110563099e-01
5.215045108110563099e-01 5.215045108110564209e-01
5.215045108110561989e-01 5.215045108110561989e-01
5.215045108110564209e-01 5.215045108110564209e-01
5.215045108110559768e-01 5.215045108110563099e-01
5.215045108110561989e-01 5.215045108110563099e-01
5.215045108110560879e-01 5.215045108110563099e-01
5.215045108110565319e-01 5.215045108110566430e-01
5.215045108110565319e-01 5.215045108110565319e-01
5.215045108110564209e-01 5.215045108110564209e-01
5.215045108110564209e-01 5.215045108110565319e-01
5.215045108110558658e-01 5.215045108110566430e-01
5.215045108110563099e-01 5.215045108110565319e-01
5.215045108110557548e-01 5.215045108110565319e-01
5.215045108110559768e-01 5.215045108110561989e-01
5.215045108110560879e-01 5.215045108110561989e-01
5.215045108110561989e-01 5.215045108110565319e-01
5.215045108110563099e-01 5.215045108110563099e-01
5.215045108110559768e-01 5.215045108110565319e-01
5.215045108110563099e-01 5.215045108110565319e-01
5.215045108110563099e-01 5.215045108110564209e-01
5.215045108110563099e-01 5.215045108110564209e-01
5.215045108110559768e-01 5.215045108110560879e-01
5.215045108110563099e-01 5.215045108110565319e-01
5.215045108110561989e-01 5.215045108110561989e-01
5.215045108110558658e-01 5.215045108110560879e-01
5.215045108110564209e-01 5.215045108110566430e-01
5.215045108110564209e-01 5.215045108110564209e-01
5.215045108110563099e-01 5.215045108110564209e-01
5.215045108110563099e-01 5.215045108110563099e-01
5.215045108110564209e-01 5.215045108110564209e-01
5.215045108110563099e-01 5.215045108110563099e-01
5.215045108110563099e-01 5.215045108110564209e-01
5.215045108110560879e-01 5.215045108110564209e-01
5.215045108110563099e-01 5.215045108110563099e-01
5.215045108110560879e-01 5.215045108110560879e-01
5.215045108110563099e-01 5.215045108110563099e-01
5.215045108110560879e-01 5.215045108110563099e-01
5.215045108110561989e-01 5.215045108110564209e-01
5.215045108110560879e-01 5.215045108110563099e-01
5.215045108110564209e-01 5.215045108110564209e-01
5.215045108110565319e-01 5.215045108110565319e-01
5.215045108110563099e-01 5.215045108110566430e-01
5.215045108110564209e-01 5.215045108110565319e-01
5.215045108110561989e-01 5.215045108110563099e-01
5.215045108110559768e-01 5.215045108110564209e-01
5.186859124672026367e-01 5.191120713597289216e-01
5.158667706242608952e-01 5.167195582063701664e-01
5.130470883066995391e-01 5.143269713620044481e-01
5.102268685186139852e-01 5.119343108380554064e-01
5.074061142438761607e-01 5.095415766463491369e-01
5.045848284462870481e-01 5.071487687991139692e-01
5.017630140697134644e-01 5.047558873089813547e-01
4.989406740382449912e-01 5.023629321889855337e-01
4.961178112563321418e-01 4.999699034525598718e-01
4.932944286089315789e-01 4.975768011135397462e-01
4.904705289616472785e-01 4.951836251861567728e-01
4.876461151608754152e-01 4.927903756850429695e-01
4.848211900339428615e-01 4.903970526252245388e-01
4.819957563892469099e-01 4.880036560221266972e-01
4.791698170163956605e-01 4.856101858915675140e-01
4.763433746863444118e-01 4.832166422497597424e-01
4.735164321515321073e-01 4.808230251133075450e-01
4.706889921460212234e-01 4.784293344992091024e-01
4.678610573856271659e-01 4.760355704248521169e-01
4.650326305680567152e-01 4.736417329080139793e-01
4.622037143730385322e-01 4.712478219668599366e-01
4.593743114624573853e-01 4.688538376199445357e-01
4.565444244804842122e-01 4.664597798862079037e-01
4.537140560537057943e-01 4.640656487849760259e-01
4.508832087912564290e-01 4.616714443359581366e-01
4.480518852849450506e-01 4.592771665592475516e-01
4.452200881093802964e-01 4.568828154753201143e-01
4.423878198221033453e-01 4.544883911050305869e-01
4.395550829637074886e-01 4.520938934696177025e-01
4.367218800579666937e-01 4.496993225906946723e-01
4.338882136119575628e-01 4.473046784902541262e-01
4.310540861161835657e-01 4.449099611906669471e-01
4.282195000446973876e-01 4.425151707146764979e-01
4.253844578552197220e-01 4.401203070854015076e-01
4.225489619892637827e-01 4.377253703263351836e-01
4.197130148722505449e-01 4.353303604613396049e-01
4.168766189136311473e-01 4.329352775146514398e-01
4.140397765070016889e-01 4.305401215108745072e-01
4.112024900302208019e-01 4.281448924749805540e-01
4.083647618455273909e-01 4.257495904323117530e-01
4.055265942996539863e-01 4.233542154085716547e-01
4.026879897239404316e-01 4.209587674298337912e-01
3.998489504344509005e-01 4.185632465225322951e-01
3.970094787320821994e-01 4.161676527134639536e-01
3.941695769026779539e-01 4.137719860297884300e-01
3.913292472171400194e-01 4.113762464990241563e-01
3.884884919315355067e-01 4.089804341490482220e-01
3.856473132872104692e-01 4.065845490080962632e-01
3.828057135108955955e-01 4.041885911047607971e-01
3.799636948148134019e-01 4.017925604679878360e-01
3.793109704150904316e-01 4.012424233306291499e-01
3.786582225392495782e-01 4.006922793748831091e-01
3.780054512346124884e-01 4.001421286409099221e-01
3.773526565480808670e-01 3.995919711682400233e-01
3.766998385261532967e-01 3.990418069957939462e-01
3.760469972149264040e-01 3.984916361619063041e-01
3.753941326601031858e-01 3.979414587043466067e-01
3.747412449070057217e-01 3.973912746603360802e-01
3.740883340005847213e-01 3.968410840665684836e-01
3.734353999854146400e-01 3.962908869592264294e-01
3.727824429057161049e-01 3.957406833739948726e-01
3.721294628053483655e-01 3.951904733460759878e-01
3.714764597278313318e-01 3.946402569102041569e-01
3.708234337163404115e-01 3.940900341006511320e-01
3.701703848137183339e-01 3.935398049512386365e-01
3.695173130624784807e-01 3.929895694953454699e-01
3.688642185048170985e-01 3.924393277659122270e-01
3.682111011826101343e-01 3.918890797954473482e-01
3.675579611374317768e-01 3.913388256160278966e-01
3.669047984105432980e-01 3.907885652593033887e-01
3.662516130429175898e-01 3.902382987564944061e-01
3.655984050752265624e-01 3.896880261383974808e-01
3.649451745478636822e-01 3.891377474353778787e-01
3.642919215009317035e-01 3.885874626773732632e-01
3.636386459742655397e-01 3.880371718938895320e-01
3.629853480074216043e-01 3.874868751140002621e-01
3.623320276396941320e-01 3.869365723663459877e-01
3.616786849101101264e-01 3.863862636791296490e-01
3.610253198574446265e-01 3.858359490801185343e-01
3.603719325202156543e-01 3.852856285966412830e-01
3.597185229366958170e-01 3.847353022555889956e-01
3.590650911449072002e-01 3.841849700834141790e-01
3.584116371826392977e-01 3.836346321061332443e-01
3.577581610874418505e-01 3.830842883493246753e-01
3.571046628966314529e-01 3.825339388381353012e-01
3.564511426472980471e-01 3.819835835972792415e-01
3.557976003763075878e-01 3.814332226510450119e-01
3.551440361203047069e-01 3.808828560232955240e-01
3.544904499157169320e-01 3.803324837374745804e-01
3.538368417987568515e-01 3.797821058166129804e-01
3.531832118054296088e-01 3.792317222833315182e-01
3.525295599715325690e-01 3.786813331598497534e-01
3.518758863326600372e-01 3.781309384679894525e-01
3.512221909242054796e-01 3.775805382291828605e-01
3.505684737813670182e-01 3.770301324644802499e-01
3.499147349391451001e-01 3.764797211945559718e-01
3.492609744323555976e-01 3.759293044397159500e-01
3.486071922956207603e-01 3.753788822199042863e-01
3.479533885633825929e-01 3.748284545547131419e-01
3.472995632698961388e-01 3.742780214633880109e-01
3.472995632698960278e-01 3.742780214633878999e-01
3.472995632698960278e-01 3.742780214633878999e-01
3.472995632698960278e-01 3.742780214633878999e-01
3.472995632698960278e-01 3.742780214633878999e-01
3.472995632698960278e-01 3.742780214633878999e-01
3.472995632698960278e-01 3.742780214633878999e-01
3.472995632698960278e-01 3.742780214633878999e-01
3.472995632698960278e-01 3.742780214633878999e-01
3.472995632698960278e-01 3.742780214633878999e-01
3.472995632698960278e-01 3.742780214633878999e-01
3.472995632698960278e-01 3.742780214633878999e-01
3.472995632698960278e-01 3.742780214633878999e-01
3.472995632698960278e-01 3.742780214633878999e-01
3.472995632698960278e-01 3.742780214633878999e-01
3.472995632698960278e-01 3.742780214633878999e-01
3.472995632698960278e-01 3.742780214633878999e-01
3.472995632698960278e-01 3.742780214633878999e-01
3.472995632698960278e-01 3.742780214633878999e-01
3.472995632698960278e-01 3.742780214633878999e-01
3.472995632698960278e-01 3.742780214633878999e-01
3.472995632698960278e-01 3.742780214633878999e-01
3.472995632698960278e-01 3.742780214633878999e-01
3.472995632698960278e-01 3.742780214633878999e-01
3.472995632698960278e-01 3.742780214633878999e-01
3.472995632698960278e-01 3.742780214633878999e-01
3.472995632698960278e-01 3.742780214633878999e-01
3.472995632698960278e-01 3.742780214633878999e-01
3.472995632698960278e-01 3.742780214633878999e-01
3.472995632698960278e-01 3.742780214633878999e-01
3.472995632698960278e-01 3.742780214633878999e-01
3.472995632698960278e-01 3.742780214633878999e-01
3.472995632698960278e-01 3.742780214633878999e-01
3.472995632698960278e-01 3.742780214633878999e-01
3.472995632698960278e-01 3.742780214633878999e-01
3.472995632698960278e-01 3.742780214633878999e-01
3.472995632698960278e-01 3.742780214633878999e-01
3.472995632698960278e-01 3.742780214633878999e-01
3.472995632698960278e-01 3.742780214633878999e-01
3.472995632698960278e-01 3.742780214633878999e-01
3.472995632698960278e-01 3.742780214633878999e-01
3.472995632698960278e-01 3.742780214633878999e-01
3.472995632698960278e-01 3.742780214633878999e-01
3.472995632698960278e-01 3.742780214633878999e-01
3.472995632698960278e-01 3.742780214633878999e-01
3.472995632698960278e-01 3.742780214633878999e-01
3.472995632698960278e-01 3.742780214633878999e-01
3.472995632698960278e-01 3.742780214633878999e-01
3.472995632698960278e-01 3.742780214633878999e-01
3.472995632698960278e-01 3.742780214633878999e-01
3.472995632698960278e-01 3.742780214633878999e-01
3.402221966286520516e-01 3.683202672589245830e-01
3.331424267647970505e-01 3.623620528056388790e-01
3.260602851510517319e-01 3.564033801358923448e-01
3.189758026396676827e-01 3.504442510852908699e-01
3.118890094942412539e-01 3.444846673277764393e-01
3.047999354168585140e-01 3.385246304038485587e-01
2.977086095715636982e-01 3.325641417434218039e-01
2.906150606049230922e-01 3.266032026844752911e-01
2.835193166642223095e-01 3.206418144883599886e-01
2.764214054137940080e-01 3.146799783524402150e-01
2.693213540497621517e-01 3.087176954205916868e-01
2.622191893135109031e-01 3.027549667919646192e-01
2.551149375040918099e-01 2.967917935283300723e-01
2.480086244897074799e-01 2.908281766602724971e-01
2.409002757184522947e-01 2.848641171924213844e-01
2.337899162283735288e-01 2.788996161079022040e-01
2.266775706569909565e-01 2.729346743721189350e-01
2.195632632502942660e-01 2.669692929359935851e-01
2.124470178713318558e-01 2.610034727387416931e-01
2.053288580084026427e-01 2.550372147102581422e-01
1.982088067829060607e-01 2.490705197731692411e-01
1.910868869568892181e-01 2.431033888446135216e-01
1.839631209403102541e-01 2.371358228377703770e-01
1.768375307980532551e-01 2.311678226631940225e-01
1.697101382567059447e-01 2.251993892299674060e-01
1.625809647111279566e-01 2.192305234467014918e-01
1.554500312308162158e-01 2.132612262224093946e-01
1.483173585660885752e-01 2.072914984672599714e-01
1.411829671540942022e-01 2.013213410932367387e-01
1.340468771246589863e-01 1.953507550147109972e-01
1.269091083059809832e-01 1.893797411489354932e-01
1.197696802301772695e-01 1.834083004164745179e-01
1.126286121386962380e-01 1.774364337415770820e-01
1.054859229875950016e-01 1.714641420524981863e-01
9.834163145269540773e-02 1.654914262817716031e-01
9.119575593461495822e-02 1.595182873664492407e-01
8.404831456368627718e-02 1.535447262482989850e-01
7.689932520476429334e-02 1.475707438739761457e-01
6.974880546192643860e-02 1.415963411951639273e-01
6.259677268306931830e-02 1.356215191686905019e-01
5.544324396440779984e-02 1.296462787566242947e-01
4.828823615487452120e-02 1.236706209263488676e-01
4.113176586042999877e-02 1.176945466506188614e-01
3.397384944827788744e-02 1.117180569076057089e-01
2.681450305099638415e-02 1.057411526809198671e-01
1.965374257058257607e-02 9.976383495963116188e-02
1.249158368241354289e-02 9.378610473827007910e-02
5.328041839126148281e-03 8.780796301681843830e-02
-1.836867725577886893e-03 8.182941080069904005e-02
-9.003129993207830556e-03 7.585044910074840996e-02
