-1.639689595205268358e+00 -1.490286759134340722e+00 -1.379918452644970372e+00 -1.107780032268364634e+00 -6.649060655117901009e-01 -5.545377590224199738e-01 -4.051349229514917827e-01 -2.823993386458142352e-01 -1.329965025748860996e-01 -2.262819608551569842e-02
-1.639689595205268358e+00 -1.490286759134340722e+00 -1.379918452644969928e+00 -1.107780032268364634e+00 -6.649060655117898788e-01 -5.545377590224200848e-01 -4.051349229514918937e-01 -2.823993386458139021e-01 -1.329965025748862106e-01 -2.262819608551615291e-02
-1.639309298251765856e+00 -1.490127084895896958e+00 -1.375478350983350140e+00 -1.107571187468453955e+00 -6.637160941433790651e-01 -4.994712024928570915e-01 -3.364528381886863206e-01 -2.728479985650987261e-01 -1.300054001674629256e-01 1.377387567870803214e-02
-1.639301522389764676e+00 -1.489967991222072907e+00 -1.375065867594679858e+00 -1.107458552253620443e+00 -6.586916139604367393e-01 -4.994094345779345745e-01 -3.358679862506367964e-01 -2.560998124254847963e-01 -3.650882090530743751e-02 1.000553649241655851e-01
-1.661417378834070702e+00 -1.553460394134072997e+00 -1.412718246925858123e+00 -1.110348643530979507e+00 -6.668406706128523487e-01 -4.999394921104347578e-01 -3.368209205069540579e-01 -2.561245160241940599e-01 -3.667570154965807405e-02 1.000444863005035684e-01
-1.658481327366039038e+00 -1.552146682205392647e+00 -1.412540952800013239e+00 -1.109686648369007322e+00 -6.231938877124180154e-01 -4.848203407523631325e-01 -3.148134470832239518e-01 -2.476909179550473294e-01 -3.667374299036772062e-02 1.001746366555144041e-01
-1.766507980946597112e+00 -1.554687580092750432e+00 -1.490453272976012933e+00 -1.109869772019539624e+00 -6.267270320020228436e-01 -4.848579931787108110e-01 -3.156697243917432338e-01 -2.477134988779925995e-01 -3.672569402663778543e-02 9.960999150784830003e-02
-1.766495341922324380e+00 -1.553781474549539965e+00 -1.490442518298891406e+00 -1.109084885568610623e+00 -6.245154263520835691e-01 -4.599252187924091628e-01 -2.900771412013585793e-01 -2.397522352825355307e-01 3.608826952504723407e-02 1.797313889829507128e-01
-1.766412871117659211e+00 -1.553666757745016724e+00 -1.490326238408807624e+00 -1.104052615366128531e+00 -6.227608045251239455e-01 -4.524375870759155815e-01 -2.859615197852029556e-01 -1.608474205912967525e-01 4.608762602131584452e-02 1.810914592798583411e-01
-1.766343062240664841e+00 -1.553100985873261841e+00 -1.490142801106483006e+00 -1.104050511186961625e+00 -6.121362708400689412e-01 -4.452679375805525530e-01 -2.837863408641093099e-01 -1.607981085534895827e-01 4.626714007481028124e-02 1.811067671756078634e-01
-1.854354234333712270e+00 -1.671750498261949547e+00 -1.527409848017621696e+00 -1.108946502346872309e+00 -6.143887571137606196e-01 -4.467609759644703415e-01 -2.837920868857554124e-01 -1.608002649413529106e-01 4.612281318048081641e-02 1.806096294029110871e-01
-1.856654936703298953e+00 -1.671827850117341363e+00 -1.529053191156769742e+00 -1.220056825917655186e+00 -6.144892805413303405e-01 -4.469641196143284700e-01 -2.838043710271144771e-01 -1.659983731383265215e-01 4.559256623370994133e-02 1.803096689684295650e-01
-1.856654936703299175e+00 -1.671827850117341141e+00 -1.529053191156769964e+00 -1.220056825917655852e+00 -6.144892805413296744e-01 -4.469641196143278039e-01 -2.838043710271141995e-01 -1.659983731383266881e-01 4.559256623371008010e-02 1.803096689684295928e-01
-1.856654936703298953e+00 -1.671827850117341141e+00 -1.529053191156769964e+00 -1.220056825917656296e+00 -6.144892805413302295e-01 -4.469641196143282480e-01 -2.838043710271143660e-01 -1.659983731383268268e-01 4.559256623371035766e-02 1.803096689684293985e-01
-1.856654936703298953e+00 -1.671827850117341141e+00 -1.529053191156769520e+00 -1.220056825917654963e+00 -6.144892805413303405e-01 -4.469641196143283590e-01 -2.838043710271144771e-01 -1.659983731383265215e-01 4.559256623371005235e-02 1.803096689684296483e-01
-1.856654936703299397e+00 -1.671827850117340919e+00 -1.529053191156770408e+00 -1.220056825917656296e+00 -6.144892805413302295e-01 -4.469641196143283035e-01 -2.838043710271140885e-01 -1.659983731383266048e-01 4.559256623371008010e-02 1.803096689684294263e-01
-1.856654936703299619e+00 -1.671827850117340697e+00 -1.529053191156770186e+00 -1.220056825917656296e+00 -6.144892805413300074e-01 -4.469641196143281925e-01 -2.838043710271145326e-01 -1.659983731383269101e-01 4.559256623371002459e-02 1.803096689684290932e-01
-1.856654936703299397e+00 -1.671827850117340697e+00 -1.529053191156769964e+00 -1.220056825917656296e+00 -6.144892805413302295e-01 -4.469641196143282480e-01 -2.838043710271144215e-01 -1.659983731383266048e-01 4.559256623371002459e-02 1.803096689684293152e-01
-1.856654936703299397e+00 -1.671827850117341585e+00 -1.529053191156769742e+00 -1.220056825917656962e+00 -6.144892805413303405e-01 -4.469641196143283590e-01 -2.838043710271144771e-01 -1.659983731383265493e-01 4.559256623371022582e-02 1.803096689684291487e-01
-1.856654936703300285e+00 -1.671827850117342251e+00 -1.529053191156770630e+00 -1.220056825917656518e+00 -6.144892805413302295e-01 -4.469641196143285811e-01 -2.838043710271143660e-01 -1.659983731383267158e-01 4.559256623371011480e-02 1.803096689684298148e-01
-1.856654936703300285e+00 -1.671827850117342251e+00 -1.529053191156770630e+00 -1.220056825917656518e+00 -6.144892805413302295e-01 -4.469641196143285811e-01 -2.838043710271143660e-01 -1.659983731383267158e-01 4.559256623371011480e-02 1.803096689684298148e-01
-1.856654936703299619e+00 -1.671827850117341141e+00 -1.529053191156770408e+00 -1.220056825917655852e+00 -6.144892805413303405e-01 -4.469641196143283035e-01 -2.838043710271145326e-01 -1.659983731383267436e-01 4.559256623371022582e-02 1.803096689684296761e-01
-1.856654936703299619e+00 -1.671827850117342029e+00 -1.529053191156769964e+00 -1.220056825917656074e+00 -6.144892805413304515e-01 -4.469641196143284700e-01 -2.838043710271146436e-01 -1.659983731383265770e-01 4.559256623371008704e-02 1.803096689684295928e-01
-1.856654936703299397e+00 -1.671827850117341807e+00 -1.529053191156770186e+00 -1.220056825917656074e+00 -6.144892805413300074e-01 -4.469641196143281925e-01 -2.838043710271143105e-01 -1.659983731383268268e-01 4.559256623370997602e-02 1.803096689684290654e-01
-1.856654936703299397e+00 -1.671827850117341807e+00 -1.529053191156770408e+00 -1.220056825917655408e+00 -6.144892805413301184e-01 -4.469641196143283035e-01 -2.838043710271145326e-01 -1.659983731383268546e-01 4.559256623370972622e-02 1.803096689684292320e-01
-1.856654936703299841e+00 -1.671827850117341363e+00 -1.529053191156770630e+00 -1.220056825917655408e+00 -6.144892805413303405e-01 -4.469641196143283035e-01 -2.838043710271141995e-01 -1.659983731383264105e-01 4.559256623371019806e-02 1.803096689684294818e-01
