1.620633899959826207e+00 1.620633899959826651e+00
1.620633899959825985e+00 1.620633899959826207e+00
1.620633899959826651e+00 1.620633899959827318e+00
1.620633899959826651e+00 1.620633899959826651e+00
1.620633899959825763e+00 1.620633899959826207e+00
1.620633899959826207e+00 1.620633899959826429e+00
1.620633899959826207e+00 1.620633899959826651e+00
1.620633899959826651e+00 1.620633899959826874e+00
1.620633899959826429e+00 1.620633899959826651e+00
1.620633899959825541e+00 1.620633899959826651e+00
1.620633899959826874e+00 1.620633899959826874e+00
1.620633899959826651e+00 1.620633899959826651e+00
1.620633899959825763e+00 1.620633899959826429e+00
1.620633899959826651e+00 1.620633899959826874e+00
1.620633899959826207e+00 1.620633899959826874e+00
1.620633899959825097e+00 1.620633899959826207e+00
1.463980197458375709e+00 1.463980213578103262e+00
1.307326494874025968e+00 1.307326527195971755e+00
9.320968778896069340e-01 1.166704619724021841e+00
5.227741326434407476e-01 7.646953881425000432e-01
3.065965647345208489e-01 5.650216814577460056e-01
8.921329091060349603e-02 3.508687434026097063e-01
-1.012362253489611508e-01 3.427557603826680843e-01
-2.925872357329344919e-01 3.343160200761883805e-01
-2.925872357329344919e-01 3.343160200761887135e-01
-2.925872357329344364e-01 3.343160200761889911e-01
-5.081892427715910543e-01 2.355790294976970178e-01
-7.241918279673580372e-01 4.695794439259686620e-02
-9.897155537883423060e-01 4.538780911093720505e-03
-1.255653386510688696e+00 -5.842951074346254547e-02
-1.494942852615117168e+00 -6.164564028219025188e-02
-1.734457364403449331e+00 -6.487887396338290480e-02
-1.734457364072264696e+00 -6.484741931897052003e-02
-1.734457363753561188e+00 -6.484724486609803884e-02
-1.734457363753561410e+00 -6.484724486603650473e-02
-1.734457363753561410e+00 -6.484724486597463755e-02
-1.734457363672011532e+00 -6.484718549848128566e-02
-1.734457363591230150e+00 -6.484716126177618445e-02
-1.734457361922445262e+00 -6.484710909461031958e-02
-1.734457360544992000e+00 -6.484710520857513150e-02
-1.734457360441686635e+00 -6.484710491659059772e-02
-1.734457360339733745e+00 -6.484710464989508483e-02
-1.734457358504981173e+00 -6.484710059665675652e-02
-1.734457357042276771e+00 -6.484709921434955726e-02
-1.734457356974196118e+00 -6.484709915700416494e-02
-1.734457356906833558e+00 -6.484709910085782736e-02
-1.734457356906514258e+00 -6.484709910059396898e-02
-1.734457356906195180e+00 -6.484709910032918079e-02
-1.734530971939929334e+00 -1.983760760081333674e-01
-1.734612418032514203e+00 -3.376395154233680085e-01
-1.734749687050541445e+00 -3.727020042146552692e-01
-1.734914680658528052e+00 -5.715853237693262479e-01
-1.735014809679865211e+00 -6.363580284844954083e-01
-1.735127883397157067e+00 -7.342228343141711244e-01
-1.735229260853146327e+00 -7.498118044865669241e-01
-1.735344046713295452e+00 -7.719843957897547515e-01
-1.735406032358306705e+00 -8.144561056360389850e-01
-1.735472305396078552e+00 -8.614683868377424059e-01
-1.735667439759093655e+00 -9.589207205838498060e-01
-1.735910995828132464e+00 -1.088912219432433215e+00
-1.736033604883781223e+00 -1.126263404181523375e+00
-1.736171855503357397e+00 -1.175890882545563842e+00
-1.736307894554617093e+00 -1.217196269591080515e+00
-1.736462375313098327e+00 -1.269543404979345036e+00
-1.736577646223074645e+00 -1.269564636317202400e+00
-1.736710450752920076e+00 -1.269588395042797524e+00
-1.736788075096235895e+00 -1.269602845733527552e+00
-1.736872157341452727e+00 -1.269618533472304245e+00
-1.736943845553916344e+00 -1.269630271922707943e+00
-1.737021458016474007e+00 -1.269642734201100520e+00
-1.737231354403918182e+00 -1.269681426808085822e+00
-1.737489618702463323e+00 -1.269729076554290570e+00
-1.737643249562148329e+00 -1.269754726225127639e+00
-1.737824367567582406e+00 -1.269783667796773763e+00
-1.738163623949157355e+00 -1.272762920380226204e+00
-1.738628402598271006e+00 -1.339881046809283660e+00
-1.738782028555617698e+00 -1.339903108974063395e+00
-1.738960013820317396e+00 -1.339936614861281017e+00
-1.739226857319985164e+00 -1.339955328055106420e+00
-1.739560316148138108e+00 -1.339976227756294991e+00
-1.739737446614435301e+00 -1.340039918916863693e+00
-1.739964268575169060e+00 -1.340123498474648622e+00
-1.739980389541674999e+00 -1.340125325727338446e+00
-1.739996844881353644e+00 -1.340127288787070770e+00
-1.740242787304086658e+00 -1.340208378566467795e+00
-1.740565869934438181e+00 -1.340321116154696623e+00
-1.740712131247426520e+00 -1.340358117281150507e+00
-1.740880162059998515e+00 -1.340403098253730718e+00
-1.740880162059998515e+00 -1.340403098253729164e+00
-1.740880162059998515e+00 -1.340403098253730274e+00
-1.741138783087283537e+00 -1.340411934046896958e+00
-1.741471080875084620e+00 -1.340427599521031521e+00
-1.741547271965091070e+00 -1.340436579911344905e+00
-1.741627821024225309e+00 -1.340446732983680000e+00
-1.742112792574651570e+00 -1.340446732994197365e+00
-1.742838399930380255e+00 -1.340446733006963820e+00
-1.742852638288471034e+00 -1.340471584247943770e+00
-1.742868324183585171e+00 -1.340500482030282159e+00
-1.742885408185303353e+00 -1.340527378896406940e+00
-1.742904690626150721e+00 -1.340560524428512812e+00
-1.742905291796100764e+00 -1.340561658036988790e+00
-1.742905894947533563e+00 -1.340562800294575752e+00
-1.742926359474699982e+00 -1.340576928517206667e+00
-1.742949502732538569e+00 -1.340620948171334703e+00
-1.742976180653052820e+00 -1.340623289594185863e+00
-1.743007112228277311e+00 -1.340672322698781116e+00
-1.743028145633526815e+00 -1.340706977263754096e+00
-1.743051331884834854e+00 -1.340750466460771895e+00
-1.743109195985552917e+00 -1.340752571250016123e+00
-1.743183829080998892e+00 -1.340757019434464681e+00
-1.743227902985104993e+00 -1.340769950640728236e+00
-1.743282166634729347e+00 -1.340784844421855304e+00
-1.743282735928591842e+00 -1.340981758545956248e+00
-1.743283366167988291e+00 -1.341215920763323188e+00
-1.743284115918430466e+00 -1.341239498199694236e+00
-1.743284971642526271e+00 -1.341408199436501691e+00
-1.743285364225717560e+00 -1.341458682641338385e+00
-1.743285777383503321e+00 -1.341523699039743223e+00
-1.743286257847825427e+00 -1.341619622524180544e+00
-1.743286775423782631e+00 -1.341807829505441196e+00
-1.743287464984030644e+00 -1.341840845610769550e+00
-1.743288225692602555e+00 -1.342048202454270145e+00
-1.743288550428861772e+00 -1.342070734339238181e+00
-1.743288890587658679e+00 -1.342112855812076955e+00
-1.743289239902127363e+00 -1.342114352484210738e+00
-1.743289606987951990e+00 -1.342115882087361101e+00
-1.743289606987952212e+00 -1.342115882087360434e+00
-1.743289606987952878e+00 -1.342115882087359768e+00
-1.743289606987952434e+00 -1.342115882087359990e+00
-1.743289606987953100e+00 -1.342115882087360212e+00
-1.743289606987952212e+00 -1.342115882087359324e+00
-1.743289606987953322e+00 -1.342115882087358436e+00
-1.743289606987952434e+00 -1.341827723972329300e+00
-1.743289606987952434e+00 -1.341629929064357407e+00
-1.743289606987951990e+00 -1.341569939478528095e+00
-1.743289606987951768e+00 -1.341569914004470565e+00
-1.743289606987953100e+00 -1.341569907343344914e+00
-1.743289606987951768e+00 -1.341569901239632712e+00
-1.743289606987953766e+00 -1.341569888767264018e+00
-1.743289606987952434e+00 -1.341569884194611761e+00
-1.743289606987951545e+00 -1.341200863970654300e+00
-1.743289606987951101e+00 -1.341200862392689208e+00
-1.743289606987952434e+00 -1.338512377436111178e+00
-1.743289606987952656e+00 -1.336261317791944681e+00
-1.743618412475532287e+00 -1.336448565481530348e+00
-1.743998489102743132e+00 -1.336662228934724528e+00
-1.744029244555420632e+00 -1.336677756394453853e+00
-1.744060331217163196e+00 -1.336695392499932300e+00
-1.744140631296183797e+00 -1.336719392341865653e+00
-1.744223344015443100e+00 -1.336767371873913257e+00
-1.744249957809224982e+00 -1.336779742356657641e+00
-1.744276827136703290e+00 -1.336792480025719820e+00
-1.744618174805115052e+00 -1.336929471900261568e+00
-1.745011952480221673e+00 -1.337105116003165506e+00
-1.745386695566439439e+00 -1.337188918202363519e+00
-1.745812044727665047e+00 -1.337443889602761171e+00
-1.746054471152199694e+00 -1.337456059018653276e+00
-1.746316044501281084e+00 -1.337469240128604131e+00
-1.746602972503549234e+00 -1.337479237481220995e+00
-1.746915136405377211e+00 -1.337489850611536246e+00
-1.747063583974001855e+00 -1.337573315068273372e+00
-1.747220968914227068e+00 -1.337661273015872343e+00
-1.747452431095100733e+00 -1.337787057068387186e+00
-1.747702093850312055e+00 -1.337947263379442031e+00
-1.747975608447528639e+00 -1.338061256192574877e+00
-1.748279672095687687e+00 -1.338192495030340101e+00
-1.748457184308814361e+00 -1.338226450600974893e+00
-1.748645529625785899e+00 -1.338270306426328382e+00
-1.748853693958072775e+00 -1.338366157682278734e+00
-1.749075403475223611e+00 -1.338485223638258947e+00
-1.749286802874187474e+00 -1.338579474852980011e+00
-1.749513362303300124e+00 -1.338689357362432997e+00
-1.749889719456625636e+00 -1.338689478627734131e+00
-1.750306129916757714e+00 -1.338690226019950469e+00
-1.750707754357622603e+00 -1.338744598697552579e+00
-1.751164053113057006e+00 -1.338803745290891412e+00
-1.751164053113057895e+00 -1.338803745290892078e+00
-1.751164053113056784e+00 -1.338803745290891634e+00
-1.805974352368625135e+00 -1.392621200580957730e+00
-1.862887846843434003e+00 -1.448210763390208156e+00
-1.879719109790978226e+00 -1.460635358510039561e+00
-1.896658012472694388e+00 -1.473138818727095067e+00
-1.983115899785736103e+00 -1.473932207749869550e+00
-2.074100430611858670e+00 -1.519749509681790789e+00
-2.145468851372100083e+00 -1.540782534900447143e+00
-2.218727722785295509e+00 -1.608557321692728692e+00
-2.222258435957273015e+00 -1.609179245523377766e+00
-2.225792994520676249e+00 -1.609801434359281913e+00
-2.267660980639151891e+00 -1.609820345854260815e+00
-2.310152688444235825e+00 -1.614972247783265313e+00
-2.314758129415297017e+00 -1.615935621455682369e+00
-2.319368549260488965e+00 -1.616899559105792861e+00
-2.319197348480821042e+00 -1.616895516452306891e+00
-2.319029001540953594e+00 -1.616891500101456325e+00
-2.319028999294872495e+00 -1.616891498325572440e+00
-2.319028997048790952e+00 -1.616891496549689000e+00
-2.317887557377195318e+00 -1.616763385906658135e+00
-2.316859941294284742e+00 -1.616641595652231533e+00
-2.316627959368473544e+00 -1.616615919352654140e+00
-2.316401451926493049e+00 -1.616590539534121351e+00
-2.316326087725002036e+00 -1.616508647922659581e+00
-2.316251298470307418e+00 -1.616427329198650176e+00
-2.316251293027016711e+00 -1.616427324706630309e+00
-2.316251287583731333e+00 -1.616427320214612662e+00
-2.315842648984151264e+00 -1.616074691366433669e+00
-2.315448078688354450e+00 -1.615733872599221632e+00
-2.314391557020170964e+00 -1.614633046281214179e+00
-2.313441834008409081e+00 -1.613637584600135177e+00
-2.313441834008408637e+00 -1.648443182869718360e+00
-2.313441834008408637e+00 -1.683536528918143427e+00
-2.313441834008408193e+00 -1.742851324635637411e+00
-2.313441834008409081e+00 -1.811845623126438820e+00
-2.313441834008409081e+00 -1.819763912320847998e+00
-2.313441834008409081e+00 -1.845728232115181111e+00
-2.313441834008408637e+00 -1.845744150025733887e+00
-2.313441834008409081e+00 -1.846113857292506211e+00
-2.313441834008409081e+00 -1.859664684053143668e+00
-2.313441834008408637e+00 -1.890155572820245711e+00
-2.313441834008408193e+00 -1.891209691870251897e+00
-2.313441834008408193e+00 -1.913869321232816390e+00
-2.313441834008408637e+00 -1.913869321232814391e+00
-2.313441834008409081e+00 -1.913869321232816612e+00
-2.313441834008408637e+00 -1.913869321232816390e+00
-2.313441834008409081e+00 -1.913869321232815057e+00
-2.313441833944652082e+00 -1.913869321230750709e+00
-2.313441833882253107e+00 -1.913869321228701459e+00
-2.313441833661806779e+00 -1.913869321166567827e+00
-2.313441833456056251e+00 -1.913869321106790755e+00
-2.313441833442192674e+00 -1.913869321095192255e+00
-2.313441833428385053e+00 -1.913869321083636166e+00
-2.313441833428384609e+00 -1.913869321083633501e+00
-2.313441833428382832e+00 -1.913869321083631503e+00
-2.313441833419400240e+00 -1.913869321069834539e+00
-2.313441833410447845e+00 -1.913869321056085981e+00
-2.313441833184529894e+00 -1.913869320761778514e+00
-2.313441832974299395e+00 -1.913869320489806958e+00
-2.313441832973915258e+00 -1.913869320489780534e+00
-2.313441832973532453e+00 -1.913869320489756332e+00
-2.313441832927177977e+00 -1.913869320418692732e+00
-2.313441832881617977e+00 -1.913869320348989156e+00
-2.312119606643496805e+00 -1.913866642611257385e+00
-2.310876266653665745e+00 -1.913864034316074658e+00
-2.310235760695637186e+00 -1.913450760384508564e+00
-2.309608745564209809e+00 -1.913045249718579033e+00
-2.309607174596990387e+00 -1.913045210600912149e+00
-2.309605603751300862e+00 -1.913045171484603291e+00
-2.308553258902659611e+00 -1.913038154981579142e+00
-2.307555104166718607e+00 -1.913031304550305345e+00
-2.307555104166718607e+00 -1.913031304550304013e+00
-2.307555104166722604e+00 -1.913031304550304013e+00
-2.305380873901539562e+00 -1.910367497567859951e+00
-2.303417258272024704e+00 -1.907914160550543192e+00
-2.302797390630193508e+00 -1.907517933002168320e+00
-2.302191654200891779e+00 -1.907129815669359463e+00
-2.301434951137145912e+00 -1.906489182193977339e+00
-2.300700389817756264e+00 -1.905866217349383440e+00
-2.300719870572731196e+00 -1.906624652449795398e+00
-2.300740721085131391e+00 -1.907513561118853840e+00
-2.300747119716706646e+00 -1.907747832401225141e+00
-2.300753684799979659e+00 -1.907994114534207641e+00
-2.300763765595119636e+00 -1.908096321591211675e+00
-2.300774251817612193e+00 -1.908309827878804210e+00
-2.300795975228328238e+00 -1.909098670985808210e+00
-2.300819610091644929e+00 -1.910087807558682904e+00
-2.300843496763603113e+00 -1.910096651916332489e+00
-2.300869703117120135e+00 -1.910323062009566808e+00
-2.300878350369268688e+00 -1.910335700104433210e+00
-2.300887278008566739e+00 -1.910526188607149622e+00
-2.300890597625662171e+00 -1.910526731690632696e+00
-2.300893957367153408e+00 -1.910530381668192224e+00
-2.300913453847826418e+00 -1.910537462438272271e+00
-2.300934320654964171e+00 -1.910544968670346844e+00
-2.300948953619878168e+00 -1.911095744203662239e+00
-2.300964417031576836e+00 -1.911707038228901867e+00
-2.300967315552465031e+00 -1.911810499817840014e+00
-2.300970245994177432e+00 -1.911916022683185057e+00
-2.300973301626589418e+00 -1.911932449965709102e+00
-2.300976392132453086e+00 -1.911954208967837410e+00
-2.300991700411726182e+00 -1.912425861573360919e+00
-2.301007881817554779e+00 -1.913038683815053487e+00
-2.301035606956657542e+00 -1.913174237006700862e+00
-2.301066316510915311e+00 -1.914392532327747753e+00
-2.301081810948087281e+00 -1.914825912548405062e+00
-2.301098169140374239e+00 -1.915470246548984790e+00
-2.301115490286759879e+00 -1.915470344976718975e+00
-2.301133906105151006e+00 -1.915470588722781198e+00
-2.301161713075705162e+00 -1.915470681835768518e+00
-2.301192402605682918e+00 -1.915470782842465303e+00
-2.301192403808686393e+00 -1.915470783546002753e+00
-2.301192405091867066e+00 -1.915470784301759988e+00
-2.301192405091868398e+00 -1.915470784301759544e+00
-2.301192405091869730e+00 -1.915470784301760210e+00
-2.301192405330009905e+00 -1.915470784443992214e+00
-2.301192405571001576e+00 -1.915470784588149566e+00
-2.301192405771714800e+00 -1.915470784683556360e+00
-2.301192405974670230e+00 -1.915470784779864211e+00
-2.301192407230664649e+00 -1.915470785146287769e+00
-2.301192408581913096e+00 -1.915470785528170738e+00
-2.301192409441671582e+00 -1.915470785535502207e+00
-2.301192410336846628e+00 -1.915470785542904286e+00
-2.301192411650852421e+00 -1.915470785867511960e+00
-2.301192413059183650e+00 -1.915470786204100495e+00
-2.301192414367780881e+00 -1.915470786229363398e+00
-2.301192415752692177e+00 -1.915470786254971580e+00
-2.301192415752690845e+00 -1.915470786254971136e+00
-2.301192415752692177e+00 -1.915470786254970470e+00
-2.301192415752693510e+00 -1.915470786254970248e+00
-2.301192415752691733e+00 -1.915470786254971358e+00
-2.301192415752691289e+00 -1.915470786254444224e+00
-2.301192415752691289e+00 -1.915470786253997026e+00
-2.301192415752691733e+00 -1.915470786246425527e+00
-2.301192415752692622e+00 -1.915470786246147972e+00
-2.301192415752693510e+00 -1.915470786246116663e+00
-2.301192415752692177e+00 -1.915470786246108226e+00
-2.301192415752693510e+00 -1.915470786246107116e+00
-2.301192415752691733e+00 -1.915470786246103785e+00
-2.301192415752692177e+00 -1.915470786097922984e+00
-2.301192415752691289e+00 -1.915470786065842423e+00
-2.301192415752693510e+00 -1.915470786013248050e+00
-2.301192415752692622e+00 -1.915470785962558153e+00
-2.301192245712565754e+00 -1.915470785956094213e+00
-2.301192080953557983e+00 -1.915470785949823895e+00
-2.301192053399797821e+00 -1.915470640194819607e+00
-2.301192025986147360e+00 -1.915470499291054063e+00
-2.301191929301064309e+00 -1.915470223844917053e+00
-2.301191834229343591e+00 -1.915470009012469221e+00
-2.301191735230400326e+00 -1.915469540879277011e+00
-2.301191637809015589e+00 -1.915469181712250890e+00
-2.301191637809016033e+00 -1.915469181712250890e+00
-2.301191637809015145e+00 -1.915469181712251112e+00
-2.301191542263024026e+00 -1.915468858386214057e+00
-2.301191448137095197e+00 -1.915468635715681378e+00
-2.301191342996707245e+00 -1.915468013815120329e+00
-2.301191239955320711e+00 -1.915467477141397534e+00
-2.301191169464124275e+00 -1.915467099361522374e+00
-2.301191099847455401e+00 -1.915466728927843532e+00
-2.301191118448482786e+00 -1.915477623701101972e+00
-2.301191137144183774e+00 -1.915488616424048773e+00
-2.301191174621031621e+00 -1.915496880208919839e+00
-2.301191212477581516e+00 -1.915516021994612794e+00
-2.301191299257401734e+00 -1.915551105249235553e+00
-2.301191388514631342e+00 -1.915596516537572125e+00
-2.301191471763152752e+00 -1.915604974714640418e+00
-2.301191557376878638e+00 -1.915621090965839990e+00
-2.301191640679117967e+00 -1.915655205891384716e+00
-2.301191725814291100e+00 -1.915701827649838984e+00
-2.301191779265738369e+00 -1.915717567620345729e+00
-2.301191833566806011e+00 -1.915746803924956554e+00
-2.301191920275586167e+00 -1.915746853797424265e+00
-2.301192008881427498e+00 -1.915747067148388272e+00
-2.301192040302592279e+00 -1.915748176334403974e+00
-2.301192071995608934e+00 -1.915749293329485736e+00
-2.301192071995609378e+00 -1.915749293329486624e+00
-2.301192071995608934e+00 -1.915749293329485736e+00
-2.301192552719278694e+00 -1.915755041744509501e+00
-2.301193037524816631e+00 -1.915760861523234437e+00
-2.301194257551131717e+00 -1.915769008937254103e+00
-2.301195502820259975e+00 -1.915781990193362594e+00
-2.301196032446996664e+00 -1.915784587776726111e+00
-2.301196566289570811e+00 -1.915788980481212711e+00
-2.301197479224758258e+00 -1.915799527695706939e+00
-2.301198406030881216e+00 -1.915810364377383834e+00
-2.301199886343564316e+00 -1.915813711767511140e+00
-2.301201404468435907e+00 -1.915820749897712671e+00
-2.301203045004111658e+00 -1.915834388232642960e+00
-2.301204731275591886e+00 -1.915852060059362039e+00
-2.301206915460994207e+00 -1.915852060059402229e+00
-2.301209180909433716e+00 -1.915852060059442641e+00
-2.301209180909432828e+00 -1.915852060855272487e+00
-2.301209180909433272e+00 -1.915852061701145637e+00
-2.301209180909433716e+00 -1.915852062128919231e+00
-2.301209180909434160e+00 -1.915852062608838668e+00
-2.301209180909432384e+00 -1.915852062615965634e+00
-2.301209180909433272e+00 -1.915852063331958011e+00
-2.301209180909432828e+00 -1.915852063333339350e+00
-2.301209180909433272e+00 -1.915852063336461075e+00
-2.301209180909434604e+00 -1.915852063338527422e+00
-2.301209180909434604e+00 -1.915852063344925638e+00
-2.301209180909433272e+00 -1.915852063344925416e+00
-2.301209180909433716e+00 -1.915852063346183298e+00
-2.301209180909432384e+00 -1.915852063346184631e+00
-2.301209180909433716e+00 -1.915852063346183520e+00
-2.301209180909433716e+00 -1.915852063346184631e+00
-2.301209180909433716e+00 -1.915852063346184408e+00
-2.301209180909434160e+00 -1.915852063346185297e+00
-2.301209180909432384e+00 -1.915852063346184631e+00
-2.301224280038683290e+00 -1.915854413102908937e+00
-2.301239904430228744e+00 -1.915856836030860766e+00
-2.301248735403027545e+00 -1.915857838088647735e+00
-2.301257739694877014e+00 -1.915858863093209852e+00
-2.301260893881845071e+00 -1.915858898656781051e+00
-2.301264070115228932e+00 -1.915858977422901122e+00
-2.301266214121879372e+00 -1.915859380722949812e+00
-2.301268368068966730e+00 -1.915859797088351302e+00
-2.301292290875733393e+00 -1.915862293684372997e+00
-2.301317542367411928e+00 -1.915865232430219667e+00
-2.301343581922074222e+00 -1.915870348863500494e+00
-2.301371193718915631e+00 -1.915876557204511110e+00
-2.301397270813046791e+00 -1.915876557207694342e+00
-2.301424925527471022e+00 -1.915876557211052544e+00
-2.301424925527470133e+00 -1.915876557211052766e+00
-2.301424925527471466e+00 -1.915876557211052766e+00
-2.301424925527472798e+00 -1.915876557211052322e+00
-2.301424925527471910e+00 -1.915876557211053433e+00
-2.301424925527471466e+00 -1.915846962173115342e+00
-2.301424925527470577e+00 -1.915818230275087020e+00
-2.301424925527473242e+00 -1.915599979444028378e+00
-2.301424925527471466e+00 -1.915494789114128737e+00
-2.301424925527473686e+00 -1.915467760368460892e+00
-2.301424925527475462e+00 -1.915460817719630615e+00
-2.301424925527470577e+00 -1.915445264516744572e+00
-2.301424925527471910e+00 -1.915442639785025047e+00
-2.301424925527472354e+00 -1.915440349926198715e+00
-2.301424925527469689e+00 -1.915438648602851179e+00
-2.301424925527473686e+00 -1.914960477964989805e+00
-2.301424925527472354e+00 -1.914519253224580719e+00
-2.301424925527390641e+00 -1.914519253224560735e+00
-2.301424925527307153e+00 -1.914519253224540751e+00
-2.301424925499739427e+00 -1.914519253223888162e+00
-2.301424925472396854e+00 -1.914519253223238460e+00
-2.301424925426621027e+00 -1.914519253204249427e+00
-2.301424925381334141e+00 -1.914519253185478220e+00
-2.301424925381312381e+00 -1.914519253185477554e+00
-2.301424925381292841e+00 -1.914519253185477998e+00
-2.301424925358560358e+00 -1.914519253178111668e+00
-2.301424925335944671e+00 -1.914519253170783086e+00
-2.301424925316136072e+00 -1.914519253165817059e+00
-2.301424925296417179e+00 -1.914519253160868129e+00
-2.301424925283496847e+00 -1.914519253160566148e+00
-2.301424925270626254e+00 -1.914519253160266610e+00
-2.301424925246111197e+00 -1.914519253145363198e+00
-2.301424925221782214e+00 -1.914519253130579690e+00
-2.301431336570301855e+00 -1.914525137642051789e+00
-2.301437749223930851e+00 -1.914531023364448581e+00
-2.301863468673149171e+00 -1.914860420937831043e+00
-2.302294222392592182e+00 -1.915193653272248442e+00
-2.302927137184994866e+00 -1.915809200930253420e+00
-2.303573533563094244e+00 -1.916437914362220107e+00
-2.303573533563090692e+00 -1.916437914362220774e+00
-2.303573533563092912e+00 -1.916437914362221662e+00
-2.303573596289918868e+00 -1.916437968164501182e+00
-2.303573659016857178e+00 -1.916438021966876848e+00
-2.303805247577192183e+00 -1.916446361276558319e+00
-2.304038622352925003e+00 -1.916454704833531419e+00
-2.304854300662653177e+00 -1.916590809351864433e+00
-2.305689298110759289e+00 -1.916727630240644187e+00
-2.305782184778094823e+00 -1.916735924953475889e+00
-2.305875332588815052e+00 -1.916744222640548445e+00
-2.305729551975998604e+00 -1.916720410452565027e+00
-2.305584576014280795e+00 -1.916696658527482056e+00
-2.305584576014280795e+00 -1.916696658527482500e+00
-2.305584576014280795e+00 -1.916696658527482056e+00
-2.305573459594250529e+00 -1.916696632698034808e+00
-2.305562349424275848e+00 -1.916696606871773234e+00
-2.305049706681016719e+00 -1.916466841062859139e+00
-2.304549639182460030e+00 -1.916454728421559839e+00
-2.304071555417008366e+00 -1.915991501791592500e+00
-2.303604354092223527e+00 -1.915679106121455533e+00
-2.303602778301003795e+00 -1.915678925893538276e+00
-2.303601202615713994e+00 -1.915678745670209349e+00
-2.303486335317264544e+00 -1.915585595901442062e+00
-2.303371963138507006e+00 -1.915492977398586705e+00
-2.303371919707811077e+00 -1.915492941281368378e+00
-2.303371876277192865e+00 -1.915492905164222659e+00
-2.303371876277191976e+00 -1.915492905164219994e+00
-2.303371876277191532e+00 -1.915492905164222215e+00
-2.303371876277193309e+00 -1.915492905164221771e+00
-2.303371876277191088e+00 -1.915492905164221105e+00
-2.303371876277193309e+00 -1.915492414078645567e+00
-2.303371876277191976e+00 -1.915492386497706256e+00
-2.303371876277193309e+00 -1.915466785780471470e+00
-2.303371876277192865e+00 -1.915462957035061864e+00
-2.303371876277191976e+00 -1.915449406056084491e+00
-2.303371876277192865e+00 -1.915448901817873972e+00
-2.303371876277192865e+00 -1.915346804100297451e+00
-2.303371876277191976e+00 -1.915280101230608878e+00
-2.303371876277194197e+00 -1.915151451866792254e+00
-2.303371876277192420e+00 -1.915055086681843655e+00
-2.303371876277195085e+00 -1.914989761199807461e+00
-2.303371876277192420e+00 -1.914924885168618252e+00
-2.303371644311892119e+00 -1.914924885122332610e+00
-2.303371413247150556e+00 -1.914924885076161321e+00
-2.303371311101774843e+00 -1.914924882916057669e+00
-2.303371209131488406e+00 -1.914924882532696548e+00
-2.303371134493332306e+00 -1.914924630609457168e+00
-2.303371059947075583e+00 -1.914924392319476754e+00
-2.303370796586547087e+00 -1.914924389978484243e+00
-2.303370534387999768e+00 -1.914924388887083495e+00
-2.303370276545558593e+00 -1.914923599004403787e+00
-2.303370019818047343e+00 -1.914923270714864012e+00
-2.303369845290483386e+00 -1.914922614661199729e+00
-2.303369671264984042e+00 -1.914922033586287542e+00
-2.303369493973585147e+00 -1.914921350419864332e+00
-2.303369317196701793e+00 -1.914920671084552994e+00
-2.303369131204277664e+00 -1.914919955903650939e+00
-2.303368945776802512e+00 -1.914919244454277081e+00
-2.303368766510917265e+00 -1.914919244328462167e+00
-2.303368587779084375e+00 -1.914919244202884618e+00
-2.303368235372669215e+00 -1.914919243996448195e+00
-2.303367885037037155e+00 -1.914919243890526035e+00
-2.303367750290750582e+00 -1.914918854692781114e+00
-2.303367615845334448e+00 -1.914918569815126315e+00
-2.303367606872714024e+00 -1.914918569737958265e+00
-2.303367597901448072e+00 -1.914918569662787506e+00
-2.303367416366128850e+00 -1.914918053653591024e+00
-2.303367235381677869e+00 -1.914917700275601486e+00
-2.303367093233768426e+00 -1.914917359325623902e+00
-2.303366951416075725e+00 -1.914917138348000591e+00
-2.303366669667109345e+00 -1.914916066173051545e+00
-2.303366389215214749e+00 -1.914915002701609081e+00
-2.303366224942408280e+00 -1.914914377876125062e+00
-2.303366061121538078e+00 -1.914913755917806881e+00
