-6.278354370697304399e-01 -4.741288295394489039e-01
-6.256078286682882350e-01 -4.730925123811044464e-01
-6.234500856538682800e-01 -4.720806742305059811e-01
-6.213604136089291297e-01 -4.710928617119541362e-01
-6.193369833653457057e-01 -4.701286140243886580e-01
-6.173779409290235387e-01 -4.691874642476298596e-01
-6.154814168701790988e-01 -4.682689406740969118e-01
-6.136455351056531171e-01 -4.673725680945498007e-01
-6.118684210192538719e-01 -4.664978690257043925e-01
-6.101482088846598151e-01 -4.656443648743616714e-01
-6.084830485722495519e-01 -4.648115770347124864e-01
-6.068711115362735997e-01 -4.639990279166340548e-01
-6.053105960916548289e-01 -4.632062419036964140e-01
-6.037997320005301649e-01 -4.624327462403943212e-01
-6.023367843973178593e-01 -4.616780718487977775e-01
-6.009200570878240333e-01 -4.609417540754511822e-01
-5.995478952627353308e-01 -4.602233333698549922e-01
-5.982186876691327759e-01 -4.595223558963462129e-01
-5.969308682854017611e-01 -4.588383740815570322e-01
-5.956829175455515824e-01 -4.581709470999554279e-01
-5.944733631585163991e-01 -4.575196413002202700e-01
-5.933007805668083501e-01 -4.568840305753852915e-01
-5.921637930870559119e-01 -4.562636966798301330e-01
-5.910610717726750840e-01 -4.556582294962750468e-01
-5.899913350363158449e-01 -4.550672272559824205e-01
-5.889533480669435495e-01 -4.544902967153703344e-01
-5.879459220735159253e-01 -4.539270532922179413e-01
-5.869679133843135332e-01 -4.533771211645756805e-01
-5.860182224281528240e-01 -4.528401333354327707e-01
-5.850957926209344739e-01 -4.523157316660748051e-01
-5.841996091783826506e-01 -4.518035668809594618e-01
-5.833286978733632777e-01 -4.513032985468244940e-01
-5.824821237538767571e-01 -4.508145950285809000e-01
-5.816589898357449329e-01 -4.503371334244352653e-01
-5.808584357820508748e-01 -4.498705994825225041e-01
-5.800796365796719867e-01 -4.494146875011897357e-01
-5.793218012216833079e-01 -4.489691002149416299e-01
-5.785841714029826832e-01 -4.485335486678989625e-01
-5.778660202352647879e-01 -4.481077520764945588e-01
-5.771666509863546679e-01 -4.476914376829967956e-01
-5.764853958479561058e-01 -4.472843406013207179e-01
-5.758216147350054825e-01 -4.468862036564605900e-01
-5.751746941191082652e-01 -4.464967772187717343e-01
-5.745440458978716691e-01 -4.461158190341978913e-01
-5.739291063014375638e-01 -4.457430940514655049e-01
-5.733293348370112064e-01 -4.453783742471350005e-01
-5.727442132718116863e-01 -4.450214384493381137e-01
-5.721732446545418904e-01 -4.446720721609206950e-01
-5.716159523751657145e-01 -4.443300673826457992e-01
-5.710718792625812945e-01 -4.439952224370347089e-01
-5.699849162242910383e-01 -4.436106696618308254e-01
-5.689408590309672498e-01 -4.432354253328940619e-01
-5.679374326414977636e-01 -4.428691937524170674e-01
-5.669724951277322900e-01 -4.425116898711639601e-01
-5.660440309851945129e-01 -4.421626388970862909e-01
-5.651501444293371978e-01 -4.418217759310875681e-01
-5.642890527681261315e-01 -4.414888456126628835e-01
-5.634590799204366451e-01 -4.411636017746518035e-01
-5.626586501319639222e-01 -4.408458071072417495e-01
-5.618862819257783858e-01 -4.405352328314254828e-01
-5.611405823127658676e-01 -4.402316583820719553e-01
-5.604202412776710940e-01 -4.399348711007012858e-01
-5.597240265488624411e-01 -4.396446659380056632e-01
-5.590507786540426238e-01 -4.393608451660941938e-01
-5.583994062595232233e-01 -4.390832181004056811e-01
-5.577688817872608062e-01 -4.388116008311868099e-01
-5.571582373013059808e-01 -4.385458159644087806e-01
-5.565665606534976328e-01 -4.382856923719520847e-01
-5.559929918770506463e-01 -4.380310649508917242e-01
-5.554367198158967067e-01 -4.377817743916698201e-01
-5.548969789772781880e-01 -4.375376669549496667e-01
-5.543730465949683328e-01 -4.372985942569164175e-01
-5.538642398906248321e-01 -4.370644130627995838e-01
-5.533699135210166098e-01 -4.368349850883642138e-01
-5.528894571992805096e-01 -4.366101768091347202e-01
-5.524222934788129979e-01 -4.363898592771031648e-01
-5.519678756889220272e-01 -4.361739079446663170e-01
-5.515256860119277516e-01 -4.359622024955555064e-01
-5.510952336919483496e-01 -4.357546266825062520e-01
-5.506760533662033996e-01 -4.355510681714309662e-01
-5.502677035102122582e-01 -4.353514183918508751e-01
-5.498697649888242278e-01 -4.351555723933622222e-01
-5.494818397055480919e-01 -4.349634287078952832e-01
-5.491035493431569714e-01 -4.347748892175593016e-01
-5.487345341890375039e-01 -4.345898590278391982e-01
-5.483744520391954369e-01 -4.344082463459466581e-01
-5.480229771752875845e-01 -4.342299623641103223e-01
-5.476797994094320110e-01 -4.340549211476122937e-01
-5.473446231919468774e-01 -4.338830395273762797e-01
-5.470171667775162172e-01 -4.337142369969246847e-01
-5.466971614456198614e-01 -4.335484356135160811e-01
-5.463843507713593839e-01 -4.333855599033046846e-01
-5.460784899431185835e-01 -4.332255367703391480e-01
-5.457793451237410443e-01 -4.330682954092560100e-01
-5.454866928521724390e-01 -4.329137672214983246e-01
-5.452003194827333976e-01 -4.327618857349222470e-01
-5.449200206593981521e-01 -4.326125865266468584e-01
-5.446456008226548962e-01 -4.324658071490029565e-01
-5.443768727467043211e-01 -4.323214870584611291e-01
-5.441136571049076665e-01 -4.321795675828635774e-01
-5.408692425103612811e-01 -4.305677831030086389e-01
-5.376796750847939732e-01 -4.289830526794515819e-01
-5.345448701655305390e-01 -4.274253293475022142e-01
-5.314646993650666840e-01 -4.258945444209408238e-01
-5.284389909400866170e-01 -4.243906077325808046e-01
-5.254675303362750238e-01 -4.229134079946522684e-01
-5.225500609046037637e-01 -4.214628132401865290e-01
-5.196862847831502652e-01 -4.200386713413555850e-01
-5.168758639369610552e-01 -4.186408106000856777e-01
-5.141184213470724185e-01 -4.172690404056875191e-01
-5.114135423385341994e-01 -4.159231519537770483e-01
-5.087607760361377851e-01 -4.146029190203690540e-01
-5.061596369356474723e-01 -4.133080987847080889e-01
-5.036096065775589325e-01 -4.120384326942053144e-01
-5.011101353098446065e-01 -4.107936473647204045e-01
-4.986606441257998013e-01 -4.095734555093942797e-01
-4.962605265628966533e-01 -4.083775568893007746e-01
-4.939091506485935867e-01 -4.072056392792841595e-01
-4.916058608792142626e-01 -4.060573794426012850e-01
-4.893499802183715053e-01 -4.049324441081916803e-01
-4.871408121019015769e-01 -4.038304909447659741e-01
-4.849776424369065531e-01 -4.027511695262438463e-01
-4.828597415832473483e-01 -4.016941222834836678e-01
-4.807863663066394566e-01 -4.006589854376753079e-01
-4.787567616934432224e-01 -3.996453899112236696e-01
-4.767701630181623296e-01 -3.986529622124082572e-01
-4.748257975556706700e-01 -3.976813252905711527e-01
-4.729228863311898401e-01 -3.967300993590650027e-01
-4.710606458020387688e-01 -3.957989026836189472e-01
-4.692382894661794035e-01 -3.948873523342499858e-01
-4.674550293935176293e-01 -3.939950648992542881e-01
-4.657100776768668404e-01 -3.931216571602109133e-01
-4.640026478003333454e-01 -3.922667467273088238e-01
-4.623319559237062948e-01 -3.914299526346522451e-01
-4.606972220821911601e-01 -3.906108958955059052e-01
-4.590976713015065269e-01 -3.898092000177441063e-01
-4.575325346289969564e-01 -3.890244914800006226e-01
-4.560010500819596246e-01 -3.882564001692619393e-01
-4.545024635148716685e-01 -3.875045597808222664e-01
-4.530360294076201666e-01 -3.867686081817031662e-01
-4.516010115772112754e-01 -3.860481877387589300e-01
-4.501966838156956641e-01 -3.853429456128255048e-01
-4.488223304573276673e-01 -3.846525340203427734e-01
-4.474772468781177959e-01 -3.839766104639535937e-01
-4.461607399311201538e-01 -3.833148379336369094e-01
-4.448721283208404986e-01 -3.826668850799507804e-01
-4.436107429202434393e-01 -3.820324263609831128e-01
-4.423759270338304406e-01 -3.814111421646068090e-01
-4.411670366102524166e-01 -3.808027189076158558e-01
-4.399834404078815098e-01 -3.802068491133010486e-01
-4.388074995317859939e-01 -3.796156943083015545e-01
-4.376557762037170951e-01 -3.790368067884090642e-01
-4.365276967646186668e-01 -3.784698863366617871e-01
-4.354226988151216338e-01 -3.779146392987368652e-01
-4.343402312889823591e-01 -3.773707785736449827e-01
-4.332797544977795567e-01 -3.768380235902770714e-01
-4.322407401488768119e-01 -3.763161002711129521e-01
-4.312226713385953203e-01 -3.758047409843452424e-01
-4.302250425225070396e-01 -3.753036844855919818e-01
-4.292473594647052137e-01 -3.748126758503127487e-01
-4.282891391678410042e-01 -3.743314663979614432e-01
-4.273499097856504614e-01 -3.738598136088551183e-01
-4.264292105196137994e-01 -3.733974810346623596e-01
-4.255265915013261568e-01 -3.729442382033528181e-01
-4.246416136620692616e-01 -3.724998605193955981e-01
-4.237738485909938180e-01 -3.720641291599228184e-01
-4.229228783832476579e-01 -3.716368309675254777e-01
-4.220882954793010455e-01 -3.712177583402989089e-01
-4.212697024966368109e-01 -3.708067091196921572e-01
-4.204667120549088200e-01 -3.704034864766772017e-01
-4.196789465955736986e-01 -3.700078987967093114e-01
-4.189060381969545999e-01 -3.696197595638930355e-01
-4.181476283856006004e-01 -3.692388872447501247e-01
-4.174033679447540224e-01 -3.688651051719264995e-01
-4.166729167206620899e-01 -3.684982414281574026e-01
-4.159559434274140988e-01 -3.681381287307641803e-01
-4.152521254509234927e-01 -3.677846043169380463e-01
-4.145611486526160627e-01 -3.674375098300247666e-01
-4.138827071733409690e-01 -3.670966912070134924e-01
-4.132165032379604419e-01 -3.667619985673940541e-01
-4.125622469610388809e-01 -3.664332861035392575e-01
-4.119196561539988366e-01 -3.661104119727331963e-01
-4.112884561340831580e-01 -3.657932381909673181e-01
-4.106683795354066357e-01 -3.654816305285871758e-01
-4.100591661223661477e-01 -3.651754584078789612e-01
-4.094605626056349035e-01 -3.648745948026501096e-01
-4.088723224609300266e-01 -3.645789161398697020e-01
-4.082942057507364941e-01 -3.642883022033925333e-01
-4.077259789491178288e-01 -3.640026360398131433e-01
-4.071674147697471602e-01 -3.637218038664587483e-01
-4.066182919972509135e-01 -3.634456949815421667e-01
-4.060783953219483933e-01 -3.631742016764705205e-01
-4.055475151780518761e-01 -3.629072191503207589e-01
-4.050254475853719560e-01 -3.626446454264576347e-01
-4.045119939945622245e-01 -3.623863812712980748e-01
-4.040069611359235480e-01 -3.621323301151896379e-01
-4.035101608717725497e-01 -3.618823979753920672e-01
-4.030214100523797915e-01 -3.616364933811306859e-01
-4.025405303754516773e-01 -3.613945273006922698e-01
-4.020673482491520789e-01 -3.611564130755767210e-01
-4.020673482498265949e-01 -3.639949861796796804e-01
-4.020673482505415786e-01 -3.668335592888289365e-01
-4.020673482513012487e-01 -3.696721323979844653e-01
-4.020673482521097686e-01 -3.725107055071472661e-01
-4.020673482529719678e-01 -3.753492786163171169e-01
-4.020673482538935084e-01 -3.781878517254940730e-01
-4.020673482548807742e-01 -3.810264248346782456e-01
-4.020673482559410927e-01 -3.838649979438701343e-01
-4.020673482570823465e-01 -3.867035710530697390e-01
-4.020673482583151381e-01 -3.895421441622770042e-01
-4.020673482596504589e-01 -3.923807172714922631e-01
-4.020673482611014093e-01 -3.987653135289742634e-01
-4.062692431593961651e-01 -4.020673482626843098e-01
-4.139209261249221505e-01 -4.020673482644179231e-01
-4.217196330563849904e-01 -4.053510894293040345e-01
-4.296644497782959315e-01 -4.110247968646498773e-01
-4.377542831348274488e-01 -4.166985042999968858e-01
-4.459878678498904181e-01 -4.223722117353448935e-01
-4.543637743231125903e-01 -4.280459191706943445e-01
-4.628804172530678884e-01 -4.337196266060445726e-01
-4.715360649712408980e-01 -4.393933340413958555e-01
-4.803288493651000080e-01 -4.450670414767479710e-01
-4.892567762661810815e-01 -4.507407489121010857e-01
-4.983177361792097693e-01 -4.564144563474552552e-01
-5.075095152307957935e-01 -4.620881637828101463e-01
-5.168298062208802612e-01 -4.677618712181661476e-01
-5.262762196666147529e-01 -4.734355786535229815e-01
-5.358462947363979989e-01 -4.791092860888808147e-01
-5.455375099810116923e-01 -4.847829935242392030e-01
-5.553472937788934694e-01 -4.904567009595984795e-01
-5.652730344232215209e-01 -4.961304083949587551e-01
-5.753120897893364560e-01 -5.018041158303200300e-01
-5.854617965318431594e-01 -5.074778232656809163e-01
-5.957194787713098183e-01 -5.131515307010438010e-01
-6.060824562405217053e-01 -5.188252381364066856e-01
-6.165480518697075141e-01 -5.244989455717703475e-01
-6.271135987988711857e-01 -5.301726530071347865e-01
-6.377764468131470466e-01 -5.358463604425001137e-01
-6.485339682041656451e-01 -5.415200678778661070e-01
-6.593835630664095504e-01 -5.471937753132321003e-01
-6.703226640427588645e-01 -5.528674827485992038e-01
-6.813487405377157691e-01 -5.585411901839669735e-01
-6.924593024202860825e-01 -5.642148976193352983e-01
-7.036519032412115182e-01 -5.698886050547042892e-01
-7.149241429912509549e-01 -5.755623124900737242e-01
-7.262736704285815970e-01 -5.812360199254439364e-01
-7.376981850042351185e-01 -5.869097273608144816e-01
-7.491954384147595514e-01 -5.925834347961859150e-01
-7.607632358112544901e-01 -5.982571422315573484e-01
-7.723994366934505695e-01 -6.039308496669294479e-01
-7.731688362760790190e-01 -6.096045571020867193e-01
-7.739622460480003463e-01 -6.152782645372431025e-01
-7.747807370345316524e-01 -6.209519719724001519e-01
-7.756254402617284160e-01 -6.266256794075569792e-01
-7.764975506277761452e-01 -6.322993868427136954e-01
-7.773983310378946854e-01 -6.379730942778706337e-01
-7.783291168188914977e-01 -6.436468017130273500e-01
-7.792913204298128615e-01 -6.493205091481843994e-01
-7.802864364852902801e-01 -6.549942165833407826e-01
-7.813160471081217473e-01 -6.606679240184979429e-01
-7.823818276272577199e-01 -6.663416314536546592e-01
-7.834855526366296674e-01 -6.720153388888112644e-01
-7.846291024289898663e-01 -6.776890463239680917e-01
-7.858144698171883880e-01 -6.833627537591252521e-01
-7.870437673527390654e-01 -6.890364611942821904e-01
-7.883192349481084049e-01 -6.947101686294387957e-01
-7.896432479046666675e-01 -7.003838760645958450e-01
-7.910183253424366567e-01 -7.060575834997527833e-01
-7.924471390204262944e-01 -7.117312909349096106e-01
-7.939325225271463005e-01 -7.174049983700662159e-01
-7.954774808095395056e-01 -7.230787058052233762e-01
-7.970851999947085043e-01 -7.287524132403802035e-01
-7.987590574419923817e-01 -7.344261206755364757e-01
-8.005026319428757420e-01 -7.400998281106931920e-01
-8.023197139623154950e-01 -7.457735355458496862e-01
-8.042143157870811354e-01 -7.514472429810074017e-01
-8.061906814141186484e-01 -7.571209504161643400e-01
-8.082532959746242529e-01 -7.627946578513208342e-01
-8.104068944470746994e-01 -7.684683652864784387e-01
-8.126564693652377214e-01 -7.741420727216344888e-01
-8.150072771752032708e-01 -7.798157801567918712e-01
-8.174648428397497391e-01 -7.854894875919485875e-01
-8.200349622299731855e-01 -7.911631950271051927e-01
-8.227237017850237422e-01 -7.968369024622621311e-01
-8.255373948638808912e-01 -8.025106098974188473e-01
-8.284826341618432011e-01 -8.081843173325762297e-01
-8.315662595237394150e-01 -8.138580247677322799e-01
-8.347953404615885420e-01 -8.195317322028888851e-01
-8.381771526834704833e-01 -8.252054396380464896e-01
-8.417191479704915213e-01 -8.308791470732035389e-01
-8.454289168083661821e-01 -8.365528545083600331e-01
-8.493141432972625138e-01 -8.422265619435170825e-01
-8.533825520355505789e-01 -8.479002693786739098e-01
-8.576418469047545345e-01 -8.535739768138307371e-01
-8.620996419759683338e-01 -8.592476842489875644e-01
-8.667633851087038765e-01 -8.649213916841443917e-01
-8.716402752117157204e-01 -8.705950991193016630e-01
-8.767371745647911663e-01 -8.762688065544572691e-01
-8.820605180358891406e-01 -8.819425139896158727e-01
-8.876162214377730786e-01 -8.876162214247724780e-01
-8.876162214381659865e-01 -8.876162214250347127e-01
-8.876162214385654448e-01 -8.876162214253003890e-01
-8.876162214389688998e-01 -8.876162214255698402e-01
-8.876162214393770178e-01 -8.876162214258416228e-01
-8.876162214397909089e-01 -8.876162214261168470e-01
-8.876162214402092410e-01 -8.876162214263960681e-01
-8.876162214406335682e-01 -8.876162214266797301e-01
-8.876162214410634466e-01 -8.876162214269661677e-01
-8.876162214414986540e-01 -8.876162214272564910e-01
-8.876162214419400787e-01 -8.876162214275499229e-01
-8.876162214423852781e-01 -8.876162214278471296e-01
-8.876162214428386932e-01 -8.876162214281496654e-01
-8.876162214432971043e-01 -8.876162214284555318e-01
-8.876162214437618436e-01 -8.876162214287655061e-01
-8.876162214442326892e-01 -8.876162214290790331e-01
-8.876162214447099741e-01 -8.876162214293965569e-01
-8.876162214451932542e-01 -8.876162214297191877e-01
-8.876162214456838617e-01 -8.876162214300471476e-01
-8.876162214461811306e-01 -8.876162214303777720e-01
-8.876162214466850608e-01 -8.876162214307136145e-01
-8.876162214471960965e-01 -8.876162214310546750e-01
-8.876162214477150147e-01 -8.876162214314002874e-01
-8.876162214482399282e-01 -8.876162214317502297e-01
-8.876162214487736124e-01 -8.876162214321056121e-01
-8.876162214493150682e-01 -8.876162214324661015e-01
-8.876162214498630743e-01 -8.876162214328326971e-01
-8.876162214504196291e-01 -8.876162214332034006e-01
-8.876162214509843995e-01 -8.876162214335800993e-01
-8.876162214515573856e-01 -8.876162214339621270e-01
-8.876162214521391425e-01 -8.876162214343491508e-01
-8.876162214527298921e-01 -8.876162214347427248e-01
-8.876162214533283024e-01 -8.876162214351417390e-01
-8.876162214539372597e-01 -8.876162214355470814e-01
-8.876162214545554319e-01 -8.876162214359605285e-01
-8.876162214551825969e-01 -8.876162214363779723e-01
-8.876162214558194208e-01 -8.876162214368037429e-01
-8.876162214564672359e-01 -8.876162214372357306e-01
-8.876162214571254871e-01 -8.876162214376736026e-01
-8.876162214577926202e-01 -8.876162214381184690e-01
-8.876162214584719656e-01 -8.876162214385717730e-01
-8.876162214591617472e-01 -8.876162214390307392e-01
-8.876162214598630751e-01 -8.876162214394982541e-01
-8.876162214605752832e-01 -8.876162214399736516e-01
-8.876162214613001478e-01 -8.876162214404568207e-01
-8.876162214620376689e-01 -8.876162214409476503e-01
-8.876162214627862923e-01 -8.876162214414473617e-01
-8.876162214635480163e-01 -8.876162214419556218e-01
-8.876162214643245063e-01 -8.876162214424728747e-01
-8.876162214651119875e-01 -8.876162214429986763e-01
-8.876162214659149008e-01 -8.876162214435332487e-01
-8.876162214660755501e-01 -8.876162214436404962e-01
-8.876162214662381977e-01 -8.876162214437486320e-01
-8.876162214664023997e-01 -8.876162214438587661e-01
-8.876162214665694883e-01 -8.876162214439691223e-01
-8.876162214667377981e-01 -8.876162214440819209e-01
-8.876162214669077732e-01 -8.876162214441958298e-01
-8.876162214670807460e-01 -8.876162214443116261e-01
-8.876162214672556061e-01 -8.876162214444278664e-01
-8.876162214674335749e-01 -8.876162214445458831e-01
-8.876162214676130979e-01 -8.876162214446654541e-01
-8.876162214677946194e-01 -8.876162214447866905e-01
-8.876162214679793605e-01 -8.876162214449095922e-01
-8.876162214681653229e-01 -8.876162214450336041e-01
-8.876162214683549490e-01 -8.876162214451599475e-01
-8.876162214685471286e-01 -8.876162214452875121e-01
-8.876162214687410845e-01 -8.876162214454171862e-01
-8.876162214689375940e-01 -8.876162214455483035e-01
-8.876162214691364349e-01 -8.876162214456814192e-01
-8.876162214693387176e-01 -8.876162214458159783e-01
-8.876162214695446639e-01 -8.876162214459523137e-01
-8.876162214697510544e-01 -8.876162214460907585e-01
-8.876162214699624409e-01 -8.876162214462317568e-01
-8.876162214701761588e-01 -8.876162214463745315e-01
-8.876162214703926523e-01 -8.876162214465187494e-01
-8.876162214706123654e-01 -8.876162214466659650e-01
-8.876162214708358533e-01 -8.876162214468137357e-01
-8.876162214710624498e-01 -8.876162214469653922e-01
-8.876162214712923770e-01 -8.876162214471178258e-01
-8.876162214715253018e-01 -8.876162214472742562e-01
-8.876162214717621124e-01 -8.876162214474314638e-01
-8.876162214720024757e-01 -8.876162214475912249e-01
-8.876162214722466137e-01 -8.876162214477547607e-01
-8.876162214724938604e-01 -8.876162214479190737e-01
-8.876162214727452149e-01 -8.876162214480866064e-01
-8.876162214730014544e-01 -8.876162214482571367e-01
-8.876162214732608025e-01 -8.876162214484305535e-01
-8.876162214735232592e-01 -8.876162214486064128e-01
-8.876162214737919331e-01 -8.876162214487847146e-01
-8.876162214740643819e-01 -8.876162214489659030e-01
-8.876162214743407164e-01 -8.876162214491509772e-01
-8.876162214746227130e-01 -8.876162214493383829e-01
-8.876162214749090396e-01 -8.876162214495288971e-01
-8.903790653717350567e-01 -8.876162214751989188e-01
-8.943430510693747282e-01 -8.890415554708066548e-01
-8.985398597505365181e-01 -8.917440224200468002e-01
-9.029693234446737327e-01 -8.944479069653890058e-01
-9.076291342336878509e-01 -8.971531926062403794e-01
-9.125149545447226451e-01 -8.998598630794227837e-01
-9.176206132366317991e-01 -9.025679023552880542e-01
-9.229383678545822756e-01 -9.052772946576012059e-01
-9.257733255096025626e-01 -9.075747979650966579e-01
-9.286400269845614952e-01 -9.099121038299465836e-01
-9.315394699395818101e-01 -9.122957098289669053e-01
-9.344728931730935662e-01 -9.147334943566247656e-01
-9.374418606518638564e-01 -9.172347870419867988e-01
-9.404483803095914363e-01 -9.198102292986837236e-01
-9.434950741296362908e-01 -9.224712824094125629e-01
-9.465854243317811667e-01 -9.267636363434297309e-01
-9.497241323313700967e-01 -9.316548756135140108e-01
-9.529176421307191669e-01 -9.365312231932401144e-01
-9.561748925295215917e-01 -9.413836554329648720e-01
-9.595083516766842457e-01 -9.461996137198533940e-01
-9.629352898167957697e-01 -9.509617317282247351e-01
-9.664789160056896922e-01 -9.556466987073151120e-01
-9.701682421458148742e-01 -9.602253954557763427e-01
-9.740345292417530443e-01 -9.646664480825698496e-01
-9.781026285871315951e-01 -9.689448868430029504e-01
-9.823801279664859942e-01 -9.730529999663155571e-01
-9.868527581149277861e-01 -9.770049272319171196e-01
-9.914907154378074239e-01 -9.808303372920245122e-01
-9.962599135939752548e-01 -9.845631761369844082e-01
-1.001130027305081382e+00 -9.882336233407797987e-01
-1.006077323379248600e+00 -9.918652610982304774e-01
-1.011084345136851637e+00 -9.954753898660330114e-01
-1.016138561890509662e+00 -9.990763789553926966e-01
-1.021231010054314048e+00 -1.002677025501037322e+00
-1.026355228212626036e+00 -1.006283619476122881e+00
-1.031506496216739066e+00 -1.009900704684519424e+00
-1.036681310738072348e+00 -1.013531603301628836e+00
-1.041877027544711565e+00 -1.017178773696690630e+00
-1.047091616950747817e+00 -1.020844055086890245e+00
-1.052323495179454227e+00 -1.024528836282021294e+00
-1.057571406692431326e+00 -1.028234173467291068e+00
-1.062834340990414406e+00 -1.031960873518360744e+00
-1.068111472981485566e+00 -1.035709553752595324e+00
-1.073402119661618803e+00 -1.039480685371343860e+00
-1.078705708232774674e+00 -1.043274625467764505e+00
-1.084021752345126099e+00 -1.047091640913346167e+00
-1.089349834183489740e+00 -1.050931926402781214e+00
-1.094689590809509117e+00 -1.054795618245364608e+00
-1.100040703639267425e+00 -1.058682805022978624e+00
-1.105402890256659276e+00 -1.062593535914071241e+00
-1.110775897985113891e+00 -1.066527827260731920e+00
-1.116159498796229776e+00 -1.070485667800083363e+00
-1.121553485244398241e+00 -1.074467022870620347e+00
-1.126957667195782831e+00 -1.078475102769117955e+00
-1.132371869177475343e+00 -1.083166486844921117e+00
-1.137795928214607732e+00 -1.087881441213966349e+00
-1.143229692054307467e+00 -1.092619642928576384e+00
-1.148673017698427223e+00 -1.097380774336220721e+00
-1.150497574600191530e+00 -1.106570942524652379e+00
-1.152819306811830868e+00 -1.118139896944821521e+00
-1.156171776195084044e+00 -1.128892314252458284e+00
-1.161607009995357487e+00 -1.137770999832289354e+00
-1.170066645522997995e+00 -1.143829048285830874e+00
-1.181027178395927413e+00 -1.147584625420505988e+00
-1.193389451393372269e+00 -1.150131507680636656e+00
-1.206510395806233982e+00 -1.152107366972543456e+00
-1.220099859643600348e+00 -1.153796966420507664e+00
-1.234022122013821887e+00 -1.155330667684515866e+00
-1.248206768759213547e+00 -1.156773574756248202e+00
-1.262613135586551971e+00 -1.158161108026160679e+00
-1.277215338127227318e+00 -1.159513989255445132e+00
-1.291995437534202873e+00 -1.160845088939145064e+00
-1.306940070984253355e+00 -1.162162806805204118e+00
-1.322038675732278401e+00 -1.163472856929841592e+00
-1.337282498303576928e+00 -1.164779266019807080e+00
-1.352664014240622992e+00 -1.167171942552552411e+00
-1.368176573756564984e+00 -1.174270376977409436e+00
-1.383814177239596654e+00 -1.181557504835717198e+00
-1.399571328249591851e+00 -1.188998857001074994e+00
-1.415442934285349619e+00 -1.196567786002480149e+00
-1.431424237843814895e+00 -1.204243767468943682e+00
-1.447510767170236523e+00 -1.212010938600935006e+00
-1.463698300093424942e+00 -1.219856944480909977e+00
-1.479982836731041695e+00 -1.227772063990229423e+00
-1.496360578318752133e+00 -1.235748559951904246e+00
-1.512827910340948767e+00 -1.243780199271083742e+00
-1.529381388734161851e+00 -1.251861898586626332e+00
-1.546017728322421236e+00 -1.259989461540653277e+00
-1.562733792902047059e+00 -1.268159382729001639e+00
-1.579526586567613133e+00 -1.276368700278052160e+00
-1.596393245989882193e+00 -1.284614884054244621e+00
-1.613331033438889284e+00 -1.292895750156075607e+00
-1.630337330402819473e+00 -1.301209394937762109e+00
-1.647409631693822263e+00 -1.309554143663967274e+00
-1.664545539960596621e+00 -1.317928510214459559e+00
-1.681742760548119442e+00 -1.326331165202406570e+00
-1.698999096659580266e+00 -1.334760910550649715e+00
-1.716312444786222136e+00 -1.343216659063851237e+00
-1.733680790378475223e+00 -1.351697417894801134e+00
-1.751102203737369134e+00 -1.360202275068455702e+00
-1.768574836109281234e+00 -1.368730388423839539e+00
-1.786096915970088350e+00 -1.377280976480813157e+00
-1.803666745486985690e+00 -1.385853310849190612e+00
-1.821282697147864615e+00 -1.394446709881381308e+00
-1.838943210549385698e+00 -1.403060533333666982e+00
-1.856646789335757219e+00 -1.411694177850207454e+00
-1.874391998280996674e+00 -1.420347073121922099e+00
-1.892177460507938669e+00 -1.429018678601807535e+00
-1.892475019077035858e+00 -1.432711501723208825e+00
-1.892778741617920035e+00 -1.436404678745788255e+00
-1.893088828696432468e+00 -1.440098207044464340e+00
-1.893405489574474743e+00 -1.443792084038428181e+00
-1.893728942672119331e+00 -1.447486307190193777e+00
-1.894059416058291756e+00 -1.451180874004681209e+00
-1.894397147971981887e+00 -1.454875782028306919e+00
-1.894742387376128212e+00 -1.458571028848115292e+00
-1.895095394546402856e+00 -1.462266612090906248e+00
-1.895456441697395134e+00 -1.465962529422410121e+00
-1.895825813648778002e+00 -1.469658778546461431e+00
-1.896203808534298707e+00 -1.473355357204220173e+00
-1.896590738556596101e+00 -1.477052263173375568e+00
-1.896986930791130010e+00 -1.480749494267400657e+00
-1.897392728042672116e+00 -1.484447048334810448e+00
-1.897808489758118666e+00 -1.488144923258440944e+00
-1.898234592999665127e+00 -1.491843116954742365e+00
-1.898671433482572946e+00 -1.495541627373095928e+00
-1.899119426682233547e+00 -1.499240452495141485e+00
-1.899579009015386344e+00 -1.502939590334121389e+00
-1.900050639100825167e+00 -1.506639038934246555e+00
-1.900534799105190187e+00 -1.510338796370064074e+00
-1.901031996179907368e+00 -1.514038860745854809e+00
-1.901542763995661467e+00 -1.517739230195036981e+00
-1.902067664381242418e+00 -1.521439902879582196e+00
-1.902607289074005781e+00 -1.525140876989450778e+00
-1.903162261589618875e+00 -1.528842150742034223e+00
-1.903733239219230322e+00 -1.532543722381617179e+00
-1.904320915162545980e+00 -1.536245590178843878e+00
-1.904926020805829623e+00 -1.539947752430206096e+00
-1.905549328154140687e+00 -1.543650207457532453e+00
-1.906191652427529304e+00 -1.547352953607502357e+00
-1.906853854831237483e+00 -1.551055989251152178e+00
-1.907536845510138024e+00 -1.554759312783410286e+00
-1.908241586697858594e+00 -1.558462922622640079e+00
-1.908969096070949334e+00 -1.562166817210182579e+00
-1.909720450318451945e+00 -1.565870995009919442e+00
-1.910496788936688617e+00 -1.569575454507833978e+00
-1.911299318258654178e+00 -1.573280194211606142e+00
-1.912129315726265766e+00 -1.576985212650184875e+00
-1.912988134412521468e+00 -1.580690508373390646e+00
-1.913877207798671432e+00 -1.584396079951528868e+00
-1.914798054809094818e+00 -1.588101925974992890e+00
-1.915752285103415220e+00 -1.591808045053893395e+00
-1.916741604621313710e+00 -1.595514435817688037e+00
-1.917767821370494730e+00 -1.599221096914822171e+00
-1.918832851441965692e+00 -1.602928027012374246e+00
-1.919938725229065390e+00 -1.606635224795714301e+00
-1.921087593817558892e+00 -1.610342688968155800e+00
-1.922281735502715527e+00 -1.614050418250641217e+00
-1.923234016588340145e+00 -1.617794572435681699e+00
-1.924208843163111027e+00 -1.621539148407770137e+00
-1.925206966069729964e+00 -1.625284149073248363e+00
-1.926229167044230639e+00 -1.629029577378804161e+00
-1.927276260152396725e+00 -1.632775436312190243e+00
-1.928349093294700500e+00 -1.636521728902974537e+00
-1.929448549782490918e+00 -1.640268458223284931e+00
-1.930575549988187811e+00 -1.644015627388590861e+00
-1.931731053072148097e+00 -1.647763239558484250e+00
-1.932916058788926694e+00 -1.651511297937493961e+00
-1.934131609375470573e+00 -1.655259805775900928e+00
-1.935378791523752140e+00 -1.659008766370581922e+00
-1.936658738440105942e+00 -1.662758183065868201e+00
-1.937972631993419403e+00 -1.666508059254421470e+00
-1.939321704954006353e+00 -1.670258398378131837e+00
-1.940707243324653053e+00 -1.674009203929033296e+00
-1.942130588764992893e+00 -1.677760479450240538e+00
-1.943593141109801969e+00 -1.681512228536904630e+00
-1.945096360981249051e+00 -1.685264454837186232e+00
-1.946641772494519307e+00 -1.689017162053266352e+00
-1.948230966055287450e+00 -1.692770353942353312e+00
-1.949865601246635327e+00 -1.696524034317735907e+00
-1.951547409801953403e+00 -1.700278207049850554e+00
-1.953278198658998432e+00 -1.704032876067368862e+00
-1.955059853088869870e+00 -1.707788045358313189e+00
-1.956894339892027990e+00 -1.711543718971200612e+00
-1.958783710651536669e+00 -1.715299901016207329e+00
-1.960730105031602166e+00 -1.719056595666363263e+00
-1.962735754107099106e+00 -1.722813807158771748e+00
-1.964802983707100159e+00 -1.726571539795854093e+00
-1.966934217752423608e+00 -1.730329797946633441e+00
-1.969131981563979172e+00 -1.734088586048033065e+00
-1.971398905115070210e+00 -1.737847908606219294e+00
-1.973737726196918230e+00 -1.741607770197963756e+00
-1.976151293462402148e+00 -1.745368175472044259e+00
-1.978642569308499466e+00 -1.749129129150676087e+00
-1.981214632553025323e+00 -1.752890636030976612e+00
-1.983870680856248736e+00 -1.756652700986464088e+00
-1.986614032832568988e+00 -1.760415328968595317e+00
-1.989448129792061648e+00 -1.764178525008334164e+00
-1.992376537046149698e+00 -1.767942294217752730e+00
-1.995402944706187398e+00 -1.771706641791694237e+00
-1.998531167898488059e+00 -1.775471573009445914e+00
-2.001765146314313348e+00 -1.779237093236464506e+00
-2.005108943008895306e+00 -1.783003207926151745e+00
-2.008566742359860324e+00 -1.786769922621661566e+00
-2.012142847092555975e+00 -1.790537242957748632e+00
-2.015841674278307849e+00 -1.794305174662676361e+00
-2.019667750211364687e+00 -1.798073723560157822e+00
-2.023625704072174791e+00 -1.801842895571345249e+00
-2.025367135492143866e+00 -1.809414660126082763e+00
-2.027154704850230083e+00 -1.816986424680828494e+00
-2.028989954729256695e+00 -1.824558189235577776e+00
-2.030874481251332409e+00 -1.832129953790337051e+00
-2.032809935388202760e+00 -1.839701718345097214e+00
-2.034798024221168511e+00 -1.847273482899864039e+00
-2.036840512138173409e+00 -1.854845247454637525e+00
-2.038939221954427339e+00 -1.862417012009413009e+00
-2.041096035941683873e+00 -1.869988776564196264e+00
-2.043312896749995833e+00 -1.877560541118983073e+00
-2.045591808204427320e+00 -1.885132305673774544e+00
-2.047934835957913702e+00 -1.892704070228570901e+00
-2.050344107980131003e+00 -1.900275834783370366e+00
-2.052821814860955385e+00 -1.907847599338174494e+00
-2.055370209905905909e+00 -1.915419363892982840e+00
-2.057991608999829580e+00 -1.922991128447795406e+00
-2.060688390214147958e+00 -1.930562893002609970e+00
-2.063462993132090251e+00 -1.938134657557430529e+00
-2.066317917865855058e+00 -1.945706422112252421e+00
-2.069255723739222397e+00 -1.953278186667077421e+00
-2.072279027609150504e+00 -1.960849951221908416e+00
-2.075390501800238319e+00 -1.968421715776740522e+00
-2.078592871626701921e+00 -1.975993480331577512e+00
-2.081888912477698916e+00 -1.983565244886416723e+00
-2.085281446443713271e+00 -1.991137009441258821e+00
-2.088773338463872253e+00 -1.998708773996104027e+00
-2.092367491977169980e+00 -2.006280538550950787e+00
-2.096066844064062185e+00 -2.013852303105800878e+00
-2.099874360069181822e+00 -2.021424067660654966e+00
-2.103793027700893603e+00 -2.028995832215511275e+00
-2.107825850608920693e+00 -2.036567596770369803e+00
-2.111975841447589985e+00 -2.044139361325228776e+00
-2.116246014439016054e+00 -2.051711125880093523e+00
-2.120639377457917529e+00 -2.059282890434958269e+00
-2.125158923667414879e+00 -2.066854654989826567e+00
-2.129807622743331574e+00 -2.074426419544697087e+00
-2.134588411732548874e+00 -2.081998184099569382e+00
-2.139504185599201858e+00 -2.089569948654441678e+00
-2.144557787520382952e+00 -2.097141713209320635e+00
-2.149751999000520275e+00 -2.104713477764198704e+00
-2.155089529880452215e+00 -2.112285242319077661e+00
-2.160573008323227295e+00 -2.119857006873963279e+00
-2.166204970863579327e+00 -2.127428771428846677e+00
-2.171987852611717784e+00 -2.135000535983732295e+00
-2.177923977704323999e+00 -2.142572300538618357e+00
-2.184015550096308100e+00 -2.150144065093508861e+00
-2.190264644785912651e+00 -2.157715829648398920e+00
-2.196673199563010215e+00 -2.165287594203293864e+00
-2.203243007366014083e+00 -2.172859358758187476e+00
-2.209975709326689852e+00 -2.180431123313085084e+00
-2.210335412351645434e+00 -2.180431123631289214e+00
-2.210704596890676665e+00 -2.180431123949494676e+00
-2.211083626009762604e+00 -2.180431124267701026e+00
-2.211472880626673909e+00 -2.180431124585910485e+00
-2.211872760557563211e+00 -2.180431124904112394e+00
-2.212283685632621566e+00 -2.180431125222318745e+00
-2.212706096885597162e+00 -2.180431125540523318e+00
-2.213140457822341034e+00 -2.180431125858729224e+00
-2.213587255773850959e+00 -2.180431126176936463e+00
-2.214047003339643549e+00 -2.180431126495144589e+00
-2.214520239927642908e+00 -2.180431126813347387e+00
-2.215007533397152617e+00 -2.180431127131554181e+00
-2.215509481811836601e+00 -2.180431127449757867e+00
-2.216026715310033701e+00 -2.180431127767964217e+00
-2.216559898100083803e+00 -2.180431128086171455e+00
-2.217109730588715522e+00 -2.180431128404376029e+00
-2.217676951650878525e+00 -2.180431128722581491e+00
-2.218262341049718867e+00 -2.180431129040787397e+00
-2.218866722015643944e+00 -2.180431129358994191e+00
-2.219490963993630217e+00 -2.180431129677199209e+00
-2.220135985568015613e+00 -2.180431129995405559e+00
-2.220802757574053654e+00 -2.180431130313611465e+00
-2.221492306405287831e+00 -2.180431130631814707e+00
-2.222205717525555180e+00 -2.180431130950025498e+00
-2.222944139193780533e+00 -2.180431131268229183e+00
-2.223708786408943094e+00 -2.180431131586435534e+00
-2.224500945081368641e+00 -2.180431131904640552e+00
-2.225321976434873505e+00 -2.180431132222846458e+00
-2.226173321642182845e+00 -2.180431132541051031e+00
-2.227056506693286586e+00 -2.180431132859257826e+00
-2.227973147492909423e+00 -2.180431133177463288e+00
-2.228924955178969824e+00 -2.180431133495670526e+00
-2.229913741648513081e+00 -2.180431133813874656e+00
-2.230941425271117051e+00 -2.180431134132082338e+00
-2.232010036761871596e+00 -2.180431134450287356e+00
-2.233121725176627770e+00 -2.180431134768492374e+00
-2.234278763981029314e+00 -2.180431135086697836e+00
-2.235483557131796140e+00 -2.180431135404904186e+00
-2.236738645093415467e+00 -2.180431135723110536e+00
-2.238046710696041330e+00 -2.180431136041315998e+00
-2.239410584720400887e+00 -2.180431136359522348e+00
-2.240833251073260701e+00 -2.180431136677728254e+00
-2.242317851392411132e+00 -2.180431136995935493e+00
-2.243867688893289802e+00 -2.180431137314141399e+00
-2.245486231240967356e+00 -2.180431137632346417e+00
-2.247177112201742766e+00 -2.180431137950551879e+00
-2.248944131799119894e+00 -2.180431138268758673e+00
-2.250791254670737818e+00 -2.180431138586964579e+00
-2.252722606297955732e+00 -2.180431138905170041e+00
-2.254742466760057962e+00 -2.180431139223375947e+00
-2.254933367276161782e+00 -2.180924013186354760e+00
-2.255125815663535427e+00 -2.181420381528721197e+00
-2.255319835610153589e+00 -2.181920276563454220e+00
-2.255515451775583990e+00 -2.182423730935370010e+00
-2.255712689888048406e+00 -2.182930777620604612e+00
-2.255911576856016509e+00 -2.183441449929504952e+00
-2.256112140897104101e+00 -2.183955781509497207e+00
-2.256314411687440291e+00 -2.184473806347964508e+00
-2.256518420535676750e+00 -2.184995558775123303e+00
-2.256724200586536444e+00 -2.185521073466878850e+00
-2.256931787060022732e+00 -2.186050385447688704e+00
-2.257141217534032407e+00 -2.186583530093409333e+00
-2.257352532279929935e+00 -2.187120543134133843e+00
-2.257565774663214508e+00 -2.187661460657024382e+00
-2.257780991624679601e+00 -2.188206319109117892e+00
-2.257998234261836767e+00 -2.188755155300140309e+00
-2.258217558535938529e+00 -2.189308006405270568e+00
-2.258439026137837313e+00 -2.189864909967929041e+00
-2.258662705556046202e+00 -2.190425903902504690e+00
-2.258888673404618075e+00 -2.190991026497084437e+00
-2.259117016088048491e+00 -2.191560316416154564e+00
-2.259347831907543735e+00 -2.192133812703283002e+00
-2.259581233751871032e+00 -2.192711554783748795e+00
-2.259817352571384497e+00 -2.193293582467174208e+00
-2.260056341914935985e+00 -2.193879935950101778e+00
-2.260298383929310706e+00 -2.194470655818542060e+00
-2.260543697402118024e+00 -2.195065783050504038e+00
-2.260792548707883931e+00 -2.195665359018445617e+00
-2.261045266955924671e+00 -2.196269425491729432e+00
-2.261302265345543905e+00 -2.196878024638992066e+00
-2.261564071904111017e+00 -2.197491199030503939e+00
-2.261831374778568549e+00 -2.198108991640447929e+00
-2.262105090768327997e+00 -2.198731445849170463e+00
-2.262386472229842571e+00 -2.199358605445358883e+00
-2.262677279805301200e+00 -2.199990514628171301e+00
-2.262980073203453291e+00 -2.204587654149201104e+00
-2.263298725049492255e+00 -2.211576472225225132e+00
-2.263639383203615019e+00 -2.218560142753253750e+00
-2.264012404379518006e+00 -2.225528162973849700e+00
-2.264436589632153662e+00 -2.232461588255986840e+00
-2.264949498379084769e+00 -2.239322718074869822e+00
-2.265635894523896798e+00 -2.246026649887350235e+00
-2.266715296375333644e+00 -2.252353729211383104e+00
-2.268777497034827562e+00 -2.257714029236795650e+00
-2.272740372337280768e+00 -2.261189542882622305e+00
-2.278434298441453620e+00 -2.262949765204617325e+00
-2.284937511392918896e+00 -2.263916333830046757e+00
-2.291772982241504941e+00 -2.264566153837861862e+00
-2.298765962275686192e+00 -2.265073852521783504e+00
-2.305846812177281269e+00 -2.265508950233046548e+00
-2.307092334828322766e+00 -2.266419770084292296e+00
-2.308351380896028981e+00 -2.267354460041928199e+00
-2.309624077655033858e+00 -2.268314074317261397e+00
-2.310910555224512830e+00 -2.269299721232994838e+00
-2.312210946543401757e+00 -2.270312566808144972e+00
-2.313525387346352602e+00 -2.271353838601401609e+00
-2.314854016140389881e+00 -2.272424829833382454e+00
-2.316196974182211932e+00 -2.273526903809792277e+00
-2.317554405456124123e+00 -2.274661498669211301e+00
-2.318926456652535606e+00 -2.275830132481009738e+00
-2.320313277146964115e+00 -2.277034408720790104e+00
-2.321715018979519041e+00 -2.278276022152691205e+00
-2.323131836834782415e+00 -2.279556765149957531e+00
-2.324563888022040281e+00 -2.280878534487260190e+00
-2.326011332455792502e+00 -2.282243338640342678e+00
-2.327474332636482401e+00 -2.283653305630717334e+00
-2.328953053631402703e+00 -2.285110691455193965e+00
-2.330447663055666752e+00 -2.286617889141934867e+00
-2.331958331053227251e+00 -2.288177438476537429e+00
-2.333485230277853706e+00 -2.290195773449545502e+00
-2.335028535873998834e+00 -2.292667964202785846e+00
-2.336588425457504670e+00 -2.295187782125013953e+00
-2.338165079096071963e+00 -2.297755996867799855e+00
-2.339758679289448473e+00 -2.300373370896486414e+00
-2.341369410949222019e+00 -2.303040658082845749e+00
-2.342997461378251156e+00 -2.305758602259592394e+00
-2.344643020249552290e+00 -2.308527935741331749e+00
-2.346306279584705834e+00 -2.311349377817093931e+00
-2.347987433731619333e+00 -2.314223633220124920e+00
-2.349686679341683959e+00 -2.317151390581035031e+00
-2.351404215346197812e+00 -2.320133320870900295e+00
-2.353140242932067139e+00 -2.323170075841331617e+00
-2.354894965516673988e+00 -2.326262286468904872e+00
-2.356668588721965385e+00 -2.329410561411672909e+00
-2.358461320347607248e+00 -2.332615485485815210e+00
-2.360273370343271893e+00 -2.335877618170620007e+00
-2.362104950779986723e+00 -2.339197492150287605e+00
-2.363956275820549457e+00 -2.342575611901032140e+00
-2.365827561688999214e+00 -2.346012452332197906e+00
-2.367719026639210078e+00 -2.349508457490071756e+00
-2.369630890922673316e+00 -2.353064039333422119e+00
-2.371563376755692953e+00 -2.356679576590369862e+00
-2.373516708286454779e+00 -2.360355413707856620e+00
-2.375491111563058144e+00 -2.364091859909730697e+00
-2.377486814505374468e+00 -2.367889188393371924e+00
-2.379504046889326929e+00 -2.371747635741313420e+00
-2.381543040375301068e+00 -2.375667401813540636e+00
-2.383604028741295178e+00 -2.379648651440775087e+00
-2.385687249809806065e+00 -2.383691530038846373e+00
-2.387924961238161004e+00 -2.387858776151534634e+00
