-3.631558033289503662e+00 -3.403374354359647747e+00
-3.631923330150951035e+00 -3.403710258451728699e+00
-3.632292346739299127e+00 -3.404049417038098824e+00
-3.632665149150786643e+00 -3.404391946921246248e+00
-3.633041805205021735e+00 -3.404737971530185536e+00
-3.633422384503590674e+00 -3.405087621391061692e+00
-3.633806958491096140e+00 -3.405441034636960129e+00
-3.634195600518693947e+00 -3.405798357560640088e+00
-3.634588385910223263e+00 -3.406159745214191403e+00
-3.634985392031100826e+00 -3.406525362060185191e+00
-3.635386698360046243e+00 -3.406895382679173689e+00
-3.635792386563834189e+00 -3.407269992538987324e+00
-3.636202540575157016e+00 -3.407649388831867299e+00
-3.636617246673756298e+00 -3.408033781386016425e+00
-3.637036593571021381e+00 -3.408423393658848610e+00
-3.637460672498118885e+00 -3.408818463819978550e+00
-3.637889577297940047e+00 -3.409219245932818332e+00
-3.638323404520912518e+00 -3.409626011244453636e+00
-3.638762253524974177e+00 -3.410039049594551397e+00
-3.639206226579813297e+00 -3.410458670954970906e+00
-3.639655428975613560e+00 -3.410885207113022677e+00
-3.640109969136526402e+00 -3.411319013512331466e+00
-3.640569958739023892e+00 -3.411760471266705341e+00
-3.641035512835443466e+00 -3.412209989363624629e+00
-3.641506749982880375e+00 -3.412668007075367882e+00
-3.641983792377743168e+00 -3.413134996597182447e+00
-3.642466765996144495e+00 -3.413611465933157785e+00
-3.642955800740487415e+00 -3.414097962051865665e+00
-3.643451030592459450e+00 -3.414595074334733305e+00
-3.643952593772712856e+00 -3.415103438340973518e+00
-3.644460632907571274e+00 -3.415623739913316914e+00
-3.644975295203038090e+00 -3.416156719648364426e+00
-3.645496732626424929e+00 -3.416703177754335297e+00
-3.646025102095930226e+00 -3.417263979316651934e+00
-3.646560565678474308e+00 -3.417840059987653500e+00
-3.647103290796198660e+00 -3.418432432110790398e+00
-3.647653450441874057e+00 -3.419042191280523113e+00
-3.648211223403677206e+00 -3.419670523326723277e+00
-3.648776794499618781e+00 -3.420318711695056635e+00
-3.649350354822019860e+00 -3.420988145172039196e+00
-3.649932101992395150e+00 -3.421680325873303286e+00
-3.650522240427096499e+00 -3.422396877375030844e+00
-3.651120981614103478e+00 -3.423139552819647768e+00
-3.651728544401247500e+00 -3.423910242766395218e+00
-3.652345155296310875e+00 -3.424710982483429866e+00
-3.652971048779221963e+00 -3.425543958290686142e+00
-3.653606467626736798e+00 -3.426411512461209785e+00
-3.654251663249850068e+00 -3.427316146074965708e+00
-3.654906896044161524e+00 -3.428260519097863668e+00
-3.655572435753491778e+00 -3.429247446836539481e+00
-3.656774699846588206e+00 -3.429914841776259937e+00
-3.657989058959040030e+00 -3.430593639079562163e+00
-3.659215668443473568e+00 -3.431284099937119247e+00
-3.660454686124896551e+00 -3.431986492452380411e+00
-3.661706272359361414e+00 -3.432701091823540551e+00
-3.662970590095109280e+00 -3.433428180528739215e+00
-3.664247804936223929e+00 -3.434168048514254501e+00
-3.665538085209074204e+00 -3.434920993385652821e+00
-3.666841602031598146e+00 -3.435687320601722661e+00
-3.668158529385627808e+00 -3.436467343670925434e+00
-3.669489044192439930e+00 -3.437261384350203564e+00
-3.670833326391732765e+00 -3.438069772845901984e+00
-3.672191559024152063e+00 -3.438892848016517068e+00
-3.673563928317705063e+00 -3.439730957576924819e+00
-3.674950623778164616e+00 -3.440584458303820092e+00
-3.676351838283758333e+00 -3.441453716241887673e+00
-3.677767768184382113e+00 -3.442339106910372593e+00
-3.679198613405633811e+00 -3.443241015509511449e+00
-3.680644577557884212e+00 -3.444159837126379742e+00
-3.682105868050761455e+00 -3.445095976939487326e+00
-3.683582696213313579e+00 -3.446049850421656124e+00
-3.685075277420202244e+00 -3.447021883540416720e+00
-3.686583831224322427e+00 -3.448012512955206610e+00
-3.688108581496136740e+00 -3.449022186210654262e+00
-3.689649756570257733e+00 -3.450051361925085214e+00
-3.691207589399582378e+00 -3.451100509973332731e+00
-3.692782317717520968e+00 -3.452170111662939522e+00
-3.694374184208740974e+00 -3.453260659902686047e+00
-3.695983436688972557e+00 -3.454372659362397791e+00
-3.697610328294410831e+00 -3.455506626622869337e+00
-3.699255117681291338e+00 -3.456663090314640918e+00
-3.700918069236192487e+00 -3.457842591244459918e+00
-3.702599453297810150e+00 -3.459045682507924102e+00
-3.704299546390785736e+00 -3.460272929587046242e+00
-3.706018631472365765e+00 -3.461524910431174273e+00
-3.707756998192636821e+00 -3.462802215519805049e+00
-3.709514943169148982e+00 -3.464105447905658330e+00
-3.711292770276765740e+00 -3.465435223236478901e+00
-3.713090790953673892e+00 -3.466792169753821540e+00
-3.714909324524478862e+00 -3.468176928267174386e+00
-3.716748698541374019e+00 -3.469590152101760694e+00
-3.718609249144550599e+00 -3.471032507018226632e+00
-3.720491321442792376e+00 -3.472504671102553786e+00
-3.722395269915629967e+00 -3.474007334624527488e+00
-3.724321458838144583e+00 -3.475541199863068531e+00
-3.726270262729831195e+00 -3.477106980896851773e+00
-3.728242066828841850e+00 -3.478705403358687942e+00
-3.730237267593099038e+00 -3.480337204152256003e+00
-3.732256273229750398e+00 -3.482003131129804530e+00
-3.734299504254582125e+00 -3.483703942729721170e+00
-3.734388162953063972e+00 -3.485118466859267183e+00
-3.734478114342421051e+00 -3.486542151279147905e+00
-3.734569386060516027e+00 -3.487974838119450638e+00
-3.734662006510611310e+00 -3.489416368281605063e+00
-3.734756004887004099e+00 -3.490866581602083407e+00
-3.734851411201598914e+00 -3.492325317009383312e+00
-3.734948256311533932e+00 -3.493792412674006087e+00
-3.735046571947878924e+00 -3.495267706151251819e+00
-3.735146390745464284e+00 -3.496751034516675016e+00
-3.735247746273841596e+00 -3.498242234494046254e+00
-3.735350673069501859e+00 -3.499741142575703012e+00
-3.735455206669327399e+00 -3.501247595135326574e+00
-3.735561383645418676e+00 -3.502761428533057053e+00
-3.735669241641244032e+00 -3.504282479212929680e+00
-3.735778819409283358e+00 -3.505810583792773993e+00
-3.735890156850144361e+00 -3.507345579146520897e+00
-3.736003295053279771e+00 -3.508887302479109849e+00
-3.736118276339318367e+00 -3.510435591394024613e+00
-3.736235144304129285e+00 -3.511990283953649872e+00
-3.736353943864668015e+00 -3.513551218732525072e+00
-3.736474721306686675e+00 -3.515118234863727320e+00
-3.736597524334400511e+00 -3.516691172078481031e+00
-3.736722402122175435e+00 -3.518269870739260341e+00
-3.736849405368366295e+00 -3.519854171866483750e+00
-3.736978586351351606e+00 -3.521443917159059911e+00
-3.737109998987889092e+00 -3.523038949008980403e+00
-3.737243698893901289e+00 -3.524639110510153550e+00
-3.737379743447780012e+00 -3.526244245461689797e+00
-3.737518191856326499e+00 -3.527854198365880656e+00
-3.737659105223441358e+00 -3.529468814421052425e+00
-3.737802546621716626e+00 -3.531087939509557572e+00
-3.737948581166988582e+00 -3.532711420181084527e+00
-3.738097276096057353e+00 -3.534339103631532364e+00
-3.738248700847665251e+00 -3.535970837677666623e+00
-3.738402927146894150e+00 -3.537606470727772567e+00
-3.738560029093125792e+00 -3.539245851748554106e+00
-3.738720083251705795e+00 -3.540888830228504425e+00
-3.738883168749530750e+00 -3.542535256137921085e+00
-3.739049367374639221e+00 -3.544184979885925291e+00
-3.739218763680040247e+00 -3.545837852274564383e+00
-3.739391445091975630e+00 -3.547493724450403452e+00
-3.739567502022732803e+00 -3.549152447853761050e+00
-3.739747027988256090e+00 -3.550813874165869244e+00
-3.739930119730786373e+00 -3.552477855254255523e+00
-3.740116877346633117e+00 -3.554144243116643231e+00
-3.740307404419431769e+00 -3.555812889823664058e+00
-3.740501808158989583e+00 -3.557483647460690346e+00
-3.740700199546014293e+00 -3.559156368069209986e+00
-3.740902693482969887e+00 -3.560830903588047214e+00
-3.741109408951266424e+00 -3.562507105794907591e+00
-3.741427250986699704e+00 -3.565460938942126567e+00
-3.741757304199480938e+00 -3.568442214848242866e+00
-3.742100261041072518e+00 -3.571450148909692146e+00
-3.742456863643215836e+00 -3.574483902695712256e+00
-3.742827907892057215e+00 -3.577542581619955087e+00
-3.743214247843853038e+00 -3.580625232421671633e+00
-3.743616800504775632e+00 -3.583730840446638144e+00
-3.744036550996328039e+00 -3.586858326721948931e+00
-3.744474558126412500e+00 -3.590006544823431067e+00
-3.744931960382893887e+00 -3.593174277541425266e+00
-3.745409982362161827e+00 -3.596360233359433334e+00
-3.745909941638589480e+00 -3.599563042772306432e+00
-3.746433256071918017e+00 -3.602781254485855733e+00
-3.746981451537187979e+00 -3.606013331559692059e+00
-3.747556170045958535e+00 -3.609257647580496275e+00
-3.748159178206510678e+00 -3.612512482984652440e+00
-3.748792375944212107e+00 -3.615776021689218300e+00
-3.749457805369845076e+00 -3.619046348239626454e+00
-3.750157659642455954e+00 -3.622321445743032164e+00
-3.750894291623446897e+00 -3.625599194930105629e+00
-3.751670222059021231e+00 -3.628877374776161346e+00
-3.752488146958838922e+00 -3.632153665217436878e+00
-3.753350943759863778e+00 -3.635425652620506654e+00
-3.754261675777482044e+00 -3.638690838802871141e+00
-3.755223594354162309e+00 -3.641946654560715757e+00
-3.756240138024122821e+00 -3.645190478832551317e+00
-3.757314927928431469e+00 -3.648419664812052599e+00
-3.758451758649787866e+00 -3.651631574512791634e+00
-3.759654583603834865e+00 -3.654823623473316907e+00
-3.760927494141936389e+00 -3.657993337462164707e+00
-3.762274691608387123e+00 -3.661138423186013124e+00
-3.763700451773635880e+00 -3.664256855108309008e+00
-3.765209081350792353e+00 -3.667346980538678469e+00
-3.766804866706911614e+00 -3.670407645149610154e+00
-3.768492015400061845e+00 -3.673438341013228747e+00
-3.770274591789249286e+00 -3.676439379128942253e+00
-3.772156448634912618e+00 -3.679412088224794708e+00
-3.774141157269031766e+00 -3.682359041325228510e+00
-3.776231939483474243e+00 -3.685284311076985730e+00
-3.778431604671101951e+00 -3.688193753863882929e+00
-3.780742495872040809e+00 -3.691095320827802340e+00
-3.783166448166692231e+00 -3.693999390181549547e+00
-3.785704762299934245e+00 -3.696919108281255806e+00
-3.788358195552046226e+00 -3.699870714915201475e+00
-3.791126970778099903e+00 -3.702873808983905057e+00
-3.794010803346731020e+00 -3.705951482719100021e+00
-3.797008944565667843e+00 -3.709130217310529165e+00
-3.800120239220517337e+00 -3.712439398700344118e+00
-3.803343194176353137e+00 -3.715910299419769469e+00
-3.806676054648934659e+00 -3.719574413440346117e+00
-3.806679699461299471e+00 -3.719586374424816988e+00
-3.806683398333459145e+00 -3.719598531340139846e+00
-3.806687152503631211e+00 -3.719610889137102028e+00
-3.806690963248590354e+00 -3.719623452936828834e+00
-3.806694831885193864e+00 -3.719636228038202486e+00
-3.806698759771957263e+00 -3.719649219925765138e+00
-3.806702748310764051e+00 -3.719662434277945184e+00
-3.806706798948582549e+00 -3.719675876975831130e+00
-3.806710913179338185e+00 -3.719689554112351360e+00
-3.806715092545807977e+00 -3.719703472002008571e+00
-3.806719338641699757e+00 -3.719717637191139570e+00
-3.806723653113734507e+00 -3.719732056468750603e+00
-3.806728037663919650e+00 -3.719746736878007276e+00
-3.806732494051887183e+00 -3.719761685728335543e+00
-3.806737024097375688e+00 -3.719776910608286524e+00
-3.806741629682833583e+00 -3.719792419399103878e+00
-3.806746312756162709e+00 -3.719808220289141154e+00
-3.806751075333613343e+00 -3.719824321789122923e+00
-3.806755919502826657e+00 -3.719840732748356693e+00
-3.806760847426034378e+00 -3.719857462371916501e+00
-3.806765861343460067e+00 -3.719874520238923399e+00
-3.806770963576870503e+00 -3.719891916321958369e+00
-3.806776156533376199e+00 -3.719909661007697377e+00
-3.806781442709387342e+00 -3.719927765118928864e+00
-3.806786824694827764e+00 -3.719946239937927945e+00
-3.806792305177598923e+00 -3.719965097231448414e+00
-3.806797886948278364e+00 -3.719984349277315694e+00
-3.806803572905108179e+00 -3.720004008892856540e+00
-3.806809366059270783e+00 -3.720024089465268968e+00
-3.806815269540481328e+00 -3.720044604984062087e+00
-3.806821286602931842e+00 -3.720065570075800299e+00
-3.806827420631569758e+00 -3.720087000041303327e+00
-3.806833675148782792e+00 -3.720108910895523646e+00
-3.806840053821504810e+00 -3.720131319410303838e+00
-3.806846560468744034e+00 -3.720154243160358920e+00
-3.806853199069619720e+00 -3.720177700572590673e+00
-3.806859973771901995e+00 -3.720201710979268217e+00
-3.806866888901090373e+00 -3.720226294675200496e+00
-3.806873948970129984e+00 -3.720251472979426932e+00
-3.806881158689731759e+00 -3.720277268301785512e+00
-3.806888522979421374e+00 -3.720303704214812601e+00
-3.806896046979299175e+00 -3.720330805531552709e+00
-3.806903736062679400e+00 -3.720358598389760019e+00
-3.806911595849513663e+00 -3.720705543594065023e+00
-3.806919632220865601e+00 -3.723336207532006892e+00
-3.806927851334329649e+00 -3.725967210253291917e+00
-3.806936259640634201e+00 -3.728598546697827754e+00
-3.806944863901410958e+00 -3.731230212011306335e+00
-3.806953671208314294e+00 -3.733862201536396253e+00
-3.806962689003558609e+00 -3.736494510804510671e+00
-3.807145230173818451e+00 -3.736648513050358389e+00
-3.807330172121565770e+00 -3.736803302916504421e+00
-3.807517582287369695e+00 -3.736958887408278862e+00
-3.807707530852541211e+00 -3.737115273633592860e+00
-3.807900090873149956e+00 -3.737272468805132863e+00
-3.808095338421260134e+00 -3.737430480242674768e+00
-3.808293352733644888e+00 -3.737589315375431820e+00
-3.808494216368460972e+00 -3.737748981744471344e+00
-3.808698015370168388e+00 -3.737909487005214526e+00
-3.808904839443238100e+00 -3.738070838929984596e+00
-3.809114782134952470e+00 -3.738233045410666477e+00
-3.809327941027817133e+00 -3.738396114461392195e+00
-3.809544417941943983e+00 -3.738560054221349738e+00
-3.809764319147941336e+00 -3.738724872957648770e+00
-3.809987755590629188e+00 -3.738890579068282261e+00
-3.810214843124138717e+00 -3.739057181085162274e+00
-3.810445702758749498e+00 -3.739224687677253911e+00
-3.810680460919884105e+00 -3.739393107653823378e+00
-3.810919249719682433e+00 -3.739562449967728686e+00
-3.811162207241487909e+00 -3.739732723718871998e+00
-3.811409477837544468e+00 -3.739903938157707053e+00
-3.811661212440234703e+00 -3.740076102688887794e+00
-3.811917568886932450e+00 -3.740249226874997834e+00
-3.812178712258723845e+00 -3.740423320440432242e+00
-3.812444815232870265e+00 -3.740598393275348599e+00
-3.812716058448939016e+00 -3.740774455439783708e+00
-3.812992630888353496e+00 -3.740951517167873330e+00
-3.813274730266863255e+00 -3.741129588872230904e+00
-3.813562563439257591e+00 -3.741308681148414639e+00
-3.813856346815418519e+00 -3.741488804779589117e+00
-3.814156306786506523e+00 -3.741669970741294371e+00
-3.814462680159678154e+00 -3.741852190206389484e+00
-3.814775714599434320e+00 -3.742035474550140073e+00
-3.815095669073162110e+00 -3.742219835355486524e+00
-3.815422814298005338e+00 -3.743037096620252413e+00
-3.815757433185539949e+00 -3.743959371343616560e+00
-3.816099821280163784e+00 -3.744895714311473611e+00
-3.816450287186347712e+00 -3.745845555334335053e+00
-3.816809152979064645e+00 -3.746808279380574369e+00
-3.817176754590950960e+00 -3.747783229117583659e+00
-3.817553442168668543e+00 -3.748769707613683444e+00
-3.817939580390018683e+00 -3.749766981150904677e+00
-3.818335548732238571e+00 -3.750774282102957713e+00
-3.818741741680761415e+00 -3.751790811838535689e+00
-3.819158568866599435e+00 -3.752815743617023969e+00
-3.819586455119345025e+00 -3.753848225451265730e+00
-3.820025840421532148e+00 -3.754887382919838590e+00
-3.820477179749286911e+00 -3.755932321919452477e+00
-3.820940942782873329e+00 -3.756982131355272259e+00
-3.821417613470381891e+00 -3.758035885774318796e+00
-3.821589583916944033e+00 -3.758340706298452183e+00
-3.821762276504778288e+00 -3.758650092347554317e+00
-3.821935695440090708e+00 -3.758964169860561810e+00
-3.822109844959550529e+00 -3.759283068330850242e+00
-3.822284729330546416e+00 -3.759606920838417743e+00
-3.822460352851477783e+00 -3.759935864073709055e+00
-3.822636719852011478e+00 -3.760270038351951616e+00
-3.822813834693372215e+00 -3.760609587617025351e+00
-3.822991701768639672e+00 -3.760954659433752401e+00
-3.823170325503018052e+00 -3.761305404967401511e+00
-3.823349710354146946e+00 -3.761661978949367491e+00
-3.823529860812404202e+00 -3.762024539627633501e+00
-3.823710781401211012e+00 -3.762393248700986348e+00
-3.823892476677341445e+00 -3.762768271235654716e+00
-3.824074951231256403e+00 -3.763149775563211730e+00
-3.824258209687424248e+00 -3.763537933158568993e+00
-3.824442256704647214e+00 -3.763932918496948332e+00
-3.824627096976437102e+00 -3.764334908888780529e+00
-3.824812735231331029e+00 -3.764744084291617110e+00
-3.824999176233272458e+00 -3.765160627098178558e+00
-3.825186424781995775e+00 -3.765584721899917220e+00
-3.825374485713373574e+00 -3.766016555225573992e+00
-3.825563363899848301e+00 -3.766456315254458787e+00
-3.825753064250821289e+00 -3.766904191504372612e+00
-3.825943591713067526e+00 -3.767360374494419961e+00
-3.826134951271180196e+00 -3.767825055383168475e+00
-3.826327147948017871e+00 -3.768298425583008981e+00
-3.826520186805162815e+00 -3.768780676351893622e+00
-3.826714072943418365e+00 -3.769271998363835419e+00
-3.826908811503299201e+00 -3.769772581260212085e+00
-3.827104407665568253e+00 -3.770282613183991050e+00
-3.827300866651772271e+00 -3.770802280299524689e+00
-3.827498193724828024e+00 -3.771331766300896948e+00
-3.827696394189609386e+00 -3.771871251912102707e+00
-3.827895473393590819e+00 -3.772420914382732970e+00
-3.828095436727493084e+00 -3.772980926982982819e+00
-3.828296289626014204e+00 -3.773551458502210298e+00
-3.828498037568525358e+00 -3.774132672755249995e+00
-3.828700686079888893e+00 -3.774724728100970594e+00
-3.828904240731267006e+00 -3.775327776977524419e+00
-3.829108707141005929e+00 -3.775941965458649019e+00
-3.829314090975599161e+00 -3.776567432835469695e+00
-3.829520397950654242e+00 -3.777204311227800204e+00
-3.829727633831984335e+00 -3.777852725228900255e+00
-3.829935804436769065e+00 -3.778512791587164799e+00
-3.830144915634792646e+00 -3.779184618927897255e+00
-3.830354973349759717e+00 -3.779868307517775250e+00
-3.830565983560777710e+00 -3.780563949074120522e+00
-3.830777952303883183e+00 -3.781271626620577031e+00
-3.830990885673777324e+00 -3.781991414390061035e+00
-3.831028228833109228e+00 -3.782806844470909091e+00
-3.831066551305406964e+00 -3.783635525576032776e+00
-3.831105902351053416e+00 -3.784477735553352762e+00
-3.831146335116499824e+00 -3.785333752328911228e+00
-3.831187907062501452e+00 -3.786203852870330788e+00
-3.831230680453754811e+00 -3.787088312019033065e+00
-3.831274722920498643e+00 -3.787987401180302083e+00
-3.831320108105350286e+00 -3.788901386859421905e+00
-3.831366916411145684e+00 -3.789830529030476125e+00
-3.831415235869251035e+00 -3.790775079322553864e+00
-3.831465163152172781e+00 -3.791735279005174153e+00
-3.831516804759832695e+00 -3.792711356751122143e+00
-3.831570278416110309e+00 -3.793703526149470928e+00
-3.831625714721135445e+00 -3.794711982934457772e+00
-3.831683259116640095e+00 -3.795736901886002546e+00
-3.831743074236661606e+00 -3.796778433344357495e+00
-3.831805342735687070e+00 -3.797836699263255511e+00
-3.831870270711997151e+00 -3.798911788701487602e+00
-3.831938091878256181e+00 -3.800003752619878661e+00
-3.832009072676695993e+00 -3.801112597805871740e+00
-3.832083518597249938e+00 -3.802238279687393696e+00
-3.832161782039166908e+00 -3.803380693715450178e+00
-3.832244272168808141e+00 -3.804539664882194305e+00
-3.832331467379549217e+00 -3.805714934786996739e+00
-3.832423931171874631e+00 -3.806906145449566736e+00
-3.832522332565411194e+00 -3.808112818773724761e+00
-3.832627472565071525e+00 -3.809334330152964743e+00
-3.832740318776805655e+00 -3.810569874133211687e+00
-3.832862051070037079e+00 -3.811818419244309197e+00
-3.832994122297170403e+00 -3.813078647995957748e+00
-3.833138339602597089e+00 -3.814348876509383146e+00
-3.833296973867966084e+00 -3.815626946239683015e+00
-3.833472907329633195e+00 -3.816910077752686536e+00
-3.833669832028100632e+00 -3.818194673895092262e+00
-3.833892513309071326e+00 -3.819476058135789831e+00
-3.834147129878676008e+00 -3.820748136573156373e+00
-3.834441687494013262e+00 -3.822002986524820400e+00
-3.834786462474582880e+00 -3.823230415512896663e+00
-3.835194340910624611e+00 -3.824417624768810864e+00
-3.835680763041272368e+00 -3.825549267787062391e+00
-3.836262806596204111e+00 -3.826608370139173321e+00
-3.836956961737792327e+00 -3.827578557918770219e+00
-3.837775724665590804e+00 -3.828447467767342793e+00
-3.838724266831222032e+00 -3.829210081547398392e+00
-3.839799087174543324e+00 -3.829870078270493750e+00
-3.840989523906773950e+00 -3.830438326775639890e+00
-3.842281052172572764e+00 -3.830929592849938281e+00
-3.843658500125342492e+00 -3.831359328281893184e+00
-3.845108090998831329e+00 -3.832151127547352765e+00
-3.846618274902984247e+00 -3.833421446120041320e+00
-3.847003355396700464e+00 -3.835501166280516738e+00
-3.847419062276975055e+00 -3.837971114190501964e+00
-3.847871434971585458e+00 -3.840989830118409554e+00
-3.848375804954734747e+00 -3.844042248956616614e+00
-3.849017003407659399e+00 -3.847043083587904366e+00
-3.850753604997738666e+00 -3.849033328090662565e+00
-3.853805844322790275e+00 -3.849792370568463351e+00
-3.857039530696589225e+00 -3.850454083292554230e+00
-3.860336866568365721e+00 -3.852180525989828741e+00
-3.863679394361553943e+00 -3.854270395152383788e+00
-3.867060292942424926e+00 -3.856361311782147805e+00
-3.870475618589661160e+00 -3.858453261101767673e+00
-3.873922500360515109e+00 -3.860546228647898648e+00
-3.877398602214634504e+00 -3.862640200262052570e+00
-3.880901919397034217e+00 -3.864735162081829323e+00
-3.884430685500440017e+00 -3.866831100532424514e+00
-3.887983322472837955e+00 -3.868928002318473336e+00
-3.891558409503092175e+00 -3.871025854416188849e+00
-3.895154661181021716e+00 -3.873124644065784938e+00
-3.898770910739067563e+00 -3.875224358764147503e+00
-3.902406096400485858e+00 -3.877324986257791650e+00
-3.906059249834645808e+00 -3.879426514536049808e+00
-3.909729486173926905e+00 -3.881528931824505424e+00
-3.913415995268507697e+00 -3.883632226578644264e+00
-3.917118033968598034e+00 -3.885736387477741527e+00
-3.920834919284871045e+00 -3.887841403418933695e+00
-3.924566022312568236e+00 -3.889947263511499997e+00
-3.928310762826424885e+00 -3.892053957071352155e+00
-3.932068604468047290e+00 -3.894161473615678659e+00
-3.935839050457766941e+00 -3.896269802857784903e+00
-3.939621639771725192e+00 -3.898378934702097176e+00
-3.943415943731501283e+00 -3.900488859239340300e+00
-3.947221562959847940e+00 -3.902599566741844939e+00
-3.951038124661216955e+00 -3.904711047659029877e+00
-3.954865280190442256e+00 -3.906823292613021970e+00
-3.958702702877144208e+00 -3.908936292394414203e+00
-3.962550086077064382e+00 -3.911050037958140546e+00
-3.966407141424838745e+00 -3.913164520419516457e+00
-3.970273597265723708e+00 -3.915279731050363310e+00
-3.974149197246303444e+00 -3.917395661275281160e+00
-3.978033699046580551e+00 -3.919512302668004100e+00
-3.981926873237854547e+00 -3.921629646947915937e+00
-3.985828502252675154e+00 -3.923747685976604949e+00
-3.989738379454596195e+00 -3.925866411754586505e+00
-3.993656308297071966e+00 -3.927985816418070097e+00
-3.997582101561895307e+00 -3.930105892235866705e+00
-4.001515580668771221e+00 -3.932226631606337452e+00
-4.005456575048549794e+00 -3.934348027054491492e+00
-4.009404921573474390e+00 -3.936470071229111412e+00
-4.013360464038598252e+00 -3.938592756899997660e+00
-4.014145867197741246e+00 -3.939015223029396662e+00
-4.014932947108691863e+00 -3.939438163270874593e+00
-4.015721707580484967e+00 -3.939861577686920580e+00
-4.016512152437464067e+00 -3.940285466338753206e+00
-4.017304285519065488e+00 -3.940709829286357824e+00
-4.018098110679582113e+00 -3.941134666588446134e+00
-4.018893631787959997e+00 -3.941559978302485057e+00
-4.019690852727583419e+00 -3.941985764484683852e+00
-4.020489777396043962e+00 -3.942412025189995450e+00
-4.021290409704940672e+00 -3.942838760472113790e+00
-4.022092753579657121e+00 -3.943265970383490693e+00
-4.022896812959126933e+00 -3.943693654975323426e+00
-4.023702591795645489e+00 -3.944121814297540940e+00
-4.024510094054637221e+00 -3.944550448398837172e+00
-4.025319323714437125e+00 -3.944979557326644404e+00
-4.026130284766081147e+00 -3.945409141127138586e+00
-4.026942981213080586e+00 -3.945839199845263323e+00
-4.027757417071208934e+00 -3.946269733524689016e+00
-4.028573596368286047e+00 -3.946700742207849277e+00
-4.029391523143963205e+00 -3.947132225935922278e+00
-4.030211201449476199e+00 -3.947564184748836968e+00
-4.031032635347473914e+00 -3.947996618685277959e+00
-4.031855828911758088e+00 -3.948429527782673976e+00
-4.032680786227082592e+00 -3.948862912077211185e+00
-4.033507511388933153e+00 -3.949296771603826528e+00
-4.034336008503299986e+00 -3.949731106396213054e+00
-4.035166281686454859e+00 -3.950165916486814144e+00
-4.035998335064743259e+00 -3.950601201906823512e+00
-4.036832172774341032e+00 -3.951036962686206522e+00
-4.037667798961055432e+00 -3.951473198853659774e+00
-4.038505217780069323e+00 -3.951909910436656848e+00
-4.039344433395759992e+00 -3.952347097461424763e+00
-4.040185449981430033e+00 -3.952784759952941318e+00
-4.041028271719111054e+00 -3.953222897934939972e+00
-4.041872902799325651e+00 -3.953661511429934716e+00
-4.042719347420856479e+00 -3.954100600459167669e+00
-4.043567609790535755e+00 -3.954540165042673028e+00
-4.044417694122987683e+00 -3.954980205199222887e+00
-4.045269604640434835e+00 -3.955420720946366764e+00
-4.046123345572423702e+00 -3.955861712300409838e+00
-4.046978921155639952e+00 -3.956303179276420501e+00
-4.047836335633633986e+00 -3.956745121888237016e+00
-4.048695593256624647e+00 -3.957187540148460414e+00
-4.049556698281232769e+00 -3.957630434068458491e+00
-4.050419654970268013e+00 -3.958073803658367140e+00
-4.051284467592482841e+00 -3.958517648927085908e+00
-4.052151140422328268e+00 -3.958961969882291765e+00
-4.053019677739746918e+00 -3.959406766530424893e+00
-4.053890083829884361e+00 -3.959852038876700231e+00
-4.054762362982896384e+00 -3.960297786925102592e+00
-4.054780149850444104e+00 -3.960327160414706338e+00
-4.054798052056836077e+00 -3.960356693548602536e+00
-4.054816070823503260e+00 -3.960386388552366466e+00
-4.054834207389824918e+00 -3.960416247697004621e+00
-4.054852463013454589e+00 -3.960446273300192832e+00
-4.054870838970668245e+00 -3.960476467727540584e+00
-4.054889336556708024e+00 -3.960506833393884207e+00
-4.054907957086147263e+00 -3.960537372764665331e+00
-4.054926701893251995e+00 -3.960568088357311556e+00
-4.054945572332343318e+00 -3.960598982742673968e+00
-4.054964569778211292e+00 -3.960630058546558807e+00
-4.054983695626471984e+00 -3.960661318451234703e+00
-4.055002951293983138e+00 -3.960692765197056264e+00
-4.055022338219262501e+00 -3.960724401584118759e+00
-4.055041857862886623e+00 -3.960756230473978956e+00
-4.055061511707942934e+00 -3.960788254791415941e+00
-4.055081301260435644e+00 -3.960820477526296290e+00
-4.055101228049777795e+00 -3.960852901735459231e+00
-4.055121293629215806e+00 -3.960885530544711930e+00
-4.055141499576317088e+00 -3.960918367150855435e+00
-4.055161847493442551e+00 -3.960951414823834504e+00
-4.055182339008254644e+00 -3.960984676908918090e+00
-4.055202975774196972e+00 -3.961018156828997494e+00
-4.055223759471041411e+00 -3.961051858086939603e+00
-4.055244691805398816e+00 -3.961085784268069343e+00
-4.055265774511259913e+00 -3.961119939042700100e+00
-4.055287009350559302e+00 -3.961154326168787154e+00
-4.055308398113743884e+00 -3.961188949494688583e+00
-4.055329942620350181e+00 -3.961223812962013646e+00
-4.055351644719610071e+00 -3.961258920608599965e+00
-4.055373506291049424e+00 -3.961294276571589279e+00
-4.055395529245122255e+00 -3.961329885090635994e+00
-4.055417715523865319e+00 -3.961365750511252504e+00
-4.055440067101534041e+00 -3.961401877288273088e+00
-4.055462585985295298e+00 -3.961438269989459027e+00
-4.055485274215905989e+00 -3.961474933299256485e+00
-4.055508133868437781e+00 -3.961511872022702718e+00
-4.055531167052991215e+00 -3.961549091089510366e+00
-4.055554375915441767e+00 -3.961586595558287183e+00
-4.055577762638219674e+00 -3.961624390620970271e+00
-4.055601329441078207e+00 -3.961662481607424624e+00
-4.055625078581902798e+00 -3.961700873990225524e+00
-4.055649012357541494e+00 -3.961739573389697178e+00
-4.055673133104643391e+00 -3.961778585579107226e+00
-4.055697443200539709e+00 -3.961817916490105507e+00
-4.055721945064114209e+00 -3.961857572218443924e+00
-4.055746641156748211e+00 -3.961897559029873950e+00
-4.055771533983225652e+00 -3.961937883366374535e+00
-4.055796626092727841e+00 -3.961978551852612274e+00
-4.055821920079800691e+00 -3.962019571302713761e+00
-4.056278036823471211e+00 -3.962469699519048483e+00
-4.056734482674154485e+00 -3.962920157234016472e+00
-4.057191257554599417e+00 -3.963370944354650316e+00
-4.057648361387040659e+00 -3.963822060787409285e+00
-4.058105794093224361e+00 -3.964273506438147354e+00
-4.058563555594400185e+00 -3.964725281212150065e+00
-4.059021645811321299e+00 -3.965177385014100331e+00
-4.059480064664235499e+00 -3.965629817748103303e+00
-4.059938812072909187e+00 -3.966082579317679713e+00
-4.060397887956611385e+00 -3.966535669625752991e+00
-4.060857292234110183e+00 -3.966989088574678579e+00
-4.061317024823693167e+00 -3.967442836066214618e+00
-4.061777085643154095e+00 -3.967896912001545928e+00
-4.062237474609792010e+00 -3.968351316281275132e+00
-4.062698191640423673e+00 -3.968806048805414211e+00
-4.063159236651372908e+00 -3.969261109473400939e+00
-4.063620609558474150e+00 -3.969716498184095776e+00
-4.064082310277081334e+00 -3.970172214835772984e+00
-4.064544338722066996e+00 -3.970628259326137499e+00
-4.065006694807798304e+00 -3.971084631552305400e+00
-4.065469378448188564e+00 -3.971541331410819886e+00
-4.065932389556644821e+00 -3.971998358797655282e+00
-4.066395728046104274e+00 -3.972455713608200600e+00
-4.066859393829020064e+00 -3.972913395737275977e+00
-4.067323386817366604e+00 -3.973371405079121121e+00
-4.067787706922639579e+00 -3.973829741527411308e+00
-4.068252354055856834e+00 -3.974288404975244493e+00
-4.068717328127559263e+00 -3.974747395315148868e+00
-4.069182629047807254e+00 -3.975206712439078416e+00
-4.069648256726192237e+00 -3.975666356238415577e+00
-4.070114211071837573e+00 -3.976126326603982797e+00
-4.070580491993378125e+00 -3.976586623426025646e+00
-4.071047099398980684e+00 -3.977047246594228369e+00
-4.071514033196355520e+00 -3.977508195997695672e+00
-4.071981293292733284e+00 -3.977969471524988698e+00
-4.072448879594862348e+00 -3.978431073064081058e+00
-4.072916792009046105e+00 -3.978893000502394361e+00
-4.073385030441109222e+00 -3.979355253726783115e+00
-4.073853594796410071e+00 -3.979817832623540941e+00
-4.074322484979838066e+00 -3.980280737078394804e+00
-4.074791700895834090e+00 -3.980743966976519221e+00
-4.075261242448358523e+00 -3.981207522202517168e+00
-4.075731109540918773e+00 -3.981671402640448942e+00
-4.076201302076558619e+00 -3.982135608173796637e+00
-4.076671819957863541e+00 -3.982600138685501001e+00
-4.077142663086959828e+00 -3.983064994057940122e+00
-4.077613831365510144e+00 -3.983530174172933869e+00
-4.078085324694734837e+00 -3.983995678911750993e+00
-4.078557142975379968e+00 -3.984461508155105580e+00
-4.079029286107748398e+00 -3.984927661783153052e+00
-4.078394917772888206e+00 -3.984218579707075936e+00
-4.077784773372166605e+00 -3.983532239773136752e+00
-4.077197345784913551e+00 -3.982867684698995436e+00
-4.076631256005916804e+00 -3.982224002810002883e+00
-4.076085239815642858e+00 -3.981600325923600803e+00
-4.075558136016390165e+00 -3.980995827295294109e+00
-4.075048876040796131e+00 -3.980409719631435195e+00
-4.074556474761998892e+00 -3.979841253172385684e+00
-4.074080022355769160e+00 -3.979289713848655818e+00
-4.073618677083680417e+00 -3.978754421511239592e+00
-4.073171658883059543e+00 -3.978234728236687889e+00
-4.072738243664208113e+00 -3.977730016706602534e+00
-4.072317758228257922e+00 -3.977239698660780753e+00
-4.071909575730211728e+00 -3.976763213422618293e+00
-4.071513111621637648e+00 -3.976300026495080076e+00
-4.071127820015808751e+00 -3.975849628225341714e+00
-4.070753190425557833e+00 -3.975411532535775283e+00
-4.070388744830445660e+00 -3.974985275719089994e+00
-4.070034035035374309e+00 -3.974570415294995218e+00
-4.069688640287514758e+00 -3.974166528926068587e+00
-4.069352165122601228e+00 -3.973773213390129566e+00
-4.069024237415276524e+00 -3.973390083606653800e+00
-4.068704506611072524e+00 -3.973016771714771966e+00
-4.068392642120689295e+00 -3.972652926200221479e+00
-4.068088331859119222e+00 -3.972298211069019480e+00
-4.067791280914622831e+00 -3.971952305065390210e+00
-4.067501210334044437e+00 -3.971614900931706327e+00
-4.067217856012725008e+00 -3.971285704708293895e+00
-4.066940967678409180e+00 -3.970964435070917453e+00
-4.066670307959964425e+00 -3.970650822704005378e+00
-4.066405651532542187e+00 -3.970344609707652239e+00
-4.066146784331902353e+00 -3.970045549036527621e+00
-4.065893502831325002e+00 -3.969753403969004335e+00
-4.065645613375233225e+00 -3.969467947604784719e+00
-4.065402931564356948e+00 -3.969188962389464503e+00
-4.065165281687687759e+00 -3.968916239664525669e+00
-4.064932496197124934e+00 -3.968649579241344760e+00
-4.064704415220929512e+00 -3.968388788997867067e+00
-4.064480886112672664e+00 -3.968133684496663260e+00
-4.064261763032653185e+00 -3.967884088623191197e+00
-4.064046906558951733e+00 -3.967639831243105153e+00
-4.063836183325687301e+00 -3.967400748877523142e+00
-4.063629465686244835e+00 -3.967166684395309950e+00
-4.063426631399398303e+00 -3.966937486721350936e+00
-4.063227563336528014e+00 -3.966713010559932862e+00
-4.063032149208241961e+00 -3.966493116132427943e+00
-4.062840281308850443e+00 -3.966277668928420042e+00
-4.062651856277376794e+00 -3.966066539469571328e+00
-4.062466774873789710e+00 -3.965859603085489571e+00
-4.062284941769327418e+00 -3.965656739700952560e+00
-4.061681604417035629e+00 -3.964374039106000058e+00
-4.061094361025481270e+00 -3.963120786979331456e+00
-4.060522510088380166e+00 -3.961896169919596478e+00
-4.059965389322480078e+00 -3.960699394086931502e+00
-4.059422373082784752e+00 -3.959529685246592656e+00
-4.058892869966225447e+00 -3.958386288751033266e+00
-4.058376320589652586e+00 -3.957268469466376892e+00
-4.057872195528879899e+00 -3.956175511649136833e+00
-4.057379993406540208e+00 -3.955106718778539143e+00
-4.056899239117355727e+00 -3.954061413349545084e+00
-4.056429482180289092e+00 -3.953038936631358080e+00
-4.055970295207794507e+00 -3.952038648395761911e+00
-4.055521272483307627e+00 -3.951059926619473917e+00
-4.055082028638539171e+00 -3.950102167164206257e+00
-4.054652197423011195e+00 -3.949164783437967507e+00
-4.054231430558830951e+00 -3.948247206040742530e+00
-4.053819396674144038e+00 -3.947348882397495373e+00
-4.053415780309413741e+00 -3.946469276381102453e+00
-4.053020280990941693e+00 -3.945607867927615420e+00
-4.052632612366632969e+00 -3.944764152646023536e+00
-4.052252501399417284e+00 -3.943937641424443807e+00
-4.051879687613934244e+00 -3.943127860034455701e+00
-4.051513922392648404e+00 -3.942334348735165861e+00
-4.051154968317762339e+00 -3.941556661878376389e+00
-4.050802598555528711e+00 -3.940794367515994434e+00
-4.050456596279972565e+00 -3.940047047010830195e+00
-4.050116754133170183e+00 -3.939314294651690140e+00
-4.049782873719442122e+00 -3.938595717273526198e+00
-4.049454765131112133e+00 -3.937890933883370970e+00
-4.049132246503556409e+00 -3.937199575292639420e+00
-4.048815143597545685e+00 -3.936521283756279299e+00
-4.048503289406967909e+00 -3.935855712619178881e+00
-4.048196523790191570e+00 -3.935202525970182386e+00
-4.047894693123438081e+00 -3.934561398303960456e+00
-4.047597649974697731e+00 -3.933932014190931081e+00
-4.047305252796786768e+00 -3.933314067955423710e+00
-4.047017365638288844e+00 -3.932707263362130501e+00
-4.046733857871195106e+00 -3.932111313310947764e+00
-4.046454603934082073e+00 -3.931525939540182701e+00
-4.046179483089951567e+00 -3.930950872338188073e+00
-4.045908379197640237e+00 -3.930385850263274250e+00
-4.045641180495985978e+00 -3.929830619871934161e+00
-4.045377779399994544e+00 -3.929284935455213290e+00
-4.045118072308144797e+00 -3.928748558783174971e+00
-4.044861959420196662e+00 -3.928221258857291343e+00
-4.044609344564835673e+00 -3.927702811670643168e+00
-4.044360135036558113e+00 -3.927192999975774423e+00
-4.044114241441207902e+00 -3.926691613060039110e+00
-4.043871577549640328e+00 -3.926198446528296859e+00
-4.043632060159055186e+00 -3.925713302092707302e+00
-4.039707121988423744e+00 -3.924115761336010699e+00
-4.035848572494009190e+00 -3.922546678515367979e+00
-4.032056590903136950e+00 -3.921005100852512637e+00
-4.028331271768500699e+00 -3.919490109508162679e+00
-4.024672623632901569e+00 -3.918000819054304529e+00
-4.021080568294930657e+00 -3.916536376847074674e+00
-4.017554940693258914e+00 -3.915095962317305833e+00
-4.014095489416877882e+00 -3.913678786194102255e+00
-4.010701877837941964e+00 -3.912284089675265530e+00
-4.007373685853304224e+00 -3.910911143556870861e+00
-4.004110412210263981e+00 -3.909559247332883292e+00
-4.000911477382587123e+00 -3.908227728274439539e+00
-3.997776226954009360e+00 -3.906915940497070583e+00
-3.994703935458853383e+00 -3.905623264023122321e+00
-3.991693810623310856e+00 -3.904349103845669244e+00
-3.988744997946200410e+00 -3.903092888999054377e+00
-3.985856585555038301e+00 -3.901854071640689980e+00
-3.983027609271707625e+00 -3.900632126147692169e+00
-3.980257057822214506e+00 -3.899426548231522016e+00
-3.977543878126361676e+00 -3.898236854073034774e+00
-3.974886980606154641e+00 -3.897062579479944056e+00
-3.972285244455544984e+00 -3.895903279068190450e+00
-3.969737522818943987e+00 -3.894758525468373200e+00
-3.967242647831419333e+00 -3.893627908557975470e+00
-3.964799435479485989e+00 -3.892511034719964957e+00
-3.962406690247492591e+00 -3.891407526127930172e+00
-3.960063209521018646e+00 -3.890317020057824315e+00
-3.957767787724728148e+00 -3.889239168226250154e+00
-3.955519220178127959e+00 -3.888173636154817370e+00
-3.953316306658210433e+00 -3.887120102560407631e+00
-3.951157854663108537e+00 -3.886078258770596427e+00
-3.949042682375346835e+00 -3.885047808163842209e+00
-3.946969621327498068e+00 -3.884028465633637683e+00
-3.944937518776424845e+00 -3.883019957076054407e+00
-3.942945239795169865e+00 -3.882022018899831117e+00
-3.940991669094018324e+00 -3.881034397558359661e+00
-3.939075712584102273e+00 -3.880056849102652805e+00
-3.937196298698179664e+00 -3.879089138754714838e+00
-3.935352379484371887e+00 -3.878131040500301108e+00
-3.933542931489065086e+00 -3.877182336700480736e+00
-3.931766956445512218e+00 -3.876242817721127221e+00
-3.930023481784608030e+00 -3.875312281579620155e+00
-3.928311560984040440e+00 -3.874390533608017773e+00
-3.926630273771585689e+00 -3.873477386131959577e+00
-3.924978726197689394e+00 -3.872572658164641357e+00
-3.923356050591771282e+00 -3.871676175115116969e+00
-3.921761405415846724e+00 -3.870787768510350890e+00
-3.920193975028241073e+00 -3.869907275730298135e+00
-3.918652969369312622e+00 -3.869034539755492386e+00
-3.917137623580051464e+00 -3.868169408926469544e+00
-3.914186025263928226e+00 -3.865656202887387316e+00
-3.911274540645182540e+00 -3.863169891457832517e+00
-3.908402600954871797e+00 -3.860710327761401217e+00
-3.905569639897271017e+00 -3.858277360130453193e+00
-3.902775094084464325e+00 -3.855870832247639157e+00
-3.900018403438700432e+00 -3.853490583290817284e+00
-3.897299011563776894e+00 -3.851136448080937136e+00
-3.894616366086639747e+00 -3.848808257232597008e+00
-3.891969918970492603e+00 -3.846505837306939402e+00
-3.889359126800781663e+00 -3.844229010966557336e+00
-3.886783451045263682e+00 -3.841977597132060662e+00
-3.884242358289583752e+00 -3.839751411140045700e+00
-3.881735320449609006e+00 -3.837550264902086727e+00
-3.879261814961807442e+00 -3.835373967064467760e+00
-3.876821324952945069e+00 -3.833222323168363754e+00
-3.874413339390314626e+00 -3.831095135810169250e+00
-3.872037353213693578e+00 -3.828992204801672461e+00
-3.869692867450186924e+00 -3.826913327329851011e+00
-3.867379389313017057e+00 -3.824858298115956234e+00
-3.865096432285386907e+00 -3.822826909573685761e+00
-3.862843516190352489e+00 -3.820818951966186816e+00
-3.860620167247749812e+00 -3.818834213561636659e+00
-3.858425918119013254e+00 -3.816872480787222077e+00
-3.856260307940813536e+00 -3.814933538381253264e+00
-3.854122882348290702e+00 -3.813017169543294838e+00
-3.852013193488727616e+00 -3.811123156082037777e+00
-3.849930800026295508e+00 -3.809251278560814136e+00
-3.847875267138666899e+00 -3.807401316440575112e+00
-3.845846166506050601e+00 -3.805573048220149079e+00
-3.843843076293328664e+00 -3.803766251573704071e+00
-3.841865581125829987e+00 -3.801980703485252189e+00
-3.839913272059258365e+00 -3.800216180380105335e+00
-3.837985746544303911e+00 -3.798472458253136619e+00
-3.836082608386407689e+00 -3.796749312793867404e+00
-3.834203467701072565e+00 -3.795046519508158411e+00
-3.832347940865151958e+00 -3.793363853836557276e+00
-3.830515650464528132e+00 -3.791701091269202184e+00
-3.828706225238448280e+00 -3.790058007457197231e+00
-3.826919300020930059e+00 -3.788434378320520324e+00
-3.825154515679487055e+00 -3.786829980152331299e+00
-3.823411519051485907e+00 -3.785244589719728658e+00
-3.821689962878376257e+00 -3.783677984360941160e+00
-3.819989505738063507e+00 -3.782129942078905849e+00
-3.818309811975617141e+00 -3.780600241631301373e+00
-3.816650551632573496e+00 -3.779088662617001049e+00
-3.815011400374974659e+00 -3.777594985558990093e+00
-3.813392039420367752e+00 -3.776118991983774986e+00
-3.811792155463894716e+00 -3.774660464497302748e+00
-3.810211440603673339e+00 -3.773219186857416307e+00
-3.808649592265578754e+00 -3.771794944042956121e+00
