-1.059782346548619747e-02 -1.039047359547040812e-02
-2.119564693097239494e-02 -2.078094719094081624e-02
-3.179347039645856465e-02 -3.117142078641122610e-02
-4.239129386194478988e-02 -4.156189438188163249e-02
-5.298911732743095959e-02 -5.195236797735195561e-02
-6.358694079291712931e-02 -6.234284157282245220e-02
-7.418476425840338229e-02 -7.273331516829270593e-02
-8.478258772388957976e-02 -8.312378876376326498e-02
-9.538041118937577723e-02 -9.351426235923360197e-02
-1.059782346548619192e-01 -1.039047359547039112e-01
-1.165760581203480889e-01 -1.142952095501742343e-01
-1.271738815858342586e-01 -1.246856831456449044e-01
-1.377717050513206365e-01 -1.350761567411152275e-01
-1.483695285168067646e-01 -1.454666303365854119e-01
-1.589673519822929759e-01 -1.558571039320557350e-01
-1.695651754477791595e-01 -1.662475775275265300e-01
-1.801629989132654541e-01 -1.766380511229968531e-01
-1.907608223787515545e-01 -1.870285247184672039e-01
-2.013586458442375715e-01 -1.974189983139376658e-01
-2.119564693097238384e-01 -2.078094719094078224e-01
-2.225542927752096611e-01 -2.181999455048781733e-01
-2.331521162406961778e-01 -2.285904191003484687e-01
-2.437499397061825557e-01 -2.389808926958192081e-01
-2.543477631716685172e-01 -2.493713662912898088e-01
-2.649455866371553947e-01 -2.597618398867601042e-01
-2.755434101026412730e-01 -2.701523134822304550e-01
-2.861412335681273178e-01 -2.805427870777009169e-01
-2.967390570336135291e-01 -2.909332606731708237e-01
-3.073368804990993519e-01 -3.013237342686420073e-01
-3.179347039645859518e-01 -3.117142078641114700e-01
-3.285325274300718856e-01 -3.221046814595819319e-01
-3.391303508955583190e-01 -3.324951550550530599e-01
-3.497281743610442528e-01 -3.428856286505234663e-01
-3.603259978265309083e-01 -3.532761022459937061e-01
-3.709238212920172861e-01 -3.636665758414640015e-01
-3.815216447575031089e-01 -3.740570494369344079e-01
-3.921194682229893202e-01 -3.844475230324046477e-01
-4.027172916884751430e-01 -3.948379966278753317e-01
-4.133151151539615764e-01 -4.052284702233449609e-01
-4.239129386194476767e-01 -4.156189438188156449e-01
-4.345107620849334995e-01 -4.260094174142855517e-01
-4.451085855504193223e-01 -4.363998910097563466e-01
-4.557064090159063663e-01 -4.467903646052268640e-01
-4.663042324813923556e-01 -4.571808382006969373e-01
-4.769020559468789000e-01 -4.675713117961673437e-01
-4.874998794123651669e-01 -4.779617853916384163e-01
-4.980977028778513227e-01 -4.883522589871079345e-01
-5.086955263433370344e-01 -4.987427325825796176e-01
-5.192933498088231348e-01 -5.091332061780501350e-01
-5.298911732743107894e-01 -5.195236797735202083e-01
-5.553851540888710137e-01 -5.195429262633864953e-01
-5.855415108834887139e-01 -5.195621727532510059e-01
-6.163416766070628494e-01 -5.195814192431166267e-01
-6.473290257661428182e-01 -5.196006657329828027e-01
-6.783950784674372958e-01 -5.196199122228466472e-01
-7.095015013363734635e-01 -5.196391587127136003e-01
-7.406313766924452757e-01 -5.196584052025775557e-01
-7.717760929586288121e-01 -5.196776516924440648e-01
-8.029308063625180125e-01 -5.196968981823101297e-01
-8.340925832164222120e-01 -5.197383514488845835e-01
-8.652595422412747705e-01 -5.197774843968461234e-01
-8.964304208738885782e-01 -5.198128207469977502e-01
-9.276043397310848038e-01 -5.198452302032744443e-01
-9.587806670997333081e-01 -5.198753357924604801e-01
-9.899589371747478106e-01 -5.199035955025139710e-01
-1.021138798714515961e+00 -5.199303535216173167e-01
-1.052319981679652683e+00 -5.262246223305554471e-01
-1.083502274909102780e+00 -5.418230279730721355e-01
-1.114685510793517853e+00 -5.574214336155892680e-01
-1.145869554512064292e+00 -5.730198392581051792e-01
-1.177054296320872995e+00 -5.886182449006231998e-01
-1.208239645927884798e+00 -6.042166505431360024e-01
-1.239425528323050640e+00 -6.198150561856525798e-01
-1.270611880641867586e+00 -6.354134618281684910e-01
-1.301798649774838612e+00 -6.510118674706865116e-01
-1.332985790523197878e+00 -6.666102731132026449e-01
-1.364173264160332799e+00 -6.822086787557187781e-01
-1.395361037298065821e+00 -6.978070843982346894e-01
-1.426549080984832019e+00 -7.134054900407523769e-01
-1.457737369982003539e+00 -7.290038956832671779e-01
-1.488925882178453675e+00 -7.446023013257840883e-01
-1.520114598113426307e+00 -7.602007069682985563e-01
-1.551303500584860329e+00 -7.757991126108182423e-01
-1.582492574325801815e+00 -7.913975182533320440e-01
-1.613681805735405872e+00 -8.069959238958479553e-01
-1.644871182654004116e+00 -8.225943295383647547e-01
-1.676060694174002386e+00 -8.381927351808827753e-01
-1.707250330480110767e+00 -8.537911408233990196e-01
-1.738440082713646806e+00 -8.693895464659174843e-01
-1.769629942856812077e+00 -8.849879521084306200e-01
-1.800819903633535501e+00 -9.005863577509470863e-01
-1.832009958424184015e+00 -9.161847633934642188e-01
-1.863200101191894609e+00 -9.317831690359821284e-01
-1.894390326418742720e+00 -9.473815746784955971e-01
-1.925580629050186676e+00 -9.629799803210110642e-01
-1.956771004446597351e+00 -9.785783859635285298e-01
-1.987961448340808568e+00 -9.941767916060469945e-01
-2.019151956800860681e+00 -1.009775197248562462e+00
-2.050342526197142856e+00 -1.025373602891081593e+00
-2.081533153173387163e+00 -1.040972008533596282e+00
-2.081533558116912985e+00 -1.047082158400466367e+00
-2.081533968896669418e+00 -1.053192308267340005e+00
-2.081534385651827357e+00 -1.059302458134214087e+00
-2.081534808526078972e+00 -1.065412608001090167e+00
-2.081535237667841987e+00 -1.071522757867964915e+00
-2.081535673230442640e+00 -1.077632907734840551e+00
-2.081536115372324414e+00 -1.083743057601719739e+00
-2.081536564257287392e+00 -1.089853207468591378e+00
-2.081537020054685438e+00 -1.095963357335465016e+00
-2.081537482939669559e+00 -1.102073507202343094e+00
-2.081537953093448579e+00 -1.108183657069218953e+00
-2.081538430703556042e+00 -1.114293806936087705e+00
-2.081538915964123770e+00 -1.120403956802970447e+00
-2.081539409076166081e+00 -1.126514106669842752e+00
-2.081539910247901304e+00 -1.132624256536721497e+00
-2.081540419695087074e+00 -1.138734406403587585e+00
-2.081540937641329414e+00 -1.144844556270471880e+00
-2.081541464318482415e+00 -1.150954706137342853e+00
-2.081541999967009726e+00 -1.157064856004217157e+00
-2.081542544836398889e+00 -1.163175005871095680e+00
-2.081543099185585444e+00 -1.169285155737967097e+00
-2.081543663283407675e+00 -1.175395305604838958e+00
-2.081544237409084896e+00 -1.181505455471713928e+00
-2.081544821852713056e+00 -1.187615605338597558e+00
-2.081545416915819402e+00 -1.193725755205471195e+00
-2.081546022911922478e+00 -1.199835905072343278e+00
-2.081546640167139639e+00 -1.205946054939217804e+00
-2.081547269020811441e+00 -1.212056204806088555e+00
-2.081547909826197973e+00 -1.218166354672972185e+00
-2.081548562951195613e+00 -1.224276504539843158e+00
-2.081549228779099092e+00 -1.230386654406715241e+00
-2.081549907709431491e+00 -1.236496804273589101e+00
-2.081550600158782238e+00 -1.242606954140466291e+00
-2.081551306561765458e+00 -1.248717104007343037e+00
-2.081552027371987190e+00 -1.254827253874221560e+00
-2.081552763063086786e+00 -1.260937403741093421e+00
-2.081553514129889759e+00 -1.267047553607972166e+00
-2.081554281089568637e+00 -1.273157703474844027e+00
-2.081555064482944584e+00 -1.279267853341716776e+00
-2.081555864875836548e+00 -1.285378003208594855e+00
-2.081556682860547625e+00 -1.291488153075471379e+00
-2.081557519057418038e+00 -1.297598302942346793e+00
-2.081558374116519339e+00 -1.303708452809219986e+00
-2.081559248719426325e+00 -1.309818602676092292e+00
-2.081560143581192346e+00 -1.315928752542968372e+00
-2.081561059452400997e+00 -1.322038902409840455e+00
-2.081561997121422536e+00 -1.328149052276718978e+00
-2.081562957416811521e+00 -1.334259202143592393e+00
-2.081563941209889190e+00 -1.340369352010464477e+00
-2.081564949417585630e+00 -1.346479501877349216e+00
-2.081566487525687403e+00 -1.360065880379716319e+00
-2.081568071246820306e+00 -1.373652258882086308e+00
-2.081569702655800214e+00 -1.387238637384473394e+00
-2.081571383955282517e+00 -1.400825015886847380e+00
-2.081573117485773672e+00 -1.414411394389225585e+00
-2.081574905736575332e+00 -1.427997772891596684e+00
-2.081576751357813393e+00 -1.441584151393978219e+00
-2.081578657173630997e+00 -1.455170529896352427e+00
-2.081580626196705808e+00 -1.468756908398727079e+00
-2.081582661644261645e+00 -1.482343286901109058e+00
-2.081584766955693500e+00 -1.495929665403482156e+00
-2.081586945812142542e+00 -1.509516043905847482e+00
-2.081589202158052210e+00 -1.523102422408230572e+00
-2.081591540225162351e+00 -1.536688800910604558e+00
-2.081593964559168786e+00 -1.550275179412986537e+00
-2.081596480049329401e+00 -1.563861557915362521e+00
-2.081599091961614967e+00 -1.577447936417737617e+00
-2.081601805975652031e+00 -1.591034314920113157e+00
-2.081604628226155995e+00 -1.604620693422493138e+00
-2.081607565349457900e+00 -1.618207071924866902e+00
-2.081610624535810139e+00 -1.631793450427236669e+00
-2.081613813588421458e+00 -1.645379828929620203e+00
-2.081617140990178250e+00 -1.658966207431992412e+00
-2.081620615979305366e+00 -1.672552585934368174e+00
-2.081624248635282726e+00 -1.686138964436748822e+00
-2.081628049976890882e+00 -1.699725342939120809e+00
-2.081632032074151262e+00 -1.713311721441500124e+00
-2.081636208176771419e+00 -1.726898099943874554e+00
-2.081640592861841998e+00 -1.740484478446247651e+00
-2.081645202204282175e+00 -1.754070856948630075e+00
-2.081650053974252401e+00 -1.767657235450998066e+00
-2.081655167866625522e+00 -1.781243613953375604e+00
-2.081660565768777893e+00 -1.794829992455748036e+00
-2.081666272074277568e+00 -1.808416370958138453e+00
-2.081672314052127604e+00 -1.822002749460507776e+00
-2.081678722283139216e+00 -1.835589127962877987e+00
-2.081685531178282034e+00 -1.849175506465267960e+00
-2.081692779597472232e+00 -1.862761884967635284e+00
-2.081700511592387226e+00 -1.876348263470010602e+00
-2.081708777302995639e+00 -1.889934641972385698e+00
-2.081717634046595933e+00 -1.903521020474762127e+00
-2.081727147649126142e+00 -1.917107398977133670e+00
-2.081737394083993831e+00 -1.930693777479512541e+00
-2.081748461504782099e+00 -1.944280155981891856e+00
-2.081760452786495019e+00 -1.957866534484265841e+00
-2.081773488730548571e+00 -1.971452912986644046e+00
-2.081787712144250069e+00 -1.985039291489019142e+00
-2.081803293086821771e+00 -1.998625669991397347e+00
-2.081820435689732740e+00 -2.012212048493770666e+00
-2.081839387131288355e+00 -2.025798426996143764e+00
-2.081839450912200462e+00 -2.025798426996140211e+00
-2.081839516778018595e+00 -2.025798426996147761e+00
-2.081839584832645862e+00 -2.025798426996145096e+00
-2.081839655187060156e+00 -2.025798426996146429e+00
-2.081839727959829744e+00 -2.025798426996150425e+00
-2.081839803277836243e+00 -2.025798426996151758e+00
-2.081839881276996707e+00 -2.025798426996150425e+00
-2.081839962103065655e+00 -2.025798426996147761e+00
-2.081840045912584536e+00 -2.025798426996145984e+00
-2.081840132873840066e+00 -2.025798426996150869e+00
-2.081840223168021087e+00 -2.025798426996150869e+00
-2.081840316990517525e+00 -2.025798426996149981e+00
-2.081840414552254437e+00 -2.025798426996149537e+00
-2.081840516081304493e+00 -2.025798426996142432e+00
-2.081840621824708304e+00 -2.025798426996143764e+00
-2.081840732050439069e+00 -2.025798426996153090e+00
-2.081840847049678089e+00 -2.025798426996148649e+00
-2.081840967139369170e+00 -2.025798426996142432e+00
-2.081841092665193127e+00 -2.025798426996139767e+00
-2.081841224004812307e+00 -2.025798426996150869e+00
-2.081841361571728832e+00 -2.025798426996151314e+00
-2.081841505819594040e+00 -2.025798426996139323e+00
-2.081841657247218258e+00 -2.025798426996140211e+00
-2.081841816404373713e+00 -2.025798426996142432e+00
-2.081841983898375048e+00 -2.025798426996148205e+00
-2.081842160401913056e+00 -2.025798426996153534e+00
-2.081842346662057697e+00 -2.025798426996147761e+00
-2.081842543510761701e+00 -2.025798426996156643e+00
-2.081842751877402087e+00 -2.025798426996149093e+00
-2.081842972803377378e+00 -2.025798426996145984e+00
-2.081843207459522116e+00 -2.025798426996142876e+00
-2.081843457166868028e+00 -2.025798426996146429e+00
-2.081843723421570314e+00 -2.025798426996150425e+00
-2.081844007924818829e+00 -2.025798426996149981e+00
-2.081844312619305359e+00 -2.025798426996144652e+00
-2.081844639733641422e+00 -2.025798426996138879e+00
-2.081844991836911074e+00 -2.025798426996153534e+00
-2.081845371906307030e+00 -2.025798426996157531e+00
-2.081845783411521822e+00 -2.025798426996147317e+00
-2.081846230420991706e+00 -2.025798426996158419e+00
-2.081846717736824282e+00 -2.025798426996145096e+00
-2.081847251068015936e+00 -2.025798426996156198e+00
-2.081847837255157430e+00 -2.025798426996137991e+00
-2.081848484565389512e+00 -2.025798426996161528e+00
-2.081849203084682465e+00 -2.025798426996146429e+00
-2.081850005247213975e+00 -2.025798426996147761e+00
-2.081850906560892334e+00 -2.025798426996149537e+00
-2.081851926619645354e+00 -2.025798426996150425e+00
-2.081853090544062201e+00 -2.025798426996144208e+00
-2.081854431077566847e+00 -2.025798426996146429e+00
-2.081854574072103503e+00 -2.025798426996152202e+00
-2.081854721467495395e+00 -2.025798426996149537e+00
-2.081854873470102785e+00 -2.025798426996151314e+00
-2.081855030299362141e+00 -2.025798426996150425e+00
-2.081855192188865278e+00 -2.025798426996151758e+00
-2.081855359387543292e+00 -2.025798426996144208e+00
-2.081855532160903355e+00 -2.025798426996145096e+00
-2.081855710792498204e+00 -2.025798426996141544e+00
-2.081855895585380978e+00 -2.025798426996157975e+00
-2.081856086863933530e+00 -2.025798426996144652e+00
-2.081856284975673876e+00 -2.025798426996140211e+00
-2.081856490293443329e+00 -2.025798426996155754e+00
-2.081856703217614069e+00 -2.025798426996145540e+00
-2.081856924178921986e+00 -2.025798426996151758e+00
-2.081857153641125890e+00 -2.025798426996137991e+00
-2.081857392104419002e+00 -2.025798426996149093e+00
-2.081857640109010532e+00 -2.025798426996143764e+00
-2.081857898239225069e+00 -2.025798426996137991e+00
-2.081858167128068704e+00 -2.025798426996151314e+00
-2.081858447462478168e+00 -2.025798426996145984e+00
-2.081858739989089990e+00 -2.025798426996138435e+00
-2.081859045520947138e+00 -2.025798426996151758e+00
-2.081859364945043644e+00 -2.025798426996153090e+00
-2.081859699230875993e+00 -2.025798426996148649e+00
-2.081860049440295235e+00 -2.025798426996156198e+00
-2.081860416738799735e+00 -2.025798426996145984e+00
-2.081860802408464384e+00 -2.025798426996150425e+00
-2.081861207862865104e+00 -2.025798426996148649e+00
-2.081861634664442295e+00 -2.025798426996137991e+00
-2.081862084544581215e+00 -2.025798426996150425e+00
-2.081862559427114512e+00 -2.025798426996144208e+00
-2.081863061455750508e+00 -2.025798426996146429e+00
-2.081863593026532122e+00 -2.025798426996145540e+00
-2.081864156825957934e+00 -2.025798426996149981e+00
-2.081864755876436934e+00 -2.025798426996148205e+00
-2.081865393590505153e+00 -2.025798426996136214e+00
-2.081866073835742625e+00 -2.025798426996148205e+00
-2.081866801013423363e+00 -2.025798426996146429e+00
-2.081867580153667241e+00 -2.025798426996145540e+00
-2.081868417032013863e+00 -2.025798426996139767e+00
-2.081869318312720818e+00 -2.025798426996142876e+00
-2.081870291726613420e+00 -2.025798426996152646e+00
-2.081871346293282965e+00 -2.025798426996145096e+00
-2.081872492601215985e+00 -2.025798426996152202e+00
-2.081873743164482260e+00 -2.025798426996143764e+00
-2.081875112881180989e+00 -2.025798426996152646e+00
-2.081876619629437375e+00 -2.025798426996153978e+00
-2.081878285051674826e+00 -2.025798426996140211e+00
-2.081880135599969428e+00 -2.025798426996144652e+00
-2.081882203950679688e+00 -2.025798426996141099e+00
-2.081882232037814973e+00 -2.025798426996145540e+00
-2.081882261042823146e+00 -2.025798426996141544e+00
-2.081882291011810437e+00 -2.025798426996143764e+00
-2.081882321994004137e+00 -2.025798426996148205e+00
-2.081882354042045691e+00 -2.025798426996144652e+00
-2.081882387212315777e+00 -2.025798426996146429e+00
-2.081882421565192764e+00 -2.025798426996136659e+00
-2.081882457165500355e+00 -2.025798426996145096e+00
-2.081882494082869961e+00 -2.025798426996143320e+00
-2.081882532392250962e+00 -2.025798426996142876e+00
-2.081882572174349910e+00 -2.025798426996141099e+00
-2.081882613516230052e+00 -2.025798426996146429e+00
-2.081882656511994778e+00 -2.025798426996146873e+00
-2.081882701263440438e+00 -2.025798426996149093e+00
-2.081882747880922313e+00 -2.025798426996145096e+00
-2.081882796484207709e+00 -2.025798426996147761e+00
-2.081882847203562648e+00 -2.025798426996153090e+00
-2.081882900180888729e+00 -2.025798426996145096e+00
-2.081882955571074056e+00 -2.025798426996153978e+00
-2.081883013543507577e+00 -2.025798426996152202e+00
-2.081883074283792379e+00 -2.025798426996143764e+00
-2.081883137995780952e+00 -2.025798426996152646e+00
-2.081883204903840046e+00 -2.025798426996141544e+00
-2.081883275255506760e+00 -2.025798426996143764e+00
-2.081883349324571864e+00 -2.025798426996152646e+00
-2.081883427414608079e+00 -2.025798426996144208e+00
-2.081883509863176052e+00 -2.025798426996149981e+00
-2.081883597046745749e+00 -2.025798426996142876e+00
-2.081883689386392788e+00 -2.025798426996146873e+00
-2.081883787354662285e+00 -2.025798426996147317e+00
-2.081883891483641058e+00 -2.025798426996152202e+00
-2.081884002374696507e+00 -2.025798426996138435e+00
-2.081884120710082442e+00 -2.025798426996150425e+00
-2.081884247267026922e+00 -2.025798426996149093e+00
-2.081884382934855005e+00 -2.025798426996146873e+00
-2.081884528735951978e+00 -2.025798426996158863e+00
-2.081884685851587147e+00 -2.025798426996146873e+00
-2.081884855654167588e+00 -2.025798426996136659e+00
-2.081885039747242150e+00 -2.025798426996149093e+00
-2.081885240016615235e+00 -2.025798426996145096e+00
-2.081885458695086122e+00 -2.025798426996145096e+00
-2.081885698446235722e+00 -2.025798426996157087e+00
-2.081885962473489116e+00 -2.025798426996143764e+00
-2.081886254664199409e+00 -2.025798426996153534e+00
-2.081886579782516122e+00 -2.025798426996150869e+00
-2.081886943731265482e+00 -2.025798426996141544e+00
-2.081887353913813410e+00 -2.025798426996143764e+00
-2.081887819743170720e+00 -2.025798426996147317e+00
-2.081888353373460010e+00 -2.025798426996141988e+00
-2.081888970776017977e+00 -2.025798426996140655e+00
-2.081889056501152080e+00 -2.025798426996143764e+00
-2.081889145000532348e+00 -2.025798426996146429e+00
-2.081889236413776434e+00 -2.025798426996150869e+00
-2.081889330890018819e+00 -2.025798426996150869e+00
-2.081889428588777680e+00 -2.025798426996141988e+00
-2.081889529680798212e+00 -2.025798426996148205e+00
-2.081889634349148643e+00 -2.025798426996144652e+00
-2.081889742790311804e+00 -2.025798426996146429e+00
-2.081889855215394380e+00 -2.025798426996138879e+00
-2.081889971851568433e+00 -2.025798426996149537e+00
-2.081890092943673221e+00 -2.025798426996148649e+00
-2.081890218755833910e+00 -2.025798426996141544e+00
-2.081890349573488397e+00 -2.025798426996153090e+00
-2.081890485705591765e+00 -2.025798426996141988e+00
-2.081890627487054335e+00 -2.025798426996145096e+00
-2.081890775281509232e+00 -2.025798426996147317e+00
-2.081890929484522701e+00 -2.025798426996146429e+00
-2.081891090527116628e+00 -2.025798426996147761e+00
-2.081891258879856377e+00 -2.025798426996153534e+00
-2.081891435057497297e+00 -2.025798426996143320e+00
-2.081891619624285372e+00 -2.025798426996145984e+00
-2.081891813200066998e+00 -2.025798426996146873e+00
-2.081892016467266071e+00 -2.025798426996151314e+00
-2.081892230179070324e+00 -2.025798426996141099e+00
-2.081892455168743883e+00 -2.025798426996147317e+00
-2.081892692360658881e+00 -2.025798426996146873e+00
-2.081892942782998634e+00 -2.025798426996149093e+00
-2.081893207582851790e+00 -2.025798426996145096e+00
-2.081893488043825347e+00 -2.025798426996147761e+00
-2.081893785607048741e+00 -2.025798426996156643e+00
-2.081894101896006433e+00 -2.025798426996140211e+00
-2.081894438746481502e+00 -2.025798426996141544e+00
-2.081894798242212463e+00 -2.025798426996149093e+00
-2.081895182758419782e+00 -2.025798426996153534e+00
-2.081895595014492617e+00 -2.025798426996141544e+00
-2.081896038138773886e+00 -2.025798426996154866e+00
-2.081896515748221432e+00 -2.025798426996145984e+00
-2.081897032047987928e+00 -2.025798426996149093e+00
-2.081897591955780946e+00 -2.025798426996146429e+00
-2.081898201259599457e+00 -2.025798426996146873e+00
-2.081898866819087424e+00 -2.025798426996139323e+00
-2.081899596825577348e+00 -2.025798426996147761e+00
-2.081900401141769219e+00 -2.025798426996143764e+00
-2.081901291750786864e+00 -2.025798426996144208e+00
-2.081902283358421535e+00 -2.025798426996144208e+00
-2.081903394212780700e+00 -2.025798426996154422e+00
-2.081904647239199768e+00 -2.025798426996141544e+00
-2.081906071641110856e+00 -2.025798426996149093e+00
-2.081907705206550219e+00 -2.025798426996151758e+00
-2.081909597712367610e+00 -2.025798426996144208e+00
-2.085368745904034427e+00 -2.027519168453753906e+00
-2.088910782663494725e+00 -2.029278900436265687e+00
-2.092535281202542397e+00 -2.031077140875444442e+00
-2.096241702515284633e+00 -2.032913339817645770e+00
-2.100029400717701833e+00 -2.034786884546522234e+00
-2.103897628929823682e+00 -2.036697105103056682e+00
-2.107845545616441107e+00 -2.038643280094259769e+00
-2.111872221301474895e+00 -2.040624642683073642e+00
-2.115976645570177617e+00 -2.042640386656621843e+00
-2.120157734275105454e+00 -2.044689672476070808e+00
-2.124414336863305941e+00 -2.046771633221275977e+00
-2.128745243745980176e+00 -2.048885380353609342e+00
-2.133149193636008967e+00 -2.051030009231647799e+00
-2.137624880784016579e+00 -2.053204604327105720e+00
-2.142170962049834149e+00 -2.055408244099459658e+00
-2.146786063752634366e+00 -2.057640005499747016e+00
-2.151468788250523900e+00 -2.059898968084515669e+00
-2.156217720207576072e+00 -2.062184217730246516e+00
-2.161031432513851325e+00 -2.064494849947414057e+00
-2.165908491831794347e+00 -2.066829972800290349e+00
-2.170847463749289386e+00 -2.069188709444647500e+00
-2.175846917526883750e+00 -2.071570200300175468e+00
-2.180905430433068837e+00 -2.073973604878230681e+00
-2.186021591667409059e+00 -2.076398103287635077e+00
-2.191194005876626605e+00 -2.078842897443523796e+00
-2.196421296273074475e+00 -2.081307212004487983e+00
-2.201702107369394756e+00 -2.083790295063814302e+00
-2.207035107345580283e+00 -2.086291418620177307e+00
-2.212418990067986702e+00 -2.088809878852202040e+00
-2.217852476780898918e+00 -2.091344996220587671e+00
-2.223334317493202317e+00 -2.093896115419615178e+00
-2.228863292082864156e+00 -2.096462605198891271e+00
-2.234438211142797392e+00 -2.099043858074263635e+00
-2.240057916590955767e+00 -2.101639289945242073e+00
-2.245721282067626223e+00 -2.104248339634869236e+00
-2.251427213141716788e+00 -2.106870468366100368e+00
-2.257174647347307328e+00 -2.109505159187444967e+00
-2.262962554070263366e+00 -2.112151916359053860e+00
-2.268789934303848010e+00 -2.114810264709290344e+00
-2.274655820290664376e+00 -2.117479748970132469e+00
-2.280559275067420621e+00 -2.120159933099410754e+00
-2.286499391927033109e+00 -2.122850399595728188e+00
-2.292475293811953918e+00 -2.125550748812095492e+00
-2.298486132650895630e+00 -2.128260598272680326e+00
-2.304531088650020543e+00 -2.130979581996624628e+00
-2.310609369548597858e+00 -2.133707349832355327e+00
-2.316720209847908052e+00 -2.136443566804731908e+00
-2.322862870021241477e+00 -2.139187912477443554e+00
-2.329036635711831948e+00 -2.141940080332231933e+00
-2.335240816924703200e+00 -2.144699777166417576e+00
-2.340190045808155705e+00 -2.147465559982029593e+00
-2.345158707353806271e+00 -2.150238276975444673e+00
-2.350146754667989057e+00 -2.153017671677846412e+00
-2.355154141379325328e+00 -2.155803498735603618e+00
-2.360180821531696171e+00 -2.158595523404838179e+00
-2.365226749485497493e+00 -2.161393521066406365e+00
-2.370291879826663450e+00 -2.164197276760828625e+00
-2.375376167282877926e+00 -2.167006584742979580e+00
-2.380479566646552136e+00 -2.169821248056150065e+00
-2.385602032704079001e+00 -2.172641078124819547e+00
-2.390743520170941494e+00 -2.175465894365720132e+00
-2.395903983632325485e+00 -2.178295523816656587e+00
-2.401083377488813841e+00 -2.181129800782434458e+00
-2.406281655906889139e+00 -2.183968566497171970e+00
-2.411498772773871480e+00 -2.186811668802634667e+00
-2.416734681657062289e+00 -2.189658961841707274e+00
-2.421989335766740137e+00 -2.192510305766526724e+00
-2.427262687922856266e+00 -2.195365566460668383e+00
-2.432554690525074115e+00 -2.198224615274588789e+00
-2.437865295525994735e+00 -2.201087328774052665e+00
-2.443194454407404681e+00 -2.203953588500592531e+00
-2.448542118159237724e+00 -2.206823280743810844e+00
-2.453908237261176684e+00 -2.209696296324637821e+00
-2.459292761666611149e+00 -2.212572530389257608e+00
-2.464695640788926223e+00 -2.215451882213106849e+00
-2.470116823489850955e+00 -2.218334255014400291e+00
-2.475556258069805615e+00 -2.221219555776862808e+00
-2.481013892260032438e+00 -2.224107695081011915e+00
-2.486489673216539575e+00 -2.226998586943770952e+00
-2.491983547515483455e+00 -2.229892148665891138e+00
-2.497495461150186724e+00 -2.232788300686785465e+00
-2.503025359529455152e+00 -2.235686966446378765e+00
-2.508573187477169952e+00 -2.238588072253758554e+00
-2.514138889233096030e+00 -2.241491547162099973e+00
-2.519722408454871942e+00 -2.244397322849614795e+00
-2.525323688220815654e+00 -2.247305333506400604e+00
-2.530942671033935554e+00 -2.250215515726475157e+00
-2.536579298826650231e+00 -2.253127808405121613e+00
-2.542233512966348474e+00 -2.256042152641180021e+00
-2.547905254261750407e+00 -2.258958491643861421e+00
-2.553594462969923651e+00 -2.261876770644012158e+00
-2.559301078803914553e+00 -2.264796936809633454e+00
-2.565025040941003809e+00 -2.267718939165312086e+00
-2.570766288031457680e+00 -2.270642728515419151e+00
-2.576524758207789478e+00 -2.273568257370916612e+00
-2.582300389094422499e+00 -2.276495479879601547e+00
-2.588093117817843680e+00 -2.279424351759461231e+00
-2.593902881016974860e+00 -2.282354830235250098e+00
-2.599729614854029869e+00 -2.285286873977836919e+00
-2.605573255025535495e+00 -2.288220443046450114e+00
-2.605573255025533719e+00 -2.290936972123172044e+00
-2.605573255025534607e+00 -2.296296488459276475e+00
-2.605573255025527946e+00 -2.301656004795383126e+00
-2.605573255025532386e+00 -2.307015521131494662e+00
-2.605573255025540380e+00 -2.312375037467598649e+00
-2.605573255025533275e+00 -2.317734553803712405e+00
-2.605573255025530166e+00 -2.323094070139818612e+00
-2.605573255025531942e+00 -2.328453586475931036e+00
-2.605573255025527502e+00 -2.333813102812034579e+00
-2.605573255025537716e+00 -2.339172619148139454e+00
-2.605573255025524837e+00 -2.344532135484250546e+00
-2.605573255025531498e+00 -2.349891651820353644e+00
-2.605573255025523949e+00 -2.355251168156468733e+00
-2.605573255025531498e+00 -2.360610684492569611e+00
-2.605573255025529278e+00 -2.365970200828686476e+00
-2.605573255025530166e+00 -2.371329717164789130e+00
-2.605573255025527057e+00 -2.376689233500890452e+00
-2.605573255025534163e+00 -2.382048749837002433e+00
-2.605573255025526613e+00 -2.387408266173106419e+00
-2.605573255025519952e+00 -2.392767782509220176e+00
-2.605573255025532386e+00 -2.398127298845321498e+00
-2.605573255025528834e+00 -2.403486815181434810e+00
-2.605573255025529722e+00 -2.408846331517535244e+00
-2.605573255025534163e+00 -2.414205847853656106e+00
-2.605573255025531054e+00 -2.419565364189745882e+00
-2.605573255025529722e+00 -2.424924880525859194e+00
-2.605573255025529278e+00 -2.430284396861963181e+00
-2.605573255025535051e+00 -2.435643913198078714e+00
-2.605573255025531054e+00 -2.441003429534194247e+00
-2.605573255025526613e+00 -2.446362945870297345e+00
-2.605573255025534607e+00 -2.451722462206401776e+00
-2.605573255025531942e+00 -2.457081978542507095e+00
-2.605573255025526613e+00 -2.462441494878607973e+00
-2.605573255025535939e+00 -2.467801011214717288e+00
-2.605573255025531498e+00 -2.473160527550843035e+00
-2.605573255025523949e+00 -2.478520043886934587e+00
-2.605573255025527057e+00 -2.483879560223050120e+00
-2.605573255025537716e+00 -2.489239076559156327e+00
-2.605573255025526613e+00 -2.494598592895262090e+00
-2.605573255025525725e+00 -2.499958109231370962e+00
-2.605573255025529278e+00 -2.505317625567478501e+00
-2.605573255025533719e+00 -2.510677141903587817e+00
-2.605573255025535051e+00 -2.516036658239694024e+00
-2.605573255025541712e+00 -2.521396174575804228e+00
-2.605573255025538160e+00 -2.526755690911908658e+00
-2.605573255025527946e+00 -2.532115207248023303e+00
-2.605573255025528834e+00 -2.537474723584125513e+00
-2.605573255025534163e+00 -2.542834239920231720e+00
-2.605573255025539048e+00 -2.548193756256338371e+00
-2.605573255025539936e+00 -2.553553272592446799e+00
-2.605573255025523505e+00 -2.554203169559540409e+00
-2.605573255025539936e+00 -2.554853066526632244e+00
-2.605573255025532831e+00 -2.555502963493724078e+00
-2.605573255025532386e+00 -2.556152860460818577e+00
-2.605573255025534607e+00 -2.556802757427908190e+00
-2.605573255025523949e+00 -2.557452654394999580e+00
-2.605573255025531054e+00 -2.558102551362097188e+00
-2.605573255025529722e+00 -2.558752448329181473e+00
-2.605573255025531942e+00 -2.559402345296278636e+00
-2.605573255025527057e+00 -2.560052242263374467e+00
-2.605573255025529722e+00 -2.560702139230456087e+00
-2.605573255025536383e+00 -2.561352036197554582e+00
-2.605573255025529278e+00 -2.562001933164647749e+00
-2.605573255025531054e+00 -2.562651830131740471e+00
-2.605573255025527946e+00 -2.563301727098829641e+00
-2.605573255025531942e+00 -2.563951624065923252e+00
-2.605573255025521284e+00 -2.564601521033023079e+00
-2.605573255025535939e+00 -2.565251418000111361e+00
-2.605573255025529278e+00 -2.565901314967199198e+00
-2.605573255025526613e+00 -2.566551211934287480e+00
-2.605573255025525725e+00 -2.567201108901384643e+00
-2.605573255025532386e+00 -2.567851005868476477e+00
-2.605573255025525725e+00 -2.568500902835578525e+00
-2.605573255025519952e+00 -2.569150799802669027e+00
-2.605573255025525281e+00 -2.569800696769758197e+00
-2.605573255025531942e+00 -2.570450593736850475e+00
-2.605573255025531054e+00 -2.571100490703939645e+00
-2.605573255025528390e+00 -2.571750387671025706e+00
-2.605573255025529722e+00 -2.572400284638120649e+00
-2.605573255025531054e+00 -2.573050181605216036e+00
-2.605573255025528390e+00 -2.573700078572307426e+00
-2.605573255025528390e+00 -2.574349975539402813e+00
-2.605573255025527502e+00 -2.574999872506496423e+00
-2.605573255025525725e+00 -2.575649769473586481e+00
-2.605573255025525281e+00 -2.576299666440688529e+00
-2.605573255025525281e+00 -2.576949563407770150e+00
-2.605573255025529722e+00 -2.577599460374860207e+00
-2.605573255025522172e+00 -2.578249357341948933e+00
-2.605573255025515955e+00 -2.578899254309038547e+00
-2.605573255025531942e+00 -2.579549151276137930e+00
-2.605573255025529722e+00 -2.580199048243234206e+00
-2.605573255025534607e+00 -2.580848945210327372e+00
-2.605573255025533275e+00 -2.581498842177417874e+00
-2.605573255025522172e+00 -2.582148739144495053e+00
-2.605573255025531942e+00 -2.582798636111590440e+00
-2.605573255025526169e+00 -2.583448533078695597e+00
-2.605573255025528390e+00 -2.584098430045784767e+00
-2.605573255025535939e+00 -2.584748327012881486e+00
-2.605573255025525725e+00 -2.585398223979962218e+00
-2.605573255025527946e+00 -2.586048120947059381e+00
-2.605476010510745510e+00 -2.586048101466068339e+00
-2.605381523483988104e+00 -2.586048081985210967e+00
-2.605289680486343684e+00 -2.586048062504449518e+00
-2.605200374080233860e+00 -2.586048043023809750e+00
-2.605113502463111796e+00 -2.586048023543270347e+00
-2.605028969109830506e+00 -2.586048004062854844e+00
-2.604946682441461991e+00 -2.586047984582545034e+00
-2.604866555518214000e+00 -2.586047965102350688e+00
-2.604788505754478400e+00 -2.586047945622269140e+00
-2.604712454654237508e+00 -2.586047926142292397e+00
-2.604638327565340195e+00 -2.586047906662428453e+00
-2.604566053450688923e+00 -2.586047887182684413e+00
-2.604495564675569863e+00 -2.586047867703043845e+00
-2.604426796809457656e+00 -2.586047848223526735e+00
-2.604359688441309828e+00 -2.586047828744117538e+00
-2.604294181007277054e+00 -2.586047809264815367e+00
-2.604230218629937532e+00 -2.586047789785631323e+00
-2.604167747968129110e+00 -2.586047770306552085e+00
-2.604106718076556692e+00 -2.586047750827592751e+00
-2.604047080274605630e+00 -2.586047731348743994e+00
-2.603988788023391621e+00 -2.586047711870002264e+00
-2.603931796810810884e+00 -2.586047692391373332e+00
-2.603876064043727734e+00 -2.586047672912869633e+00
-2.603821548946822162e+00 -2.586047653434472959e+00
-2.603768212467870047e+00 -2.586047633956175318e+00
-2.603716017188602905e+00 -2.586047614478001133e+00
-2.603664927241183591e+00 -2.586047594999930421e+00
-2.603614908229540337e+00 -2.586047575521988939e+00
-2.603565927155394810e+00 -2.586047556044138052e+00
-2.603517952348853193e+00 -2.586047536566408844e+00
-2.603470953402777344e+00 -2.586047517088792880e+00
-2.603424901111129230e+00 -2.586047497611298596e+00
-2.603379767410840540e+00 -2.586047478133899347e+00
-2.603335525326995192e+00 -2.586047458656618225e+00
-2.603292148921003690e+00 -2.586047439179450347e+00
-2.603249613241864768e+00 -2.586047419702397487e+00
-2.603207894279920609e+00 -2.586047400225456094e+00
-2.603166968923388946e+00 -2.586047380748619950e+00
-2.603126814917061882e+00 -2.586047361271895273e+00
-2.603087410823318848e+00 -2.586047341795298049e+00
-2.603048735985247220e+00 -2.586047322318790975e+00
-2.603010770491734682e+00 -2.586047302842416684e+00
-2.602973495144387694e+00 -2.586047283366144534e+00
-2.602936891426107735e+00 -2.586047263889988290e+00
-2.602900941471416374e+00 -2.586047244413943069e+00
-2.602865628038277812e+00 -2.586047224938002653e+00
-2.602830934481284775e+00 -2.586047205462183474e+00
-2.602796844726266379e+00 -2.586047185986475316e+00
-2.602763343246269123e+00 -2.586047166510876849e+00
-2.602730415038456258e+00 -2.586047147035388516e+00
-2.602633168014470311e+00 -2.585949932267337825e+00
-2.602538679026856538e+00 -2.585855474505395879e+00
-2.602446834589788427e+00 -2.585763660317535795e+00
-2.602357527240346080e+00 -2.585674382291287099e+00
-2.602270655152183032e+00 -2.585587538647526440e+00
-2.602186121777767980e+00 -2.585503032883028851e+00
-2.602103835517115993e+00 -2.585420773439365050e+00
-2.602023709410572927e+00 -2.585340673395927880e+00
-2.601945660853801190e+00 -2.585262650185056188e+00
-2.601869611333199384e+00 -2.585186625327628995e+00
-2.601795486179894645e+00 -2.585112524187264782e+00
-2.601723214341080226e+00 -2.585040275741689264e+00
-2.601652728167178186e+00 -2.584969812370155662e+00
-2.601583963213645934e+00 -2.584901069655228589e+00
-2.601516858056076575e+00 -2.584833986198195710e+00
-2.601451354118061055e+00 -2.584768503446788657e+00
-2.601387395510224909e+00 -2.584704565534510667e+00
-2.601324928880136778e+00 -2.584642119130481586e+00
-2.601263903271764377e+00 -2.584581113299142530e+00
-2.601204269994285223e+00 -2.584521499368978237e+00
-2.601145982499187603e+00 -2.584463230809805445e+00
-2.601088996265197295e+00 -2.584406263117637881e+00
-2.601033268690406075e+00 -2.584350553707063458e+00
-2.600978758991260964e+00 -2.584296061810055889e+00
-2.600925428107605075e+00 -2.584242748381286869e+00
-2.600873238613682137e+00 -2.584190576009044005e+00
-2.600822154634486516e+00 -2.584139508831651444e+00
-2.600772141767107914e+00 -2.584089512458886517e+00
-2.600723167006820269e+00 -2.584040553898060200e+00
-2.600675198677500966e+00 -2.583992601484526475e+00
-2.600628206366097483e+00 -2.583945624816144981e+00
-2.600582160860934522e+00 -2.583899594691633883e+00
-2.600537034093570288e+00 -2.583854483052459905e+00
-2.600492799083898188e+00 -2.583810262927929369e+00
-2.600449429888449515e+00 -2.583766908383584138e+00
-2.600406901551461925e+00 -2.583724394472260766e+00
-2.600365190058838927e+00 -2.583682697188030009e+00
-2.600324272294462613e+00 -2.583641793422588595e+00
-2.600284125998967966e+00 -2.583601660924055743e+00
-2.600244729730815774e+00 -2.583562278258028755e+00
-2.600206062829313325e+00 -2.583523624770629024e+00
-2.600168105379708994e+00 -2.583485680553638364e+00
-2.600130838180130688e+00 -2.583448426411398824e+00
-2.600094242710120351e+00 -2.583411843829469312e+00
-2.600058301101054958e+00 -2.583375914944897822e+00
-2.600022996107762552e+00 -2.583340622518034202e+00
-2.599988311081903980e+00 -2.583305949905767562e+00
-2.599954229946516815e+00 -2.583271881036147022e+00
-2.599920737171848462e+00 -2.583238400384272992e+00
-2.599887817752504660e+00 -2.583205492949345317e+00
-2.599845226107181162e+00 -2.583186487043456658e+00
-2.599803214122054396e+00 -2.583167708834146037e+00
-2.599761770041192133e+00 -2.583149154291444205e+00
-2.599720882424141788e+00 -2.583130819479096729e+00
-2.599680540135447249e+00 -2.583112700551834173e+00
-2.599640732334575155e+00 -2.583094793752754192e+00
-2.599601448466257736e+00 -2.583077095410860835e+00
-2.599562678251119419e+00 -2.583059601938616723e+00
-2.599524411676816804e+00 -2.583042309829662209e+00
-2.599486638989350951e+00 -2.583025215656456819e+00
-2.599449350684902349e+00 -2.583008316068196031e+00
-2.599412537501734732e+00 -2.582991607788613475e+00
-2.599376190412677534e+00 -2.582975087613997189e+00
-2.599340300617690058e+00 -2.582958752411176118e+00
-2.599304859536780921e+00 -2.582942599115617188e+00
-2.599269858803189948e+00 -2.582926624729550813e+00
-2.599235290256790787e+00 -2.582910826320223396e+00
-2.599201145937777291e+00 -2.582895201018110765e+00
-2.599167418080537750e+00 -2.582879746015256384e+00
-2.599134099107870632e+00 -2.582864458563650434e+00
-2.599101181625111501e+00 -2.582849335973649296e+00
-2.599068658414899868e+00 -2.582834375612400812e+00
-2.599036522431731999e+00 -2.582819574902454729e+00
-2.599004766796972454e+00 -2.582804931320225705e+00
-2.598973384793926478e+00 -2.582790442394683694e+00
-2.598942369863074919e+00 -2.582776105705947955e+00
-2.598911715597533867e+00 -2.582761918884017405e+00
-2.598881415738667044e+00 -2.582747879607475205e+00
-2.598851464171787917e+00 -2.582733985602266635e+00
-2.598821854922037211e+00 -2.582720234640529355e+00
-2.598792582150449615e+00 -2.582706624539381490e+00
-2.598763640150115073e+00 -2.582693153159845156e+00
-2.598735023342443551e+00 -2.582679818405766436e+00
-2.598706726273550149e+00 -2.582666618222693611e+00
-2.598678743610884911e+00 -2.582653550596919700e+00
-2.598651070139801789e+00 -2.582640613554440634e+00
-2.598623700760344324e+00 -2.582627805160017775e+00
-2.598596630484109937e+00 -2.582615123516201816e+00
-2.598569854431224790e+00 -2.582602566762442819e+00
-2.598543367827359507e+00 -2.582590133074225580e+00
-2.598517166001011347e+00 -2.582577820662158796e+00
-2.598491244380639831e+00 -2.582565627771182371e+00
-2.598465598492010198e+00 -2.582553552679700104e+00
-2.598440223955704731e+00 -2.582541593698870042e+00
-2.598415116484520837e+00 -2.582529749171752709e+00
-2.598390271881173774e+00 -2.582518017472619665e+00
-2.598365686035827959e+00 -2.582506397006204768e+00
-2.598341354923936919e+00 -2.582494886207001628e+00
-2.598317274603985982e+00 -2.582483483538549507e+00
-2.598293441215335786e+00 -2.582472187492862226e+00
-2.598269444922140181e+00 -2.582458285109754392e+00
-2.598245698938335124e+00 -2.582444542573145263e+00
-2.598222199328209747e+00 -2.582430957156775619e+00
-2.598198942238753695e+00 -2.582417526195750490e+00
-2.598175923897509954e+00 -2.582404247084755244e+00
-2.598153140610437895e+00 -2.582391117276426673e+00
-2.598130588760002357e+00 -2.582378134279760040e+00
-2.598108264802967415e+00 -2.582365295658619164e+00
-2.598086165268705727e+00 -2.582352599030163898e+00
-2.598064286757217012e+00 -2.582340042063417052e+00
-2.598042625937304173e+00 -2.582327622477936124e+00
-2.598021179545004777e+00 -2.582315338042395769e+00
-2.597999944381663706e+00 -2.582303186573283504e+00
-2.597978917312464553e+00 -2.582291165933670474e+00
-2.597958095264754519e+00 -2.582279274031941796e+00
-2.597937475226561599e+00 -2.582267508820615287e+00
-2.597917054245022062e+00 -2.582255868295214807e+00
-2.597896829425000220e+00 -2.582244350493118290e+00
-2.597876797927633596e+00 -2.582232953492494154e+00
-2.597856956968979780e+00 -2.582221675411244366e+00
-2.597837303818676169e+00 -2.582210514406024782e+00
-2.597817835798654773e+00 -2.582199468671174447e+00
-2.597798550281902763e+00 -2.582188536437850956e+00
-2.597779444691242112e+00 -2.582177715973045462e+00
-2.597760516498124339e+00 -2.582167005578692720e+00
-2.597741763221476763e+00 -2.582156403590836202e+00
-2.597723182426654454e+00 -2.582145908378715937e+00
-2.597704771724266948e+00 -2.582135518343996239e+00
-2.597686528769172831e+00 -2.582125231919958797e+00
-2.597668451259472544e+00 -2.582115047570712196e+00
-2.597650536935439458e+00 -2.582104963790452512e+00
-2.597632783578634363e+00 -2.582094979102729670e+00
-2.597615189010899606e+00 -2.582085092059748455e+00
-2.597597751093500662e+00 -2.582075301241657961e+00
-2.597580467726168241e+00 -2.582065605255909446e+00
-2.597563336846295368e+00 -2.582056002736575540e+00
-2.597546356428042102e+00 -2.582046492343762711e+00
-2.597529524481554830e+00 -2.582037072762938035e+00
-2.597512839052131373e+00 -2.582027742704388729e+00
-2.597496298219473143e+00 -2.582018500902621305e+00
-2.597479900096913763e+00 -2.582009346115760717e+00
-2.597463642830696529e+00 -2.582000277125080956e+00
-2.597447524599208357e+00 -2.581991292734415744e+00
-2.597431543612337634e+00 -2.581982391769637619e+00
-2.597415698110799642e+00 -2.581973573078175210e+00
-2.597399986365396263e+00 -2.581964835528541613e+00
-2.597384406676460866e+00 -2.581956178009793490e+00
-2.597368957373181075e+00 -2.581947599431126505e+00
-2.597353636812940181e+00 -2.581939098721412140e+00
-2.597338443380854844e+00 -2.581930674828720740e+00
