-1.004501474482466739e+00 -6.667939314164478271e-01
-1.001436401571636825e+00 -6.667435904248768530e-01
-9.984075465612078926e-01 -6.666932596504878683e-01
-9.954149881552228907e-01 -6.666429385957497455e-01
-9.924587895697015716e-01 -6.665926271615472132e-01
-9.895389983186235749e-01 -6.665423253152145122e-01
-9.866556460326828537e-01 -6.664920330430645912e-01
-9.838087483119389853e-01 -6.664417503385332564e-01
-9.809983046133350371e-01 -6.663914771982214491e-01
-9.782242981738402676e-01 -6.663412136203094027e-01
-9.754866959698543782e-01 -6.662909596038443238e-01
-9.727854487132797656e-01 -6.662407151483723533e-01
-9.701204908844838215e-01 -6.661904802537536030e-01
-9.674917408022062348e-01 -6.661402549200458045e-01
-9.648991007302267775e-01 -6.660900391474398052e-01
-9.623424570204470729e-01 -6.660398329362201553e-01
-9.598216802918262402e-01 -6.659896362867351316e-01
-9.573366256444383326e-01 -6.659394491993825271e-01
-9.548871329077072145e-01 -6.658892716745958840e-01
-9.524730269217330791e-01 -6.658391037128371659e-01
-9.500941178504265228e-01 -6.657889453145912073e-01
-9.477502015250252043e-01 -6.657387964803621605e-01
-9.454410598164335600e-01 -6.656886572106709421e-01
-9.431664610346635058e-01 -6.656385275060563433e-01
-9.409261603535726826e-01 -6.655884073670712553e-01
-9.387199002589734498e-01 -6.655382967942868877e-01
-9.365474110181161160e-01 -6.654881957882929910e-01
-9.344084111684509697e-01 -6.654381043497019643e-01
-9.323026080235716773e-01 -6.653880224791540732e-01
-9.302296981941488019e-01 -6.653379501773227789e-01
-9.281893681216882852e-01 -6.652878874449267288e-01
-9.261812946229267540e-01 -6.652378342827439672e-01
-9.242051454426685186e-01 -6.651877906916336958e-01
-9.222605798129482890e-01 -6.651377566725680257e-01
-9.203472490163794317e-01 -6.650877322266833813e-01
-9.184647969516461785e-01 -6.650377173553573273e-01
-9.166128606991490457e-01 -6.649877120603397973e-01
-9.147910710848815574e-01 -6.649377163439784688e-01
-9.129990532407096238e-01 -6.648877302096241060e-01
-9.112364271593198506e-01 -6.648377536624311412e-01
-9.095028082421935389e-01 -6.647877867110554284e-01
-9.077978078390792627e-01 -6.647378293717229880e-01
-9.061210337775441603e-01 -6.646878816796901734e-01
-9.044720908812963200e-01 -6.646379437305500737e-01
-9.028505814760905412e-01 -6.645880159115791219e-01
-9.012561058821394466e-01 -6.645381036743567282e-01
-8.996882628920898073e-01 -6.644920367164165453e-01
-8.981466502336968860e-01 -6.644478039906059896e-01
-8.966308650165057959e-01 -6.644037567484785134e-01
-8.951405041619088232e-01 -6.643598912606565321e-01
-8.920747903225701991e-01 -6.613165992957334982e-01
-8.890453302542318248e-01 -6.583303674370936109e-01
-8.860522127458624331e-01 -6.553799098918924315e-01
-8.830955110673122110e-01 -6.524653031249688651e-01
-8.801752827343946040e-01 -6.495866081570198514e-01
-8.772915693066090093e-01 -6.467438703575186798e-01
-8.744443962187564701e-01 -6.439371192747144201e-01
-8.716337726474729930e-01 -6.411663685000789092e-01
-8.688596914136113014e-01 -6.384316155676806881e-01
-8.661221289211756824e-01 -6.357328418891393662e-01
-8.634210451333401704e-01 -6.330700127246645659e-01
-8.607563835858882406e-01 -6.304430771905309427e-01
-8.581280714382157893e-01 -6.278519683031490439e-01
-8.555360195618323393e-01 -6.252966030596881497e-01
-8.529801226660964630e-01 -6.227768825550321630e-01
-8.504602594607300059e-01 -6.202926921346451072e-01
-8.479762928544404277e-01 -6.178439015827258407e-01
-8.455280701888154837e-01 -6.154303653448706113e-01
-8.431154235064306501e-01 -6.130519227842465835e-01
-8.407381698519883484e-01 -6.107083984701449086e-01
-8.383961116050837603e-01 -6.083996024975881767e-01
-8.360890368430816677e-01 -6.061253308365437409e-01
-8.338167197324287683e-01 -6.038853657091332039e-01
-8.315789209466026843e-01 -6.016794759931233250e-01
-8.293753881087826407e-01 -5.995074176498551566e-01
-8.272058562572519591e-01 -5.973689341746916126e-01
-8.250700483314272748e-01 -5.952637570679732981e-01
-8.229676756763943946e-01 -5.931916063244054849e-01
-8.208984385637350112e-01 -5.911521909387718043e-01
-8.188620267264451469e-01 -5.891452094258192718e-01
-8.168581199057034503e-01 -5.871703503521489287e-01
-8.148863884072712338e-01 -5.852272928779672645e-01
-8.129464936653151286e-01 -5.833157073065367015e-01
-8.110380888114784304e-01 -5.814352556392244908e-01
-8.091608192470856054e-01 -5.795855921340724581e-01
-8.073143232164109451e-01 -5.777663638658805390e-01
-8.054982323790290666e-01 -5.759772112858518867e-01
-8.037121723793296812e-01 -5.742177687789378204e-01
-8.019557634113999578e-01 -5.724876652170964864e-01
-8.002286207775344273e-01 -5.707865245067788029e-01
-7.985303554387950253e-01 -5.691139661290651741e-01
-7.968605745560908282e-01 -5.674696056709580549e-01
-7.952188820204251218e-01 -5.658530553464762303e-01
-7.936048789710213880e-01 -5.642639245062889275e-01
-7.920181643002035532e-01 -5.627018201347511184e-01
-7.904583351439917749e-01 -5.611663473333152741e-01
-7.889249873575202576e-01 -5.596571097894122992e-01
-7.874177159744767396e-01 -5.581737102300066145e-01
-7.859361156499071743e-01 -5.567157508591454862e-01
-7.844797810858227249e-01 -5.552828337793582758e-01
-7.828836674686322494e-01 -5.552582639977667878e-01
-7.813298942517727941e-01 -5.552337045375056457e-01
-7.798174015775918289e-01 -5.552091553942598567e-01
-7.783451313363032309e-01 -5.551846165641496356e-01
-7.769120299248429840e-01 -5.551600880432966401e-01
-7.755170507749036268e-01 -5.551355698278210848e-01
-7.741591566516811129e-01 -5.551110619138436286e-01
-7.728373217272898055e-01 -5.550865642974848191e-01
-7.715505334347934063e-01 -5.550620769748637606e-01
-7.702977941105502158e-01 -5.550375999421016671e-01
-7.690781224338804067e-01 -5.550131331953174207e-01
-7.678905546741360277e-01 -5.549886767306307922e-01
-7.667341457560222784e-01 -5.549642305441616630e-01
-7.656079701545344118e-01 -5.549397946320282493e-01
-7.645111226311620545e-01 -5.549153689903498776e-01
-7.634427188231197592e-01 -5.548909536152449862e-01
-7.624018956972949956e-01 -5.548665485028320132e-01
-7.613878118804068285e-01 -5.548421536492291750e-01
-7.603996478765343570e-01 -5.548177690505544657e-01
-7.594366061827966252e-01 -5.547933947029258794e-01
-7.584979113134656670e-01 -5.547690306024608553e-01
-7.575828097422743213e-01 -5.547446767452768324e-01
-7.566905697721392210e-01 -5.547203331274909166e-01
-7.558204813408940792e-01 -5.546959997452202140e-01
-7.549718557710944911e-01 -5.546716765945808314e-01
-7.541440254713150937e-01 -5.546473636716905409e-01
-7.533363435957969312e-01 -5.546230609726646721e-01
-7.525481836687498705e-01 -5.545987684936199980e-01
-7.517789391790428155e-01 -5.545744862306724032e-01
-7.510280231505083171e-01 -5.545502141799376616e-01
-7.502948676925829119e-01 -5.545259523375317690e-01
-7.495789235355346802e-01 -5.545017006995696107e-01
-7.488796595541005185e-01 -5.544774592621670717e-01
-7.481965622829367391e-01 -5.544532280214389264e-01
-7.475291354269002486e-01 -5.544290069735006155e-01
-7.468768993688404967e-01 -5.544047961144655812e-01
-7.462393906772570862e-01 -5.543805954404508185e-01
-7.456161616158650807e-01 -5.543564049475681044e-01
-7.450067796568620171e-01 -5.543322246319337676e-01
-7.444108269994315075e-01 -5.543080544896611395e-01
-7.438279000948044839e-01 -5.542838945168642173e-01
-7.432576091789877548e-01 -5.542597447096569985e-01
-7.426995778141024518e-01 -5.542356050641534804e-01
-7.421534424390984208e-01 -5.542114755764671052e-01
-7.416188519304814930e-01 -5.541873562427106492e-01
-7.410954671735505705e-01 -5.541632470589983317e-01
-7.405829606445316626e-01 -5.541391480214425957e-01
-7.400810160038927554e-01 -5.541150591261569947e-01
-7.395893277010382461e-01 -5.540909803692541935e-01
-7.391076005905030666e-01 -5.540669117468473015e-01
-7.375611277120321940e-01 -5.525281092240977854e-01
-7.360562181455666542e-01 -5.510308184525416486e-01
-7.345918099487031006e-01 -5.495739810431835570e-01
-7.331668450810302495e-01 -5.481565423145511318e-01
-7.317802720036895581e-01 -5.467774538931867712e-01
-7.304310480469673461e-01 -5.454356760835740170e-01
-7.291181415493794837e-01 -5.441301800107835041e-01
-7.278405337738806935e-01 -5.428599495412850251e-01
-7.265972206086069862e-01 -5.416239829891482671e-01
-7.253872140609896046e-01 -5.404212946163464704e-01
-7.242095435552459159e-01 -5.392509159369762717e-01
-7.230632570440567175e-01 -5.381118968360938393e-01
-7.219474219458280606e-01 -5.370033065144353968e-01
-7.208611259192793108e-01 -5.359242342706448392e-01
-7.198034774872349439e-01 -5.348737901328044497e-01
-7.187736065214703762e-01 -5.338511053510129889e-01
-7.177706646002656177e-01 -5.328553327626165403e-01
-7.167938252500518637e-01 -5.318856470413914073e-01
-7.158422840821061506e-01 -5.309412448416104269e-01
-7.149152588348137716e-01 -5.300213448474399014e-01
-7.140119893314659238e-01 -5.291251877376313972e-01
-7.131317373630181589e-01 -5.282520360748907962e-01
-7.122737865046380179e-01 -5.274011741287406574e-01
-7.114374418742778206e-01 -5.265719076401008669e-01
-7.106220298409072766e-01 -5.257635635352116976e-01
-7.098268976894469562e-01 -5.249754895959455325e-01
-7.090514132488742183e-01 -5.242070540929666400e-01
-7.082949644894087626e-01 -5.234576453876643720e-01
-7.075569590941417353e-01 -5.227266715082218296e-01
-7.068368240099881517e-01 -5.220135597047097509e-01
-7.061340049823364717e-01 -5.213177559875945555e-01
-7.054479660773338434e-01 -5.206387246536008373e-01
-7.047781891953180944e-01 -5.199759478024645887e-01
-7.041241735785241929e-01 -5.193289248477026554e-01
-7.034854353158228601e-01 -5.186971720241843054e-01
-7.028615068469237226e-01 -5.180802218949394078e-01
-7.022519364681729659e-01 -5.174776228593473970e-01
-7.016562878417791360e-01 -5.168889386645679762e-01
-7.010741395100895668e-01 -5.163137479218216086e-01
-7.005050844162539203e-01 -5.157516436288959172e-01
-6.999487294324567843e-01 -5.152022327000566060e-01
-6.994046948966849975e-01 -5.146651355043433407e-01
-6.988726141588348373e-01 -5.141399854130673797e-01
-6.983521331368303109e-01 -5.136264283571885247e-01
-6.978429098832533706e-01 -5.131241223950945285e-01
-6.973446141629253692e-01 -5.126327372912108382e-01
-6.968569270417150907e-01 -5.121519541057479863e-01
-6.963795404868088346e-01 -5.116814647958047857e-01
-6.959121569785537975e-01 -5.112209718279746573e-01
-6.954544891339505819e-01 -5.107701878025560083e-01
-6.954544891339513590e-01 -5.151428543099663138e-01
-6.954544891339514701e-01 -5.195155208174201400e-01
-6.954544891339511370e-01 -5.238881873248736332e-01
-6.954544891339514701e-01 -5.282608538323276814e-01
-6.954544891339522472e-01 -5.326335203397811746e-01
-6.954544891339520252e-01 -5.370061868472352229e-01
-6.954544891339525803e-01 -5.413788533546890491e-01
-6.954544891339530244e-01 -5.457515198621427643e-01
-6.954544891339522472e-01 -5.501241863695968126e-01
-6.954544891339528023e-01 -5.544968528770509719e-01
-6.954544891339531354e-01 -5.588695193845046871e-01
-6.954544891339536905e-01 -5.632421858919590685e-01
-6.954544891339540236e-01 -5.676148523994127837e-01
-6.954544891339545787e-01 -5.719875189068668320e-01
-6.954544891339542456e-01 -5.763601854143211023e-01
-6.954544891339551338e-01 -5.807328519217750395e-01
-6.954544891339551338e-01 -5.851055184292297540e-01
-6.954544891339556889e-01 -5.894781849366841353e-01
-6.954544891339556889e-01 -5.938508514441382946e-01
-6.954544891339556889e-01 -5.982235179515931200e-01
-6.954544891339562440e-01 -6.025961844590476124e-01
-6.954544891339567991e-01 -6.069688509665019938e-01
-6.954544891339569102e-01 -6.113415174739564861e-01
-6.954544891339573542e-01 -6.157141839814107565e-01
-6.954544891339573542e-01 -6.200868504888650268e-01
-6.954544891339574653e-01 -6.244595169963201853e-01
-6.954544891339584645e-01 -6.288321835037751217e-01
-6.954544891339584645e-01 -6.332048500112299472e-01
-6.954544891339597967e-01 -6.375775165186852167e-01
-6.954544891339592416e-01 -6.419501830261402642e-01
-6.954544891339596857e-01 -6.463228495335950896e-01
-6.954544891339601298e-01 -6.506955160410505812e-01
-6.954544891339607959e-01 -6.550681825485059617e-01
-6.954544891339607959e-01 -6.594408490559617864e-01
-6.954544891339616841e-01 -6.638135155634170559e-01
-6.954544891339622392e-01 -6.681861820708726585e-01
-6.954544891339626833e-01 -6.725588485783287052e-01
-6.954544891339632384e-01 -6.769315150857847518e-01
-6.954544891339634605e-01 -6.813041815932407985e-01
-6.954544891339640156e-01 -6.856768481006967342e-01
-6.954544891339651258e-01 -6.900495146081533360e-01
-6.954544891339656809e-01 -6.944221811156100488e-01
-6.987948476230674277e-01 -6.987948476230669836e-01
-7.031675141305239185e-01 -7.031675141305234744e-01
-7.075401806379821856e-01 -7.075401806379817415e-01
-7.119128471454400087e-01 -7.119128471454393425e-01
-7.162855136528980537e-01 -7.162855136528970545e-01
-7.206581801603560988e-01 -7.206581801603560988e-01
-7.250308466678153652e-01 -7.250308466678148100e-01
-7.294035131752739654e-01 -7.294035131752739654e-01
-7.299533070161210446e-01 -7.299533070161208226e-01
-7.305031008569682349e-01 -7.305031008569682349e-01
-7.310528946978157583e-01 -7.310528946978153142e-01
-7.316026885386622824e-01 -7.316026885386622824e-01
-7.321524823795096948e-01 -7.321524823795095838e-01
-7.327022762203574402e-01 -7.327022762203568851e-01
-7.332520700612052966e-01 -7.332520700612050746e-01
-7.338018639020532641e-01 -7.338018639020529310e-01
-7.343516577429010095e-01 -7.343516577429010095e-01
-7.349014515837493100e-01 -7.349014515837489769e-01
-7.354512454245977215e-01 -7.354512454245976105e-01
-7.360010392654456890e-01 -7.360010392654456890e-01
-7.365508331062946557e-01 -7.365508331062938785e-01
-7.371006269471430672e-01 -7.371006269471427341e-01
-7.376504207879923669e-01 -7.376504207879919228e-01
-7.382002146288414446e-01 -7.382002146288413336e-01
-7.387500084696910774e-01 -7.387500084696908553e-01
-7.392998023105410432e-01 -7.392998023105409322e-01
-7.398495961513907870e-01 -7.398495961513904540e-01
-7.403993899922414190e-01 -7.403993899922411970e-01
-7.409491838330917179e-01 -7.409491838330917179e-01
-7.414989776739437932e-01 -7.414989776739436822e-01
-7.420487715147940921e-01 -7.420487715147940921e-01
-7.425985653556463895e-01 -7.425985653556459454e-01
-7.431483591964984647e-01 -7.431483591964981317e-01
-7.436981530373518723e-01 -7.436981530373512062e-01
-7.442479468782048357e-01 -7.442479468782047247e-01
-7.447977407190587984e-01 -7.447977407190585764e-01
-7.453475345599135382e-01 -7.453475345599135382e-01
-7.458973284007688331e-01 -7.458973284007687221e-01
-7.464471222416252383e-01 -7.464471222416250162e-01
-7.469969160824817545e-01 -7.469969160824817545e-01
-7.475467099233403800e-01 -7.475467099233397139e-01
-7.496685321430917037e-01 -7.480965037641993387e-01
-7.533977760946618529e-01 -7.486462976050591855e-01
-7.571995738563861433e-01 -7.494174764246055442e-01
-7.610742978645723689e-01 -7.543399367729030081e-01
-7.650223388780866829e-01 -7.592623971212006939e-01
-7.690441154551975744e-01 -7.641848574694969365e-01
-7.731400841271931501e-01 -7.691073178177945113e-01
-7.773107502774547761e-01 -7.740297781660918641e-01
-7.815566797381950925e-01 -7.789522385143893279e-01
-7.858785111206700869e-01 -7.838746988626857926e-01
-7.902769688980898488e-01 -7.887971592109837005e-01
-7.947528772632352911e-01 -7.937196195592811643e-01
-7.993071747842620534e-01 -7.986420799075784061e-01
-8.039409298818663840e-01 -8.035645402558765360e-01
-8.086553571478171110e-01 -8.084870006041731116e-01
-8.134518345179611032e-01 -8.134094609524716857e-01
-8.183319213008730664e-01 -8.183319213007691495e-01
-8.183319213008762860e-01 -8.183319213007718140e-01
-8.183319213008809490e-01 -8.183319213007745896e-01
-8.183319213008853898e-01 -8.183319213007775872e-01
-8.183319213008896087e-01 -8.183319213007805848e-01
-8.183319213008944937e-01 -8.183319213007834714e-01
-8.183319213008984905e-01 -8.183319213007862469e-01
-8.183319213009034865e-01 -8.183319213007895776e-01
-8.183319213009079274e-01 -8.183319213007929083e-01
-8.183319213009127013e-01 -8.183319213007956838e-01
-8.183319213009185855e-01 -8.183319213007990145e-01
-8.183319213009233595e-01 -8.183319213008024562e-01
-8.183319213009278004e-01 -8.183319213008062309e-01
-8.183319213009327964e-01 -8.183319213008086734e-01
-8.183319213009380144e-01 -8.183319213008130033e-01
-8.183319213009440096e-01 -8.183319213008162230e-01
-8.183319213009486726e-01 -8.183319213008199977e-01
-8.183319213009552229e-01 -8.183319213008236614e-01
-8.183319213009601079e-01 -8.183319213008274362e-01
-8.183319213009663251e-01 -8.183319213008316551e-01
-8.183319213009724313e-01 -8.183319213008352078e-01
-8.183319213009777604e-01 -8.183319213008394266e-01
-8.183319213009839777e-01 -8.183319213008430903e-01
-8.200503586536910250e-01 -8.200503586536910250e-01
-8.229542124883365561e-01 -8.229542124883363341e-01
-8.258706289058140859e-01 -8.258706289058140859e-01
-8.287995306898837677e-01 -8.287995306898837677e-01
-8.317408399213989112e-01 -8.317408399213978010e-01
-8.346944780133270791e-01 -8.346944780133270791e-01
-8.376603657455257146e-01 -8.376603657455251595e-01
-8.406384232992104577e-01 -8.406384232992101246e-01
-8.436285702911314743e-01 -8.436285702911309192e-01
-8.466307258074008413e-01 -8.466307258074008413e-01
-8.496448084369648823e-01 -8.496448084369646603e-01
-8.526707363046900356e-01 -8.526707363046894805e-01
-8.557084271040497070e-01 -8.557084271040489298e-01
-8.587577981293814666e-01 -8.587577981293812446e-01
-8.618187663077087057e-01 -8.618187663077081506e-01
-8.648912482300934457e-01 -8.648912482300934457e-01
-8.679751601825181906e-01 -8.679751601825181906e-01
-8.710704181762716214e-01 -8.710704181762713993e-01
-8.741769379778290272e-01 -8.741769379778285831e-01
-8.772946351382109320e-01 -8.772946351382108210e-01
-8.804234250218130331e-01 -8.804234250218128111e-01
-8.835632228346874673e-01 -8.835632228346874673e-01
-8.867139436522739615e-01 -8.867139436522736284e-01
-8.898755024465679897e-01 -8.898755024465677677e-01
-8.930478141127191627e-01 -8.930478141127181635e-01
-8.962307934950479726e-01 -8.962307934950479726e-01
-8.994243554124903284e-01 -8.994243554124901063e-01
-9.026284146834391287e-01 -9.026284146834389066e-01
-9.031188204671198871e-01 -9.031188204671196651e-01
-9.036094689566528393e-01 -9.036094689566526172e-01
-9.041003598485103376e-01 -9.041003598485101156e-01
-9.045914928391968202e-01 -9.045914928391965981e-01
-9.055639734297429300e-01 -9.050828676252468119e-01
-9.076210831050873784e-01 -9.055744839032292548e-01
-9.097148151884463241e-01 -9.060663413697481738e-01
-9.118454670742661694e-01 -9.065584397214453416e-01
-9.140133224624115149e-01 -9.070507786550009444e-01
-9.162186511380903120e-01 -9.075433578671381341e-01
-9.184617087900660559e-01 -9.080361770546214739e-01
-9.207427368667210343e-01 -9.085292359142599361e-01
-9.230619624692414371e-01 -9.090225341429120087e-01
-9.254195982808786081e-01 -9.095160714374818101e-01
-9.278158425309925850e-01 -9.100098474949263050e-01
-9.302508789923242816e-01 -9.105038620122525295e-01
-9.327248770097050778e-01 -9.109981146865228085e-01
-9.352379915582550440e-01 -9.114926052148570879e-01
-9.377903633289246255e-01 -9.119873332944299360e-01
-9.403821188391043862e-01 -9.124822986224777610e-01
-9.430133705659579091e-01 -9.129775008962977001e-01
-9.456842171000445774e-01 -9.134729398132497291e-01
-9.483947433167575491e-01 -9.139686150707602152e-01
-9.511450205631448718e-01 -9.144645263663203627e-01
-9.539351068576598092e-01 -9.149606733974917638e-01
-9.567650471004937041e-01 -9.154570558619051779e-01
-9.596348732922049818e-01 -9.159536734572640837e-01
-9.625446047584736986e-01 -9.164505258813440136e-01
-9.654942483789470398e-01 -9.169476128319992148e-01
-9.684837988183099267e-01 -9.174449340071587633e-01
-9.715132387578463424e-01 -9.179424891048312274e-01
-9.745825391259670401e-01 -9.184402778231065545e-01
-9.776916593263602628e-01 -9.189382998601575148e-01
-9.808405474626060716e-01 -9.194365549142392569e-01
-9.840291405583171391e-01 -9.199350426836939709e-01
-9.872573647720368495e-01 -9.204337628669517768e-01
-9.905251356063417001e-01 -9.209327151625321672e-01
-9.938323581107780802e-01 -9.214318992690435639e-01
-9.971789270784462422e-01 -9.219313148851890904e-01
-1.000564727236218365e+00 -9.224309617097640190e-01
-1.003989633428726380e+00 -9.229308394416626538e-01
-1.007453510796423313e+00 -9.234309477798737786e-01
-1.010956214948139920e+00 -9.239312864234868750e-01
-1.014497592128680736e+00 -9.244318550716916771e-01
-1.018077479382096806e+00 -9.249326534237802822e-01
-1.021695704711378383e+00 -9.254336811791491479e-01
-1.025352087235352094e+00 -9.259349380373004257e-01
-1.029046437343637432e+00 -9.264364236978430700e-01
-1.032778556850537210e+00 -9.269381378604941712e-01
-1.036548239148770589e+00 -9.274400802254235687e-01
-1.052077633239379084e+00 -9.365010180329035316e-01
-1.067822436780186957e+00 -9.455973308135525723e-01
-1.083774242300975077e+00 -9.547279787470512868e-01
-1.099924776887977851e+00 -9.638919535700295471e-01
-1.116265933301681335e+00 -9.730882779043527053e-01
-1.132789795831107282e+00 -9.823160045617999048e-01
-1.149488661253006638e+00 -9.915742158298612718e-01
-1.166355055306399935e+00 -1.000862022743526980e+00
-1.183381745115114070e+00 -1.010178564347387731e+00
-1.200561747996729434e+00 -1.019523006951964517e+00
-1.217888337089384931e+00 -1.028894543387668170e+00
-1.235355044210982634e+00 -1.038292392259478669e+00
-1.252955660341695143e+00 -1.047715797204990640e+00
-1.270684234092166465e+00 -1.057164026158175396e+00
-1.288535068488758650e+00 -1.066636370620897445e+00
-1.306502716375002926e+00 -1.076132144943922508e+00
-1.324581974696107167e+00 -1.085650685618927191e+00
-1.342767877902322882e+00 -1.095191350582777723e+00
-1.361055690677192898e+00 -1.104753518535120715e+00
-1.379440900169094819e+00 -1.114336588270180117e+00
-1.397919207879117831e+00 -1.123939978023457797e+00
-1.416486521335247550e+00 -1.133563124833891100e+00
-1.435138945662117305e+00 -1.143205483921889698e+00
-1.453872775137282858e+00 -1.152866528083572817e+00
-1.472684484808733263e+00 -1.162545747101385585e+00
-1.491570722234274671e+00 -1.172242647171219732e+00
-1.510528299391156626e+00 -1.181956750346067286e+00
-1.529554184793750382e+00 -1.191687593996147321e+00
-1.548645495848186782e+00 -1.201434730285436903e+00
-1.567799491465110995e+00 -1.211197725664410418e+00
-1.587013564945419786e+00 -1.220976160378823172e+00
-1.606285237148396217e+00 -1.230769627994280802e+00
-1.625612149947285756e+00 -1.240577734936322507e+00
-1.644992059973673593e+00 -1.250400100045732099e+00
-1.664422832649140149e+00 -1.260236354148746463e+00
-1.683902436500217759e+00 -1.270086139641837697e+00
-1.703428937750895766e+00 -1.279949110090685238e+00
-1.723000495185426528e+00 -1.289824929843024215e+00
-1.742615355273116728e+00 -1.299713273654951706e+00
-1.762271847545979764e+00 -1.309613826330357611e+00
-1.781968380219623782e+00 -1.319526282373062909e+00
-1.801703436047352058e+00 -1.329450345651320031e+00
-1.821475568397310951e+00 -1.339385729074278775e+00
-1.841283397542485156e+00 -1.349332154280048934e+00
-1.861125607153398587e+00 -1.359289351334989293e+00
-1.881000940983482028e+00 -1.369257058443845043e+00
-1.900908199737425752e+00 -1.379235021670396133e+00
-1.920846238112924986e+00 -1.389222994668229294e+00
-1.940813962006689097e+00 -1.399220738421318666e+00
-1.960810325875847582e+00 -1.409228020994052866e+00
-1.967481788273916399e+00 -1.412551358702083037e+00
-1.974156289698859368e+00 -1.415875813286643803e+00
-1.980833794739905507e+00 -1.419201375876949278e+00
-1.987514268507658999e+00 -1.422528037690556246e+00
-1.994197676625119042e+00 -1.425855790032323878e+00
-2.000883985218869121e+00 -1.429184624293405426e+00
-2.007573160910459009e+00 -1.432514531950245695e+00
-2.014265170807918448e+00 -1.435845504563592723e+00
-2.020959982497448681e+00 -1.439177533777525442e+00
-2.027657564035262538e+00 -1.442510611318481795e+00
-2.034357883939585943e+00 -1.445844728994320150e+00
-2.041060911182804638e+00 -1.449179878693373613e+00
-2.047766615183761463e+00 -1.452516052383523215e+00
-2.054474965800192177e+00 -1.455853242111287082e+00
-2.061185933321309616e+00 -1.459191440000919826e+00
-2.067899488460537505e+00 -1.462530638253511928e+00
-2.074615602348348631e+00 -1.465870829146116439e+00
-2.081334246525274878e+00 -1.469212005030886115e+00
-2.088055392935022070e+00 -1.472554158334205887e+00
-2.094779013917724697e+00 -1.475897281555850871e+00
-2.101505082203323216e+00 -1.479241367268151031e+00
-2.108233570905072796e+00 -1.482586408115166288e+00
-2.114964453513155984e+00 -1.485932396811867395e+00
-2.121697703888432596e+00 -1.489279326143343019e+00
-2.128433296256294849e+00 -1.492627188963994378e+00
-2.135171205200645073e+00 -1.495975978196754763e+00
-2.141911405657972001e+00 -1.499325686832318816e+00
-2.148653872911554075e+00 -1.502676307928374477e+00
-2.155398582585753786e+00 -1.506027834608850258e+00
-2.162145510640431034e+00 -1.509380260063169388e+00
-2.168894633365448410e+00 -1.512733577545519958e+00
-2.175645927375287503e+00 -1.516087780374115290e+00
-2.182399369603760242e+00 -1.519442861930494493e+00
-2.189154937298808168e+00 -1.522798815658798599e+00
-2.195912608017420720e+00 -1.526155635065079563e+00
-2.202672359620614362e+00 -1.529513313716609257e+00
-2.209434170268544939e+00 -1.532871845241196684e+00
-2.216198018415665327e+00 -1.536231223326514295e+00
-2.222963882805998992e+00 -1.539591441719432741e+00
-2.229731742468496591e+00 -1.542952494225367399e+00
-2.236501576712472072e+00 -1.546314374707626893e+00
-2.243273365123116925e+00 -1.549677077086775601e+00
-2.250047087557111247e+00 -1.553040595339999497e+00
-2.256822724138302760e+00 -1.556404923500480431e+00
-2.263600255253458204e+00 -1.559770055656784837e+00
-2.270379661548110661e+00 -1.563135985952249785e+00
-2.277160923922465052e+00 -1.566502708584382564e+00
-2.283944023527381795e+00 -1.569870217804270496e+00
-2.290728941760444393e+00 -1.573238507915990070e+00
-2.297515660262068771e+00 -1.576607573276414653e+00
-2.297983521125714468e+00 -1.585322865505517598e+00
-2.298461980773364832e+00 -1.594038176015782904e+00
-2.298951394514955560e+00 -1.602753504555709529e+00
-2.299452133297120504e+00 -1.611468850878766013e+00
-2.299964584547625090e+00 -1.620184214742887097e+00
-2.300489153073294712e+00 -1.628899595910385356e+00
-2.301026262015247958e+00 -1.637614994147842173e+00
-2.301576353865608660e+00 -1.646330409226019587e+00
-2.302139891550138540e+00 -1.655045840919761924e+00
-2.302717359581624379e+00 -1.663761289007909205e+00
-2.303309265289218200e+00 -1.672476753273208105e+00
-2.303916140129343759e+00 -1.681192233502226241e+00
-2.304538541084278247e+00 -1.689907729485260690e+00
-2.305177052154926631e+00 -1.698623241016274266e+00
-2.305832285954904304e+00 -1.707338767892798259e+00
-2.306504885413582784e+00 -1.716054309915868270e+00
-2.307195525596393182e+00 -1.724769866889936276e+00
-2.307904915651310507e+00 -1.733485438622812236e+00
-2.308633800891239485e+00 -1.742201024925582376e+00
-2.309382965022717560e+00 -1.750916625612536137e+00
-2.310153232532241585e+00 -1.759632240501113554e+00
-2.310945471242459526e+00 -1.768347869411824869e+00
-2.311760595051356670e+00 -1.777063512168193915e+00
-2.312599566868716483e+00 -1.785779168596686839e+00
-2.313463401765154970e+00 -1.794494838526664804e+00
-2.314353170350335276e+00 -1.803210521790309384e+00
-2.315270002398145621e+00 -1.811926218222573493e+00
-2.316215090738052318e+00 -1.820641927661121207e+00
-2.317189695433224728e+00 -1.829357649946274034e+00
-2.318195148267595318e+00 -1.838073384920953623e+00
-2.319232857565492800e+00 -1.846789132430634028e+00
-2.320304313369287108e+00 -1.855504892323284638e+00
-2.321411093001970460e+00 -1.864220664449323772e+00
-2.322554867043487015e+00 -1.872936448661567388e+00
-2.323737405751203244e+00 -1.881652244815185560e+00
-2.324960585956698633e+00 -1.890368052767650076e+00
-2.326226398472552415e+00 -1.899083872378689586e+00
-2.327536956044343963e+00 -1.907799703510249856e+00
-2.328894501884323898e+00 -1.916515546026443584e+00
-2.330301418824134441e+00 -1.925231399793518428e+00
-2.331760239124494483e+00 -1.933947264679796607e+00
-2.333273654979813205e+00 -1.942663140555659806e+00
-2.334844529754731113e+00 -1.951379027293483448e+00
-2.336475909988038335e+00 -1.960094924767621816e+00
-2.338171038196267038e+00 -1.968810832854352100e+00
-2.339933366504773904e+00 -1.977526751431847973e+00
-2.341766571127591234e+00 -1.986242680380137404e+00
-2.343674567708327050e+00 -1.994958619581072012e+00
-2.345661527522564960e+00 -2.003674568918291765e+00
-2.347731894526487562e+00 -2.012390528277187229e+00
-2.348019658449822966e+00 -2.012395498530475280e+00
-2.348312565572838295e+00 -2.012400480926966662e+00
-2.348610752311301564e+00 -2.012405475605506311e+00
-2.348914359835457155e+00 -2.012410482707065462e+00
-2.349223534273625624e+00 -2.012415502374775844e+00
-2.349538426926029544e+00 -2.012420534753979862e+00
-2.349859194489477776e+00 -2.012425579992269675e+00
-2.350185999293468164e+00 -2.012430638239527170e+00
-2.350519009548416527e+00 -2.012435709647968807e+00
-2.350858399606716276e+00 -2.012440794372203356e+00
-2.351204350237340535e+00 -2.012445892569262984e+00
-2.351557048914819870e+00 -2.012451004398658316e+00
-2.351916690123436737e+00 -2.012456130022429512e+00
-2.352283475677510616e+00 -2.012461269605193337e+00
-2.352657615058775686e+00 -2.012466423314191122e+00
-2.353039325771851598e+00 -2.012471591319351383e+00
-2.353428833718894886e+00 -2.012476773793336449e+00
-2.353826373594603005e+00 -2.012481970911593088e+00
-2.354232189302799316e+00 -2.012487182852424006e+00
-2.354646534395925972e+00 -2.012492409797034920e+00
-2.355069672538828929e+00 -2.012497651929586961e+00
-2.355501877998356530e+00 -2.012502909437279719e+00
-2.355943436160347737e+00 -2.012508182510388988e+00
-2.356394644075722411e+00 -2.012513471342352478e+00
-2.356855811037454007e+00 -2.012518776129815556e+00
-2.357327259190419522e+00 -2.012524097072713403e+00
-2.357809324176078913e+00 -2.012529434374331405e+00
-2.358302355814287932e+00 -2.012534788241379324e+00
-2.358806718824487003e+00 -2.012540158884066344e+00
-2.359322793588805922e+00 -2.012545546516160133e+00
-2.359850976959679603e+00 -2.012550951355088547e+00
-2.360391683114838379e+00 -2.012556373621994688e+00
-2.360945344462641593e+00 -2.012561813541827060e+00
-2.361512412600905719e+00 -2.012567271343425279e+00
-2.362093359332663844e+00 -2.012572747259594674e+00
-2.362688677742414534e+00 -2.012578241527195111e+00
-2.363298883336649059e+00 -2.012583754387237356e+00
-2.363924515252734171e+00 -2.012589286084967011e+00
-2.364566137540383473e+00 -2.012594836869960435e+00
-2.365224340520239110e+00 -2.012600406996218894e+00
-2.365899742224369273e+00 -2.012605996722266255e+00
-2.366592989923637536e+00 -2.012611606311257795e+00
-2.367304761747281994e+00 -2.012617236031071677e+00
-2.368035768400238439e+00 -2.012622886154428858e+00
-2.368786754983990051e+00 -2.012628556958989900e+00
-2.369558502927023191e+00 -2.012634248727479314e+00
-2.370351832031188266e+00 -2.012639961747791695e+00
-2.371167602640473770e+00 -2.012645696313114740e+00
-2.372006717938905496e+00 -2.012651452722054923e+00
-2.372870126384508893e+00 -2.012657231280845505e+00
-2.373209595781354597e+00 -2.017037886893616072e+00
-2.373557269531521019e+00 -2.021418542508476524e+00
-2.373913438475692583e+00 -2.025799198123336531e+00
-2.374278406850391931e+00 -2.030179853738197426e+00
-2.374652493035330547e+00 -2.034560509353057434e+00
-2.375036030348866678e+00 -2.038941164967917885e+00
-2.375429367894866584e+00 -2.043321820582777892e+00
-2.375832871464728768e+00 -2.047702476197638788e+00
-2.376246924498437885e+00 -2.052083131812498795e+00
-2.376671929108931547e+00 -2.056463787427359691e+00
-2.377108307174248925e+00 -2.060844443042220586e+00
-2.377556501502393616e+00 -2.065225098657081038e+00
-2.378016977074084881e+00 -2.069605754271940601e+00
-2.378490222369027851e+00 -2.073986409886803717e+00
-2.378976750781679250e+00 -2.078367065501663280e+00
-2.379477102132923960e+00 -2.082747721116523287e+00
-2.379991844284549352e+00 -2.087128376731384627e+00
-2.380521574863820877e+00 -2.091509032346245078e+00
-2.381066923105967348e+00 -2.095889687961105086e+00
-2.381628551822921214e+00 -2.100270343575966869e+00
-2.382207159507122807e+00 -2.104650999190826877e+00
-2.382803482579776588e+00 -2.109031654805686884e+00
-2.383418297793427509e+00 -2.113412310420548224e+00
-2.384052424799339764e+00 -2.117792966035408231e+00
-2.384706728890567451e+00 -2.122173621650268238e+00
-2.385382123932223042e+00 -2.126554277265130022e+00
-2.386079575490782201e+00 -2.130934932879992250e+00
-2.386800104174753301e+00 -2.135315588494851813e+00
-2.387544789199257167e+00 -2.139696244109712708e+00
-2.388314772187304591e+00 -2.144076899724572716e+00
-2.389111261220552507e+00 -2.148457555339434055e+00
-2.389935535152194923e+00 -2.152838210954294507e+00
-2.390788948194070063e+00 -2.157218866569154958e+00
-2.391672934789535354e+00 -2.161599522184017630e+00
-2.392589014782257273e+00 -2.165980177798876749e+00
-2.393538798889555785e+00 -2.170360833413738533e+00
-2.394523994486598806e+00 -2.174741489028598984e+00
-2.395546411704732037e+00 -2.179122144643460768e+00
-2.396607969843267849e+00 -2.183502800258321219e+00
-2.397710704089126565e+00 -2.187883455873180782e+00
-2.398856772532367287e+00 -2.192264111488042566e+00
-2.400048463457913339e+00 -2.196644767102903462e+00
-2.401288202884218848e+00 -2.201025422717765689e+00
-2.402578562308023358e+00 -2.205406078332625697e+00
-2.403922266600527546e+00 -2.209786733947487036e+00
-2.405322201983673747e+00 -2.214167389562347044e+00
-2.406781423995852709e+00 -2.218548045177208383e+00
-2.408303165333643303e+00 -2.222928700792069279e+00
-2.409890843430066543e+00 -2.227309356406930618e+00
-2.411548067600140399e+00 -2.231690012021792402e+00
-2.412616818756479375e+00 -2.236070667636651077e+00
-2.413713192690373432e+00 -2.240451323251510196e+00
-2.414838199662200147e+00 -2.244831978866370648e+00
-2.415992895879782054e+00 -2.249212634481231987e+00
-2.417178385879116931e+00 -2.253593290096091994e+00
-2.418395825033297530e+00 -2.257973945710953334e+00
-2.419646422195589786e+00 -2.262354601325813341e+00
-2.420931442482722407e+00 -2.266735256940674237e+00
-2.422252210204405731e+00 -2.271115912555533800e+00
-2.423610111945038170e+00 -2.275496568170394696e+00
-2.425006599803489316e+00 -2.279877223785253371e+00
-2.426443194796434444e+00 -2.284257879400116042e+00
-2.427921490430655194e+00 -2.288638535014975162e+00
-2.429443156448960472e+00 -2.293019190629835613e+00
-2.431009942753996178e+00 -2.297399846244696509e+00
-2.432623683513240653e+00 -2.301780501859556960e+00
-2.434286301447583512e+00 -2.306161157474417411e+00
-2.435999812304578516e+00 -2.310541813089280527e+00
-2.437766329515945074e+00 -2.314922468704139202e+00
-2.439588069036958018e+00 -2.319303124319000098e+00
-2.441467354363318076e+00 -2.323683779933860105e+00
-2.443406621718172467e+00 -2.328064435548721001e+00
-2.445408425399008046e+00 -2.332445091163581452e+00
-2.447475443270433537e+00 -2.336825746778441903e+00
-2.449610482384483756e+00 -2.341206402393304575e+00
-2.451816484705203969e+00 -2.345587058008164583e+00
-2.454096532908537132e+00 -2.349967713623024590e+00
-2.456453856222045928e+00 -2.354348369237887706e+00
-2.458891836261526631e+00 -2.358729024852746825e+00
-2.461414012813381902e+00 -2.363109680467608165e+00
-2.464024089502158787e+00 -2.367490336082469504e+00
-2.466725939272426338e+00 -2.371870991697331732e+00
-2.469523609602720882e+00 -2.376251647312191295e+00
-2.472421327356995491e+00 -2.380632302927055299e+00
-2.475423503165530281e+00 -2.385012958541913974e+00
-2.478534735213227869e+00 -2.389393614156776646e+00
-2.481759812298209411e+00 -2.393774269771634433e+00
-2.485103716008398411e+00 -2.398154925386497549e+00
-2.488571621848294946e+00 -2.402535581001358000e+00
-2.492168899133163862e+00 -2.406916236616219784e+00
-2.495901109453507960e+00 -2.411296892231080680e+00
-2.499774003500203623e+00 -2.415677547845942907e+00
-2.503793516030347721e+00 -2.420058203460804247e+00
-2.507965758746925289e+00 -2.424438859075666031e+00
-2.512297010862839297e+00 -2.428819514690525150e+00
-2.516793707122998658e+00 -2.433200170305388266e+00
-2.521462423067869274e+00 -2.437580825920250494e+00
-2.526309857339978926e+00 -2.441961481535111833e+00
-2.531342810862214687e+00 -2.446342137149973173e+00
-2.536568162754451627e+00 -2.450722792764838953e+00
-2.536802094964290433e+00 -2.451379294177919999e+00
-2.537041518179157240e+00 -2.452050747860128777e+00
-2.537286626351940022e+00 -2.452737647814580146e+00
-2.537537622595416931e+00 -2.453440508966125755e+00
-2.537794719724281389e+00 -2.454159868217175688e+00
-2.538058140835631526e+00 -2.454896285563596514e+00
-2.538328119931283933e+00 -2.455650345274369428e+00
-2.538604902585294809e+00 -2.456422657138841004e+00
-2.538888746660584061e+00 -2.457213857785708111e+00
-2.539179923078897616e+00 -2.458024612078068216e+00
-2.539478716648635892e+00 -2.458855614589128269e+00
-2.539785426955791792e+00 -2.459707591163474039e+00
-2.540100369323425866e+00 -2.460581300569010477e+00
-2.540423875845957191e+00 -2.461477536245005204e+00
-2.540756296505001011e+00 -2.462397128152031378e+00
-2.541098000374287569e+00 -2.463340944729714543e+00
-2.541449376921893322e+00 -2.464309894968795156e+00
-2.541810837418994051e+00 -2.465304930604072187e+00
-2.542182816465236694e+00 -2.466327048435284830e+00
-2.542565773641971560e+00 -2.467377292783314413e+00
-2.542960195305830950e+00 -2.468456758089331515e+00
-2.543366596536477786e+00 -2.469566591664998256e+00
-2.543785523253915493e+00 -2.470707996602095946e+00
-2.544217554522546276e+00 -2.471882234850343973e+00
-2.544663305061009684e+00 -2.473090630472490226e+00
-2.545123427979208763e+00 -2.474334573086179212e+00
-2.545598617766287042e+00 -2.475615521502432692e+00
-2.546089613556251852e+00 -2.476935007570934655e+00
-2.546597202701053497e+00 -2.478294640242804103e+00
-2.547122224684643221e+00 -2.479696109861930342e+00
-2.547665575415575034e+00 -2.481141192696419306e+00
-2.548228211940370525e+00 -2.482631755722432665e+00
-2.548811157625266777e+00 -2.484169761673357790e+00
-2.549415507859869923e+00 -2.485757274368260994e+00
-2.550042436343221919e+00 -2.487396464334933999e+00
-2.550693202020537065e+00 -2.489089614744552481e+00
-2.551369156747855804e+00 -2.490839127677498155e+00
-2.552071753772064966e+00 -2.492647530743200779e+00
-2.552802557125369187e+00 -2.494517484081689496e+00
-2.553563252046655130e+00 -2.496451787781014620e+00
-2.554355656557483645e+00 -2.498453389753943377e+00
-2.555181734337867994e+00 -2.500525394130030943e+00
-2.556043609066954048e+00 -2.502671070236873518e+00
-2.556943580416716877e+00 -2.504893862268970040e+00
-2.557884141912787790e+00 -2.514336702989767858e+00
-2.558868000906536988e+00 -2.524773860364796008e+00
-2.559898100936574661e+00 -2.535211017739821493e+00
-2.560977646796786189e+00 -2.545648175114849199e+00
-2.562110132672033913e+00 -2.556085332489876016e+00
-2.566522489864904166e+00 -2.566522489864903278e+00
-2.566522497343337594e+00 -2.566522497343337594e+00
-2.566522504821771911e+00 -2.566522504821771911e+00
-2.566522512300207115e+00 -2.566522512300205339e+00
-2.566522519778638323e+00 -2.566522519778638323e+00
-2.566522527257073527e+00 -2.566522527257072639e+00
-2.566522534735507399e+00 -2.566522534735506511e+00
-2.566522542213942160e+00 -2.566522542213941271e+00
-2.566777612599987268e+00 -2.566522549692376032e+00
-2.567247353814686495e+00 -2.566522557170811236e+00
-2.567725527445523515e+00 -2.566522564649244220e+00
-2.568212350175700820e+00 -2.566522572127676760e+00
-2.568708045715724531e+00 -2.566522579606112409e+00
-2.569212845069158924e+00 -2.566522587084546281e+00
-2.569726986809285130e+00 -2.566522594562980153e+00
-2.570250717367170701e+00 -2.566522602041414913e+00
-2.570784291331560834e+00 -2.566522609519848341e+00
-2.571327971761098397e+00 -2.566522616998282658e+00
-2.571882030509354600e+00 -2.566522624476716974e+00
-2.572446748563151697e+00 -2.566522631955150846e+00
-2.573022416394742162e+00 -2.566522639433584718e+00
-2.573609334328319953e+00 -2.566522646912018146e+00
-2.574207812921442518e+00 -2.566522654390451130e+00
-2.574818173361895557e+00 -2.566522661868888555e+00
-2.575440747880586301e+00 -2.566522669347321539e+00
-2.576075880181019517e+00 -2.566522676825755855e+00
-2.576723925885934463e+00 -2.566522684304189283e+00
-2.577385253001739152e+00 -2.566522691782623156e+00
-2.578060242401291280e+00 -2.566522699261056584e+00
-2.578749288325667965e+00 -2.566522706739491344e+00
-2.579452798905547350e+00 -2.566522714217925660e+00
-2.580171196702814029e+00 -2.566522721696358644e+00
-2.580904919273126819e+00 -2.566522729174793849e+00
-2.581654419750015084e+00 -2.566522736653227721e+00
-2.582420167451412674e+00 -2.566522744131661149e+00
-2.583202648509356436e+00 -2.566522751610095909e+00
-2.584002366523888039e+00 -2.566522759088530226e+00
-2.584819843242387893e+00 -2.566522766566963654e+00
-2.585655619265947447e+00 -2.566522774045396638e+00
-2.586510254785035379e+00 -2.566522781523833174e+00
-2.587384330347817674e+00 -2.566522789002266158e+00
-2.588278447666305659e+00 -2.567675803923771483e+00
-2.589193230468791906e+00 -2.569178034243974285e+00
-2.590129325412879435e+00 -2.570699750284899388e+00
-2.591087403084312957e+00 -2.572241243090791052e+00
-2.592068159128346316e+00 -2.573802835298023339e+00
-2.593072315604239453e+00 -2.575384900803074029e+00
-2.594100622750203922e+00 -2.576987901070288967e+00
-2.595153861574980514e+00 -2.578612457002237068e+00
-2.596232848291097017e+00 -2.580259504584291097e+00
-2.597338443380857065e+00 -2.581930674828718963e+00
