-4.166680643932173744e+00 -3.987135162385746057e+00 -3.987135162385744724e+00 -3.987135162385743836e+00 -3.987135162385742504e+00 -3.807589680839312152e+00 -3.097677074797595687e+00 -3.097677074797595687e+00 -3.097677074797595242e+00 -3.097677074797594354e+00 -2.918131593251166667e+00 -2.918131593251165334e+00 -2.918131593251164446e+00 -2.918131593251164002e+00 -2.028673505663014076e+00
-4.266562688802578940e+00 -4.060841301521065816e+00 -4.059577695382797557e+00 -4.059577695382795781e+00 -4.059577695382794005e+00 -3.861481595516869092e+00 -3.132429425258435707e+00 -3.128000869423421371e+00 -3.128000869423419594e+00 -3.128000869423418706e+00 -2.961410276793825957e+00 -2.921141705010787071e+00 -2.921141705010786627e+00 -2.921141705010785738e+00 -2.040491691123726969e+00
-4.081482873574359793e+00 -3.445139558401653090e+00 -3.415387499336528077e+00 -3.415387499336527632e+00 -3.415387499336526300e+00 -3.008263523402862738e+00 -2.825886814969487126e+00 -2.624122313674777107e+00 -2.624122313674776663e+00 -2.624122313674775331e+00 -2.412428678045705155e+00 -2.337262610142050612e+00 -2.337262610142049724e+00 -2.337262610142048391e+00 -1.952093760626963048e+00
-3.940522810087078831e+00 -3.354198264166421861e+00 -2.841442369862214878e+00 -2.841442369862214434e+00 -2.841442369862213990e+00 -2.763641133164234986e+00 -2.233737428551049842e+00 -1.814617960143119380e+00 -1.814617960143118935e+00 -1.814617960143117825e+00 -1.659355646760967362e+00 -1.561963603218061492e+00 -1.561963603218060603e+00 -1.561963603218059937e+00 -5.357171913963368892e-01
-2.883805264223370912e+00 -2.652870866713053388e+00 -2.422862328970937451e+00 -2.116764402608592999e+00 -2.116764402608591222e+00 -2.116764402608590778e+00 -1.648034174392523532e+00 -1.436518946839285826e+00 -1.155464911863333999e+00 -1.155464911863333555e+00 -1.155464911863333555e+00 -9.453739022127300995e-01 -9.453739022127299885e-01 -9.453739022127296554e-01 -4.424498181788175666e-01
-2.665061335735283699e+00 -2.436599324833153446e+00 -2.189988294059442619e+00 -1.918607000677531094e+00 -1.918607000677530872e+00 -1.918607000677530428e+00 -1.378623416553971026e+00 -1.203414883400256263e+00 -1.065331519682814809e+00 -1.065331519682814365e+00 -1.065331519682814143e+00 -7.991285781243534503e-01 -7.991285781243526731e-01 -7.991285781243523401e-01 -3.092457901360051720e-01
-2.670130301842918108e+00 -2.465161487782969729e+00 -2.224966285593609427e+00 -1.924118718777785508e+00 -1.924118718777784620e+00 -1.924118718777784176e+00 -1.430503339786833195e+00 -1.227852954101935845e+00 -1.072205016737685312e+00 -1.072205016737685312e+00 -1.072205016737684868e+00 -8.485374768287657909e-01 -8.485374768287656799e-01 -8.485374768287652358e-01 -3.497010171884596397e-01
-2.517063175459247848e+00 -2.170997186799379364e+00 -1.925463627356108542e+00 -1.787522948512533461e+00 -1.787522948512532128e+00 -1.787522948512530796e+00 -1.351882632734345391e+00 -9.053679582536597881e-01 -9.053679582536596770e-01 -9.053679582536594550e-01 -8.410721138939717401e-01 -6.218411833338716166e-01 -6.218411833338713945e-01 -6.218411833338710615e-01 2.855071667884634401e-02
-2.328952352304325402e+00 -2.104617063916853770e+00 -1.763171588756771158e+00 -1.763171588756771158e+00 -1.763171588756770491e+00 -1.654724860811339404e+00 -1.053034569924143238e+00 -6.665696953738032837e-01 -6.665696953738029507e-01 -6.665696953738027286e-01 -5.356617421498205411e-01 -3.565234624619454395e-01 -3.565234624619452730e-01 -3.565234624619442183e-01 4.844646000649052708e-01
-2.276258882352600654e+00 -1.886776896109397805e+00 -1.648908755041328167e+00 -1.648908755041328167e+00 -1.648908755041327279e+00 -1.480564219631018918e+00 -8.841282014055713567e-01 -6.501461126328088591e-01 -6.501461126328086371e-01 -6.501461126328083040e-01 -3.908593465679816581e-01 -2.118832167034170877e-01 -2.118832167034169767e-01 -2.118832167034161162e-01 5.520415436698897782e-01
