6.867179102523955914e-01 7.046301077496666121e-01
6.688057127551241265e-01 7.046301077496670562e-01
6.508935152578527727e-01 7.046301077496670562e-01
6.329813177605813079e-01 7.046301077496666121e-01
6.150691202633098431e-01 7.046301077496670562e-01
5.971569227660383783e-01 7.046301077496665011e-01
5.792447252687670245e-01 7.046301077496670562e-01
5.613325277714955597e-01 7.046301077496666121e-01
5.434203302742239838e-01 7.046301077496670562e-01
5.255081327769525190e-01 7.046301077496670562e-01
5.075959352796810542e-01 7.046301077496666121e-01
4.896837377824097004e-01 7.046301077496670562e-01
4.717715402851382356e-01 7.046301077496670562e-01
4.538593427878667708e-01 7.046301077496666121e-01
4.359471452905953615e-01 7.046301077496668341e-01
4.180349477933238966e-01 7.046301077496670562e-01
4.001227502960524318e-01 7.046301077496665011e-01
3.822105527987809670e-01 7.046301077496666121e-01
3.642983553015095577e-01 7.046301077496666121e-01
3.463861578042380929e-01 7.046301077496667231e-01
3.284739603069666281e-01 7.046301077496670562e-01
3.105617628096952187e-01 7.046301077496670562e-01
2.926495653124238094e-01 7.046301077496670562e-01
2.747373678151522891e-01 7.046301077496666121e-01
2.568251703178808798e-01 7.046301077496670562e-01
2.389129728206093595e-01 7.046301077496670562e-01
2.210007753233380057e-01 7.046301077496668341e-01
2.030885778260665409e-01 7.046301077496666121e-01
1.851763803287950205e-01 7.046301077496666121e-01
1.672641828315236667e-01 7.046301077496662790e-01
1.493519853342522019e-01 7.046301077496670562e-01
1.314397878369807371e-01 7.046301077496666121e-01
1.135275903397093833e-01 7.046301077496663900e-01
9.561539284243780745e-02 7.046301077496666121e-01
7.770319534516634263e-02 7.046301077496666121e-01
5.979099784789498884e-02 7.046301077496669452e-01
4.187880035062352402e-02 7.046301077496666121e-01
2.396660285335194818e-02 7.046301077496666121e-01
6.054405356080483358e-03 7.046301077496666121e-01
-1.185779214119087044e-02 7.046301077496670562e-01
-2.976998963846233526e-02 7.046301077496666121e-01
-4.768218713573380008e-02 7.046301077496670562e-01
-6.559438463300515387e-02 7.046301077496663900e-01
-8.350658213027661869e-02 7.046301077496666121e-01
-1.014187796275480835e-01 7.046301077496670562e-01
-1.193309771248194373e-01 7.046301077496665011e-01
-1.372431746220910131e-01 7.046301077496670562e-01
-1.551553721193624780e-01 7.046301077496670562e-01
-1.730675696166338318e-01 7.046301077496670562e-01
-1.909797671139052966e-01 7.046301077496666121e-01
-1.909797671139052966e-01 7.046301077496662790e-01
-1.909797671139052966e-01 7.046301077496662790e-01
-1.909797671139052966e-01 7.046301077496662790e-01
-1.909797671139052966e-01 7.046301077496662790e-01
-1.909797671139052966e-01 7.046301077496662790e-01
-1.909797671139052966e-01 7.046301077496662790e-01
-1.909797671139052966e-01 7.046301077496662790e-01
-1.909797671139052966e-01 7.046301077496662790e-01
-1.909797671139052966e-01 7.046301077496662790e-01
-1.909797671139052966e-01 7.046301077496662790e-01
-1.909797671139052966e-01 7.046301077496662790e-01
-1.909797671139052966e-01 7.046301077496662790e-01
-1.909797671139052966e-01 7.046301077496662790e-01
-1.909797671139052966e-01 7.046301077496662790e-01
-1.909797671139052966e-01 7.046301077496662790e-01
-1.909797671139052966e-01 7.046301077496662790e-01
-1.909797671139052966e-01 7.046301077496662790e-01
-1.909797671139052966e-01 7.046301077496662790e-01
-1.909797671139052966e-01 7.046301077496662790e-01
-1.909797671139052966e-01 7.046301077496662790e-01
-1.909797671139052966e-01 7.046301077496662790e-01
-1.909797671139052966e-01 7.046301077496662790e-01
-1.909797671139052966e-01 7.046301077496662790e-01
-1.909797671139052966e-01 7.046301077496662790e-01
-1.909797671139052966e-01 7.046301077496662790e-01
-1.909797671139052966e-01 7.046301077496662790e-01
-1.909797671139052966e-01 7.046301077496662790e-01
-1.909797671139052966e-01 7.046301077496662790e-01
-1.909797671139052966e-01 7.046301077496662790e-01
-1.909797671139052966e-01 7.046301077496662790e-01
-1.909797671139052966e-01 7.046301077496662790e-01
-1.909797671139052966e-01 7.046301077496662790e-01
-1.909797671139052966e-01 7.046301077496662790e-01
-1.909797671139052966e-01 7.046301077496662790e-01
-1.909797671139052966e-01 7.046301077496662790e-01
-1.909797671139052966e-01 7.046301077496662790e-01
-1.909797671139052966e-01 7.046301077496662790e-01
-1.909797671139052966e-01 7.046301077496662790e-01
-1.909797671139052966e-01 7.046301077496662790e-01
-1.909797671139052966e-01 7.046301077496662790e-01
-1.909797671139052966e-01 7.046301077496662790e-01
-1.909797671139052966e-01 7.046301077496662790e-01
-1.909797671139052966e-01 7.046301077496662790e-01
-1.909797671139052966e-01 7.046301077496662790e-01
-1.909797671139052966e-01 7.046301077496662790e-01
-1.909797671139052966e-01 7.046301077496662790e-01
-1.909797671139052966e-01 7.046301077496662790e-01
-1.909797671139052966e-01 7.046301077496662790e-01
-1.909797671139052966e-01 7.046301077496662790e-01
-1.909797671139052966e-01 7.046301077496662790e-01
-1.914847878884627930e-01 7.046301077496670562e-01
-1.919898086630202894e-01 7.046301077496670562e-01
-1.924948294375778968e-01 7.046301077496662790e-01
-1.929998502121352821e-01 7.046301077496666121e-01
-1.935048709866928895e-01 7.046301077496670562e-01
-1.940098917612502749e-01 7.046301077496670562e-01
-1.945149125358079933e-01 7.046301077496667231e-01
-1.950199333103653787e-01 7.046301077496670562e-01
-1.955249540849229861e-01 7.046301077496670562e-01
-1.960299748594803715e-01 7.046301077496666121e-01
-1.965349956340378679e-01 7.046301077496666121e-01
-1.970400164085953643e-01 7.046301077496666121e-01
-1.975450371831528606e-01 7.046301077496669452e-01
-1.980500579577104681e-01 7.046301077496670562e-01
-1.985550787322679644e-01 7.046301077496670562e-01
-1.990600995068254608e-01 7.046301077496670562e-01
-1.995651202813829572e-01 7.046301077496666121e-01
-2.000701410559404536e-01 7.046301077496670562e-01
-2.005751618304979500e-01 7.046301077496667231e-01
-2.010801826050554464e-01 7.046301077496666121e-01
-2.015852033796129428e-01 7.046301077496666121e-01
-2.020902241541705502e-01 7.046301077496666121e-01
-2.025952449287280466e-01 7.046301077496670562e-01
-2.031002657032854319e-01 7.046301077496666121e-01
-2.036052864778429283e-01 7.046301077496666121e-01
-2.041103072524005357e-01 7.046301077496666121e-01
-2.046153280269580321e-01 7.046301077496666121e-01
-2.051203488015154175e-01 7.046301077496666121e-01
-2.056253695760730249e-01 7.046301077496670562e-01
-2.061303903506305213e-01 7.046301077496666121e-01
-2.066354111251880177e-01 7.046301077496667231e-01
-2.071404318997455141e-01 7.046301077496670562e-01
-2.076454526743030105e-01 7.046301077496670562e-01
-2.081504734488606179e-01 7.046301077496670562e-01
-2.086554942234180032e-01 7.046301077496670562e-01
-2.091605149979756106e-01 7.046301077496666121e-01
-2.096655357725329960e-01 7.046301077496670562e-01
-2.101705565470904924e-01 7.046301077496666121e-01
-2.106755773216480998e-01 7.046301077496663900e-01
-2.111805980962055962e-01 7.046301077496670562e-01
-2.116856188707629816e-01 7.046301077496670562e-01
-2.121906396453207000e-01 7.046301077496666121e-01
-2.126956604198780854e-01 7.046301077496666121e-01
-2.132006811944355817e-01 7.046301077496670562e-01
-2.137057019689931892e-01 7.046301077496665011e-01
-2.142107227435506855e-01 7.046301077496670562e-01
-2.147157435181079599e-01 7.046301077496666121e-01
-2.152207642926655673e-01 7.046301077496661680e-01
-2.157257850672231747e-01 7.046301077496670562e-01
-2.162308058417806711e-01 7.046301077496666121e-01
-2.346480241136096323e-01 7.046301077496670562e-01
-2.530652423854384825e-01 7.046301077496666121e-01
-2.714824606572675547e-01 7.046301077496666121e-01
-2.898996789290965159e-01 7.046301077496666121e-01
-3.083168972009253661e-01 7.046301077496666121e-01
-3.267341154727544383e-01 7.046301077496670562e-01
-3.451513337445833995e-01 7.046301077496665011e-01
-3.635685520164122497e-01 7.046301077496662790e-01
-3.819857702882412109e-01 7.046301077496670562e-01
-4.004029885600701721e-01 7.046301077496670562e-01
-4.188202068318992444e-01 7.046301077496667231e-01
-4.372374251037279835e-01 7.046301077496670562e-01
-4.556546433755571668e-01 7.046301077496670562e-01
-4.740718616473859059e-01 7.046301077496669452e-01
-4.924890799192149782e-01 7.046301077496670562e-01
-5.109062981910439394e-01 7.046301077496670562e-01
-5.293235164628729006e-01 7.046301077496670562e-01
-5.477407347347019728e-01 7.046301077496668341e-01
-5.661579530065309340e-01 7.046301077496670562e-01
-5.845751712783596732e-01 7.046301077496665011e-01
-6.029923895501887454e-01 7.046301077496670562e-01
-6.214096078220177066e-01 7.046301077496670562e-01
-6.398268260938466678e-01 7.046301077496666121e-01
-6.582440443656757401e-01 7.046301077496662790e-01
-6.766612626375047013e-01 7.046301077496666121e-01
-6.950784809093334404e-01 7.046301077496669452e-01
-7.134956991811625127e-01 7.046301077496666121e-01
-7.319129174529914739e-01 7.046301077496665011e-01
-7.503301357248204351e-01 7.046301077496666121e-01
-7.687473539966495073e-01 7.046301077496665011e-01
-7.871645722684784685e-01 7.046301077496670562e-01
-8.055817905403072077e-01 7.046301077496670562e-01
-8.239990088121362799e-01 7.046301077496670562e-01
-8.424162270839652411e-01 7.046301077496670562e-01
-8.608334453557944244e-01 7.046301077496668341e-01
-8.792506636276230525e-01 7.046301077496670562e-01
-8.976678818994522357e-01 7.046301077496670562e-01
-9.160851001712809749e-01 7.046301077496665011e-01
-9.345023184431100471e-01 7.046301077496669452e-01
-9.529195367149390083e-01 7.046301077496670562e-01
-9.713367549867681916e-01 7.046301077496668341e-01
-9.897539732585967087e-01 7.046301077496669452e-01
-1.008171191530425670e+00 7.046301077496668341e-01
-1.026588409802254631e+00 7.046301077496670562e-01
-1.045005628074083592e+00 7.046301077496662790e-01
-1.063422846345912776e+00 7.046301077496668341e-01
-1.081840064617741959e+00 7.046301077496668341e-01
-1.100257282889570698e+00 7.046301077496665011e-01
-1.118674501161399437e+00 7.046301077496669452e-01
-1.137091719433228398e+00 7.046301077496667231e-01
-1.137091719433228398e+00 6.803081747779877730e-01
-1.137091719433228398e+00 6.559862418063084899e-01
-1.137091719433228398e+00 6.316643088346290957e-01
-1.137091719433228398e+00 6.073423758629500346e-01
-1.137091719433228398e+00 5.830204428912706405e-01
-1.137091719433228398e+00 5.586985099195913573e-01
-1.137091719433228398e+00 5.343765769479114081e-01
-1.137091719433228398e+00 5.100546439762325690e-01
-1.137091719433228398e+00 4.857327110045532859e-01
-1.137091719433228398e+00 4.614107780328738917e-01
-1.137091719433228398e+00 4.370888450611945530e-01
-1.137091719433228398e+00 4.127669120895151589e-01
-1.137091719433228398e+00 3.884449791178359868e-01
-1.137091719433228398e+00 3.641230461461565371e-01
-1.137091719433228398e+00 3.398011131744771429e-01
-1.137091719433228398e+00 3.154791802027978043e-01
-1.137091719433228398e+00 2.911572472311187432e-01
-1.137091719433228398e+00 2.668353142594392935e-01
-1.137091719433228398e+00 2.425133812877598993e-01
-1.137091719433228398e+00 2.181914483160807272e-01
-1.137091719433228398e+00 1.938695153444010832e-01
-1.137091719433228398e+00 1.695475823727218279e-01
-1.137091719433228398e+00 1.452256494010426557e-01
-1.137091719433228398e+00 1.209037164293633726e-01
-1.137091719433228398e+00 9.658178345768386741e-02
-1.137091719433228398e+00 7.225985048600469529e-02
-1.137091719433228398e+00 4.793791751432541215e-02
-1.137091719433228398e+00 2.361598454264590696e-02
-1.137091719433228398e+00 -7.059484290332651568e-04
-1.137091719433228398e+00 -2.502788140071261422e-02
-1.137091719433228398e+00 -4.934981437239194246e-02
-1.137091719433228398e+00 -7.367174734407133663e-02
-1.137091719433228398e+00 -9.799368031575061977e-02
-1.137091719433228398e+00 -1.223156132874297919e-01
-1.137091719433228398e+00 -1.466375462591091861e-01
-1.137091719433228398e+00 -1.709594792307885802e-01
-1.137091719433228398e+00 -1.952814122024679744e-01
-1.137091719433228398e+00 -2.196033451741472575e-01
-1.137091719433228398e+00 -2.439252781458266517e-01
-1.137091719433228398e+00 -2.682472111175057128e-01
-1.137091719433228398e+00 -2.925691440891851069e-01
-1.137091719433228398e+00 -3.168910770608643901e-01
-1.137091719433228398e+00 -3.412130100325438953e-01
-1.137091719433228398e+00 -3.655349430042231784e-01
-1.137091719433228398e+00 -3.898568759759023505e-01
-1.137091719433228398e+00 -4.141788089475817447e-01
-1.137091719433228398e+00 -4.385007419192612499e-01
-1.137091719433228398e+00 -4.628226748909405330e-01
-1.137091719433228398e+00 -4.871446078626197052e-01
-1.137091719433228398e+00 -5.114665408342987662e-01
-1.137091719433228398e+00 -5.114665422817801232e-01
-1.137091719433228398e+00 -5.114665437912528922e-01
-1.137091719433228398e+00 -5.114665453667878170e-01
-1.137091719433228398e+00 -5.114665470128183511e-01
-1.137091719433228398e+00 -5.114665487341836236e-01
-1.137091719433228398e+00 -5.114665505361771780e-01
-1.137091719433228398e+00 -5.114665524245993744e-01
-1.137091719433228398e+00 -5.114665544058214497e-01
-1.137091719433228398e+00 -5.114665564868567937e-01
-1.137091719433228398e+00 -5.114665586754407745e-01
-1.137091719433228398e+00 -5.114665609801346546e-01
-1.137091719433228398e+00 -5.114665634104288428e-01
-1.137091719433228398e+00 -5.114665659768777850e-01
-1.137091719433228398e+00 -5.114665686912537312e-01
-1.137091719433228398e+00 -5.114665715667261470e-01
-1.137091719433228398e+00 -5.114665746180752093e-01
-1.137091719433228398e+00 -5.114665778619438274e-01
-1.137091719433228398e+00 -5.114665813171478392e-01
-1.137091719433228398e+00 -5.114665850050337248e-01
-1.137091719433228398e+00 -5.114665889499263596e-01
-1.137091719433228398e+00 -5.114665931796593679e-01
-1.137091719433228398e+00 -5.114665977262404795e-01
-1.137091719433228398e+00 -5.114666026266565524e-01
-1.137091719433228398e+00 -5.114666079238850971e-01
-1.137091719433228398e+00 -5.114666136681591535e-01
-1.137091719433228398e+00 -5.114666199185615714e-01
-1.137091719433228398e+00 -5.114666267450668213e-01
-1.137091719433228398e+00 -5.114666342311752212e-01
-1.137091719433228398e+00 -5.114666424773364195e-01
-1.137091719433228398e+00 -5.114666516054939827e-01
-1.137091719433228398e+00 -5.114666617651475455e-01
-1.137091719433228398e+00 -5.114666731416070977e-01
-1.137091719433228398e+00 -5.114666859674007471e-01
-1.137091719433228398e+00 -5.114667005383330967e-01
-1.137091719433228398e+00 -5.114667172365834347e-01
-1.137091719433228398e+00 -5.114667365647087571e-01
-1.137091719433228398e+00 -5.114667591971018279e-01
-1.137091719433228398e+00 -5.114667860602882810e-01
-1.137091719433228398e+00 -5.114668184629072023e-01
-1.137091719433228398e+00 -5.114668583153481052e-01
-1.137091719433228398e+00 -5.114669085205482135e-01
-1.137091719433228398e+00 -5.114669737148170858e-01
-1.137091719433228398e+00 -5.114670617886158954e-01
-1.137091719433228620e+00 -5.114671873491776211e-01
-1.137091719433228620e+00 -5.114673807996861221e-01
-1.137091719433228620e+00 -5.114677176015275384e-01
-1.137091719433228620e+00 -5.114684508691268450e-01
-1.137091719433228620e+00 -5.114712816522017924e-01
-1.137091719433228398e+00 -5.189977299933740129e-01
-1.137091719433228620e+00 -5.439609330462658043e-01
-1.137091719433228620e+00 -5.439609330462659154e-01
-1.137091719433228620e+00 -5.439609330462659154e-01
-1.137091719433228620e+00 -5.439609330462651382e-01
-1.137091719433228620e+00 -5.439609330462656933e-01
-1.137091719433228620e+00 -5.439609330462654713e-01
-1.137091719433228620e+00 -5.439609330462659154e-01
-1.137091719433228620e+00 -5.439609330462656933e-01
-1.137091719433228620e+00 -5.439609330462656933e-01
-1.137091719433228620e+00 -5.439609330462658043e-01
-1.137091719433228620e+00 -5.439609330462660264e-01
-1.137091719433228620e+00 -5.439609330462651382e-01
-1.137091719433228620e+00 -5.439609330462655823e-01
-1.137091719433228620e+00 -5.439609330462658043e-01
-1.137091719433228620e+00 -5.439609330462654713e-01
-1.137091719433228620e+00 -5.439609330462656933e-01
-1.137091719433228620e+00 -5.439609330462653602e-01
-1.137091719433228620e+00 -5.439609330462661374e-01
-1.137091719433228620e+00 -5.439609330462654713e-01
-1.137091719433228620e+00 -5.439609330462654713e-01
-1.137091719433228620e+00 -5.439609330462653602e-01
-1.137091719433228620e+00 -5.439609330462662484e-01
-1.137091719433228620e+00 -5.439609330462655823e-01
-1.137091719433228620e+00 -5.439609330462658043e-01
-1.137091719433228620e+00 -5.439609330462654713e-01
-1.137091719433228620e+00 -5.439609330462656933e-01
-1.137091719433228620e+00 -5.439609330462659154e-01
-1.137091719433228620e+00 -5.439609330462653602e-01
-1.137091719433228620e+00 -5.439609330462661374e-01
-1.137091719433228620e+00 -5.439609330462652492e-01
-1.137091719433228620e+00 -5.439609330462656933e-01
-1.137091719433228620e+00 -5.439609330462655823e-01
-1.137091719433228620e+00 -5.439609330462654713e-01
-1.137091719433228620e+00 -5.439609330462660264e-01
-1.137091719433228620e+00 -5.439609330462654713e-01
-1.137091719433228620e+00 -5.439609330462655823e-01
-1.137091719433228620e+00 -5.439609330462654713e-01
-1.137091719433228620e+00 -5.439609330462658043e-01
-1.137091719433228620e+00 -5.439609330462654713e-01
-1.137091719433228620e+00 -5.439609330462654713e-01
-1.137091719433228620e+00 -5.439609330462656933e-01
-1.137091719433228620e+00 -5.439609330462663594e-01
-1.137091719433228620e+00 -5.439609330462652492e-01
-1.137091719433228620e+00 -5.439609330462656933e-01
-1.137091719433228620e+00 -5.439609330462655823e-01
-1.137091719433228620e+00 -5.439609330462659154e-01
-1.137091719433228620e+00 -5.439609330462655823e-01
-1.137091719433228620e+00 -5.439609330462654713e-01
-1.137091719433228620e+00 -5.439609330462652492e-01
-1.137091719433228620e+00 -5.439609330462661374e-01
-1.137091719433228620e+00 -5.439609330462671366e-01
-1.137091719433228620e+00 -5.439609330462672476e-01
-1.137091719433228620e+00 -5.439609330462672476e-01
-1.137091719433228620e+00 -5.439609330462672476e-01
-1.137091719433228398e+00 -5.439609330462671366e-01
-1.137091719433228398e+00 -5.439609330462670256e-01
-1.137091719433228398e+00 -5.439609330462672476e-01
-1.137091719433228398e+00 -5.439609330462671366e-01
-1.137091719433228398e+00 -5.439609330462669146e-01
-1.137091719433228398e+00 -5.439609330462673586e-01
-1.137091719433228398e+00 -5.439609330462670256e-01
-1.137091719433228398e+00 -5.439609330462670256e-01
-1.137091719433228398e+00 -5.439609330462672476e-01
-1.137091719433228398e+00 -5.439609330462670256e-01
-1.137091719433228398e+00 -5.439609330462670256e-01
-1.137091719433228398e+00 -5.439609330462669146e-01
-1.137091719433228398e+00 -5.439609330462672476e-01
-1.137091719433228398e+00 -5.439609330462671366e-01
-1.137091719433228398e+00 -5.439609330462671366e-01
-1.137091719433228398e+00 -5.439609330462671366e-01
-1.137091719433228398e+00 -5.439609330462671366e-01
-1.137091719433228398e+00 -5.439609330462670256e-01
-1.137091719433228398e+00 -5.439609330462672476e-01
-1.137091719433228398e+00 -5.439609330462673586e-01
-1.137091719433228398e+00 -5.439609330462672476e-01
-1.137091719433228398e+00 -5.439609330462671366e-01
-1.137091719433228398e+00 -5.439609330462672476e-01
-1.137091719433228398e+00 -5.439609330462671366e-01
-1.137091719433228398e+00 -5.439609330462670256e-01
-1.137091719433228398e+00 -5.439609330462670256e-01
-1.137091719433228398e+00 -5.439609330462669146e-01
-1.137091719433228398e+00 -5.439609330462674697e-01
-1.137091719433228398e+00 -5.439609330462672476e-01
-1.137091719433228398e+00 -5.439609330462672476e-01
-1.137091719433228398e+00 -5.439609330462669146e-01
-1.137091719433228398e+00 -5.439609330462669146e-01
-1.137091719433228398e+00 -5.439609330462671366e-01
-1.137091719433228398e+00 -5.439609330462671366e-01
-1.137091719433228398e+00 -5.439609330462670256e-01
-1.137091719433228398e+00 -5.439609330462670256e-01
-1.137091719433228398e+00 -5.439609330462672476e-01
-1.137091719433228398e+00 -5.439609330462669146e-01
-1.137091719433228398e+00 -5.439609330462672476e-01
-1.137091719433228398e+00 -5.439609330462673586e-01
-1.137091719433228398e+00 -5.439609330462670256e-01
-1.137091719433228398e+00 -5.439609330462669146e-01
-1.137091719433228398e+00 -5.439609330462670256e-01
-1.137091719433228398e+00 -5.439609330462669146e-01
-1.137091719433228398e+00 -5.439609330462672476e-01
-1.137091719433228398e+00 -5.439609330462671366e-01
-1.137091719433228398e+00 -5.439609330462672476e-01
-1.137091719433228398e+00 -5.439609330462672476e-01
-1.137091719433228398e+00 -5.439609330462670256e-01
-1.137091719433228398e+00 -5.439609330462669146e-01
-1.137091719433228398e+00 -5.439609330462669146e-01
-1.137091719433228398e+00 -5.439609330462675807e-01
-1.137091719433228398e+00 -5.439609330462671366e-01
-1.137091719433228398e+00 -5.439609330462671366e-01
-1.137091719433228398e+00 -5.439609330462670256e-01
-1.137091719433228398e+00 -5.439609330462671366e-01
-1.137091719433228398e+00 -5.439609330462671366e-01
-1.137091719433228398e+00 -5.439609330462669146e-01
-1.137091719433228398e+00 -5.439609330462669146e-01
-1.137091719433228398e+00 -5.439609330462669146e-01
-1.137091719433228398e+00 -5.439609330462672476e-01
-1.137091719433228398e+00 -5.439609330462672476e-01
-1.137091719433228398e+00 -5.439609330462668035e-01
-1.137091719433228398e+00 -5.439609330462669146e-01
-1.137091719433228398e+00 -5.439609330462669146e-01
-1.137091719433228398e+00 -5.439609330462670256e-01
-1.137091719433228398e+00 -5.439609330462671366e-01
-1.137091719433228398e+00 -5.439609330462669146e-01
-1.137091719433228398e+00 -5.439609330462673586e-01
-1.137091719433228398e+00 -5.439609330462670256e-01
-1.137091719433228398e+00 -5.439609330462673586e-01
-1.137091719433228398e+00 -5.439609330462675807e-01
-1.137091719433228398e+00 -5.439609330462672476e-01
-1.137091719433228398e+00 -5.439609330462671366e-01
-1.137091719433228398e+00 -5.439609330462673586e-01
-1.137091719433228398e+00 -5.439609330462670256e-01
-1.137091719433228398e+00 -5.439609330462669146e-01
-1.137091719433228398e+00 -5.439609330462678027e-01
-1.137091719433228398e+00 -5.439609330462671366e-01
-1.137091719433228398e+00 -5.439609330462671366e-01
-1.137091719433228398e+00 -5.439609330462670256e-01
-1.137091719433228398e+00 -5.439609330462673586e-01
-1.137091719433228398e+00 -5.439609330462671366e-01
-1.137091719433228398e+00 -5.439609330462671366e-01
-1.137091719433228398e+00 -5.439609330462672476e-01
-1.137091719433228398e+00 -5.439609330462669146e-01
-1.137091719433228398e+00 -5.439609330462671366e-01
-1.137091719433228398e+00 -5.439609330462670256e-01
-1.137091719433228398e+00 -5.439609330462672476e-01
-1.137091719433228398e+00 -5.439609330462671366e-01
-1.137091719433228398e+00 -5.439609330462672476e-01
-1.137091719433228398e+00 -5.439609330462672476e-01
-1.137091719433228398e+00 -5.439609330462671366e-01
-1.137091719433228398e+00 -5.439609330462669146e-01
-1.137091719433228398e+00 -5.439609330462669146e-01
-1.137091719433228398e+00 -5.439609330462671366e-01
-1.137091719433228398e+00 -5.439609330462670256e-01
-1.137091719433228398e+00 -5.439609330462673586e-01
-1.137091719433228398e+00 -5.439609330462673586e-01
-1.137091719433228398e+00 -5.439609330462673586e-01
-1.137091719433228398e+00 -5.439609330462673586e-01
-1.137091719433228398e+00 -5.439609330462673586e-01
-1.137091719433228398e+00 -5.439609330462673586e-01
-1.137091719433228398e+00 -5.439609330462673586e-01
-1.137091719433228398e+00 -5.439609330462673586e-01
-1.137091719433228398e+00 -5.439609330462673586e-01
-1.137091719433228398e+00 -5.439609330462673586e-01
-1.137091719433228398e+00 -5.439609330462673586e-01
-1.137091719433228398e+00 -5.439609330462673586e-01
-1.137091719433228398e+00 -5.439609330462673586e-01
-1.137091719433228398e+00 -5.439609330462673586e-01
-1.137091719433228398e+00 -5.439609330462673586e-01
-1.137091719433228398e+00 -5.439609330462673586e-01
-1.137091719433228398e+00 -5.439609330462673586e-01
-1.137091719433228398e+00 -5.439609330462673586e-01
-1.137091719433228398e+00 -5.439609330462673586e-01
-1.137091719433228398e+00 -5.439609330462673586e-01
-1.137091719433228398e+00 -5.439609330462673586e-01
-1.137091719433228398e+00 -5.439609330462673586e-01
-1.137091719433228398e+00 -5.439609330462673586e-01
-1.137091719433228398e+00 -5.439609330462673586e-01
-1.137091719433228398e+00 -5.439609330462673586e-01
-1.137091719433228398e+00 -5.439609330462673586e-01
-1.137091719433228398e+00 -5.439609330462673586e-01
-1.137091719433228398e+00 -5.439609330462673586e-01
-1.137091719433228398e+00 -5.439609330462673586e-01
-1.137091719433228398e+00 -5.439609330462673586e-01
-1.137091719433228398e+00 -5.439609330462673586e-01
-1.137091719433228398e+00 -5.439609330462673586e-01
-1.137091719433228398e+00 -5.439609330462673586e-01
-1.137091719433228398e+00 -5.439609330462673586e-01
-1.137091719433228398e+00 -5.439609330462673586e-01
-1.137091719433228398e+00 -5.439609330462673586e-01
-1.137091719433228398e+00 -5.439609330462673586e-01
-1.137091719433228398e+00 -5.439609330462673586e-01
-1.137091719433228398e+00 -5.439609330462673586e-01
-1.137091719433228398e+00 -5.439609330462673586e-01
-1.137091719433228398e+00 -5.439609330462673586e-01
-1.137091719433228398e+00 -5.439609330462673586e-01
-1.137091719433228398e+00 -5.439609330462673586e-01
-1.137091719433228398e+00 -5.439609330462673586e-01
-1.137091719433228398e+00 -5.439609330462673586e-01
-1.137091719433228398e+00 -5.439609330462673586e-01
-1.137091719433228398e+00 -5.439609330462673586e-01
-1.137091719433228398e+00 -5.439609330462673586e-01
-1.137091719433228398e+00 -5.439609330462673586e-01
-1.137091719433228398e+00 -5.439609330462673586e-01
-1.137091719433228398e+00 -5.439609330462669146e-01
-1.137091719433228398e+00 -5.439609330462670256e-01
-1.137091719433228398e+00 -5.439609330462670256e-01
-1.137091719433228398e+00 -5.439609330462670256e-01
-1.137091719433228398e+00 -5.439609330462671366e-01
-1.137091719433228398e+00 -5.439609330462670256e-01
-1.137091719433228398e+00 -5.439609330462673586e-01
-1.137091719433228398e+00 -5.439609330462672476e-01
-1.137091719433228398e+00 -5.439609330462671366e-01
-1.137091719433228398e+00 -5.439609330462672476e-01
-1.137091719433228398e+00 -5.439609330462673586e-01
-1.137091719433228398e+00 -5.439609330462671366e-01
-1.137091719433228398e+00 -5.439609330462669146e-01
-1.137091719433228398e+00 -5.439609330462670256e-01
-1.137091719433228398e+00 -5.439609330462669146e-01
-1.137091719433228398e+00 -5.439609330462673586e-01
-1.137091719433228398e+00 -5.439609330462669146e-01
-1.137091719433228398e+00 -5.439609330462671366e-01
-1.137091719433228398e+00 -5.439609330462671366e-01
-1.137091719433228398e+00 -5.439609330462671366e-01
-1.137091719433228398e+00 -5.439609330462670256e-01
-1.137091719433228398e+00 -5.439609330462672476e-01
-1.137091719433228398e+00 -5.439609330462670256e-01
-1.137091719433228398e+00 -5.439609330462672476e-01
-1.137091719433228398e+00 -5.439609330462671366e-01
-1.137091719433228398e+00 -5.439609330462672476e-01
-1.137091719433228398e+00 -5.439609330462671366e-01
-1.137091719433228398e+00 -5.439609330462669146e-01
-1.137091719433228398e+00 -5.439609330462671366e-01
-1.137091719433228398e+00 -5.439609330462673586e-01
-1.137091719433228398e+00 -5.439609330462671366e-01
-1.137091719433228398e+00 -5.439609330462668035e-01
-1.137091719433228398e+00 -5.439609330462671366e-01
-1.137091719433228398e+00 -5.439609330462671366e-01
-1.137091719433228398e+00 -5.439609330462669146e-01
-1.137091719433228398e+00 -5.439609330462676917e-01
-1.137091719433228398e+00 -5.439609330462672476e-01
-1.137091719433228398e+00 -5.439609330462671366e-01
-1.137091719433228398e+00 -5.439609330462671366e-01
-1.137091719433228398e+00 -5.439609330462670256e-01
-1.137091719433228398e+00 -5.439609330462670256e-01
-1.137091719433228398e+00 -5.439609330462671366e-01
-1.137091719433228398e+00 -5.439609330462673586e-01
-1.137091719433228398e+00 -5.439609330462669146e-01
-1.137091719433228398e+00 -5.439609330462672476e-01
-1.137091719433228398e+00 -5.439609330462670256e-01
-1.137091719433228398e+00 -5.439609330462671366e-01
-1.137091719433228398e+00 -5.439609330462672476e-01
-1.137091719433228398e+00 -5.439609330462668035e-01
-1.137091719433228398e+00 -5.439609330462670256e-01
-1.137091719433228398e+00 -5.439609330462671366e-01
-1.137091719433228398e+00 -5.439609330462672476e-01
-1.137091719433228398e+00 -5.439609330462675807e-01
-1.137091719433228398e+00 -5.439609330462671366e-01
-1.137091719433228398e+00 -5.439609330462671366e-01
-1.137091719433228398e+00 -5.439609330462671366e-01
-1.137091719433228398e+00 -5.439609330462669146e-01
-1.137091719433228398e+00 -5.439609330462670256e-01
-1.137091719433228398e+00 -5.439609330462672476e-01
-1.137091719433228398e+00 -5.439609330462673586e-01
-1.137091719433228398e+00 -5.439609330462672476e-01
-1.137091719433228398e+00 -5.439609330462670256e-01
-1.137091719433228398e+00 -5.439609330462673586e-01
-1.137091719433228398e+00 -5.439609330462671366e-01
-1.137091719433228398e+00 -5.439609330462669146e-01
-1.137091719433228398e+00 -5.439609330462670256e-01
-1.137091719433228398e+00 -5.439609330462674697e-01
-1.137091719433228398e+00 -5.439609330462669146e-01
-1.137091719433228398e+00 -5.439609330462673586e-01
-1.137091719433228398e+00 -5.439609330462672476e-01
-1.137091719433228398e+00 -5.439609330462671366e-01
-1.137091719433228398e+00 -5.439609330462670256e-01
-1.137091719433228398e+00 -5.439609330462674697e-01
-1.137091719433228398e+00 -5.439609330462673586e-01
-1.137091719433228398e+00 -5.439609330462672476e-01
-1.137091719433228398e+00 -5.439609330462671366e-01
-1.137091719433228398e+00 -5.439609330462672476e-01
-1.137091719433228398e+00 -5.439609330462672476e-01
-1.137091719433228398e+00 -5.439609330462670256e-01
-1.137091719433228398e+00 -5.439609330462670256e-01
-1.137091719433228398e+00 -5.439609330462670256e-01
-1.137091719433228398e+00 -5.439609330462678027e-01
-1.137091719433228398e+00 -5.439609330462673586e-01
-1.137091719433228398e+00 -5.439609330462673586e-01
-1.137091719433228398e+00 -5.439609330462671366e-01
-1.137091719433228398e+00 -5.439609330462672476e-01
-1.137091719433228398e+00 -5.439609330462669146e-01
-1.137091719433228398e+00 -5.439609330462672476e-01
-1.137091719433228398e+00 -5.439609330462671366e-01
-1.137091719433228398e+00 -5.439609330462670256e-01
-1.137091719433228398e+00 -5.439609330462672476e-01
-1.137091719433228398e+00 -5.439609330462671366e-01
-1.137091719433228398e+00 -5.439609330462669146e-01
-1.137091719433228398e+00 -5.439609330462669146e-01
-1.137091719433228398e+00 -5.439609330462669146e-01
-1.137091719433228398e+00 -5.439609330462670256e-01
-1.137091719433228398e+00 -5.439609330462671366e-01
-1.137091719433228398e+00 -5.439609330462670256e-01
-1.137091719433228398e+00 -5.439609330462671366e-01
-1.137091719433228398e+00 -5.439609330462668035e-01
-1.137091719433228398e+00 -5.439609330462672476e-01
-1.137091719433228398e+00 -5.439609330462671366e-01
-1.137091719433228842e+00 -5.439609330462671366e-01
-1.137091719433228620e+00 -5.439609330462670256e-01
-1.137091719433228842e+00 -5.439609330462672476e-01
-1.137091719433228620e+00 -5.439609330462669146e-01
-1.137091719433228620e+00 -5.439609330462673586e-01
-1.137091719433228398e+00 -5.439609330462668035e-01
-1.137091719433228620e+00 -5.439609330462673586e-01
-1.137091719433228842e+00 -5.439609330462674697e-01
-1.137091719433228620e+00 -5.439609330462672476e-01
-1.137091719433228620e+00 -5.439609330462673586e-01
-1.137091719433228398e+00 -5.439609330462671366e-01
-1.137091719433228398e+00 -5.439609330462670256e-01
-1.137091719433228842e+00 -5.439609330462672476e-01
-1.137091719433228398e+00 -5.439609330462671366e-01
-1.137091719433228620e+00 -5.439609330462671366e-01
-1.137091719433228398e+00 -5.439609330462673586e-01
-1.137091719433228398e+00 -5.439609330462670256e-01
-1.137091719433228398e+00 -5.439609330462671366e-01
-1.137091719433228398e+00 -5.439609330462671366e-01
-1.137091719433228620e+00 -5.439609330462669146e-01
-1.137091719433228398e+00 -5.439609330462673586e-01
-1.137091719433228620e+00 -5.439609330462673586e-01
-1.137091719433228620e+00 -5.439609330462671366e-01
-1.137091719433228398e+00 -5.439609330462670256e-01
-1.137091719433228620e+00 -5.439609330462671366e-01
-1.137091719433228842e+00 -5.439609330462670256e-01
-1.137091719433228620e+00 -5.439609330462671366e-01
-1.137091719433228398e+00 -5.439609330462669146e-01
-1.137091719433228398e+00 -5.439609330462671366e-01
-1.137091719433228398e+00 -5.439609330462669146e-01
-1.137091719433228620e+00 -5.439609330462669146e-01
-1.137091719433228620e+00 -5.439609330462669146e-01
-1.137091719433228398e+00 -5.439609330462671366e-01
-1.137091719433228620e+00 -5.439609330462672476e-01
-1.137091719433228398e+00 -5.439609330462671366e-01
-1.137091719433228620e+00 -5.439609330462669146e-01
-1.137091719433228620e+00 -5.439609330462670256e-01
-1.137091719433228842e+00 -5.439609330462670256e-01
-1.137091719433228398e+00 -5.439609330462670256e-01
-1.137091719433228842e+00 -5.439609330462670256e-01
-1.137091719433228398e+00 -5.439609330462672476e-01
-1.137091719433228620e+00 -5.439609330462670256e-01
-1.137091719433228398e+00 -5.439609330462670256e-01
-1.137091719433228398e+00 -5.439609330462674697e-01
-1.137091719433228620e+00 -5.439609330462670256e-01
-1.137091719433228398e+00 -5.439609330462672476e-01
-1.137091719433228398e+00 -5.439609330462673586e-01
-1.137091719433228842e+00 -5.439609330462671366e-01
-1.137091719433228398e+00 -5.439609330462670256e-01
-1.137091719433228620e+00 -5.439609330462672476e-01
-1.137091719433228842e+00 -5.439609330462671366e-01
-1.137091719433228620e+00 -5.439609330462671366e-01
-1.137091719433228620e+00 -5.439609330462671366e-01
-1.137091719433228620e+00 -5.439609330462670256e-01
-1.137091719433228620e+00 -5.439609330462671366e-01
-1.137091719433228620e+00 -5.439609330462671366e-01
-1.137091719433228398e+00 -5.439609330462669146e-01
-1.137091719433228842e+00 -5.439609330462671366e-01
-1.137091719433228842e+00 -5.439609330462671366e-01
-1.137091719433228398e+00 -5.439609330462670256e-01
-1.137091719433228620e+00 -5.439609330462671366e-01
-1.137091719433228842e+00 -5.439609330462670256e-01
-1.137091719433228398e+00 -5.439609330462669146e-01
-1.137091719433228842e+00 -5.439609330462673586e-01
-1.137091719433228398e+00 -5.439609330462670256e-01
-1.137091719433228620e+00 -5.439609330462670256e-01
-1.137091719433228620e+00 -5.439609330462670256e-01
-1.137091719433228398e+00 -5.439609330462672476e-01
-1.137091719433228398e+00 -5.439609330462671366e-01
-1.137091719433228620e+00 -5.439609330462670256e-01
-1.137091719433228842e+00 -5.439609330462669146e-01
-1.137091719433228398e+00 -5.439609330462670256e-01
-1.137091719433228620e+00 -5.439609330462671366e-01
-1.137091719433228842e+00 -5.439609330462671366e-01
-1.137091719433228620e+00 -5.439609330462671366e-01
-1.137091719433228842e+00 -5.439609330462671366e-01
-1.137091719433228842e+00 -5.439609330462675807e-01
-1.137091719433228842e+00 -5.439609330462668035e-01
-1.137091719433228842e+00 -5.439609330462670256e-01
-1.137091719433228842e+00 -5.439609330462669146e-01
-1.137091719433228842e+00 -5.439609330462673586e-01
-1.137091719433228842e+00 -5.439609330462672476e-01
-1.137091719433228398e+00 -5.439609330462671366e-01
-1.137091719433228620e+00 -5.439609330462672476e-01
-1.137091719433228620e+00 -5.439609330462672476e-01
-1.137091719433228620e+00 -5.439609330462672476e-01
-1.137091719433228842e+00 -5.439609330462671366e-01
-1.137091719433228620e+00 -5.439609330462670256e-01
-1.137091719433228620e+00 -5.439609330462670256e-01
-1.137091719433228398e+00 -5.439609330462670256e-01
-1.137091719433228842e+00 -5.439609330462669146e-01
-1.137091719433228620e+00 -5.439609330462675807e-01
-1.137091719433228842e+00 -5.439609330462671366e-01
-1.137091719433228620e+00 -5.439609330462672476e-01
-1.137091719433228842e+00 -5.439609330462671366e-01
-1.137091719433228842e+00 -5.439609330462670256e-01
-1.137091719433228842e+00 -5.439609330462670256e-01
-1.137091719433228620e+00 -5.439609330462669146e-01
-1.137091719433228398e+00 -5.439609330462671366e-01
-1.137091719433228842e+00 -5.439609330462671366e-01
-1.137091719433228620e+00 -5.439609330462670256e-01
-1.137091719433228620e+00 -5.439609330462673586e-01
-1.137091719433228620e+00 -5.439609330462671366e-01
-1.137091719433228842e+00 -5.439609330462673586e-01
-1.137091719433228842e+00 -5.439609330462673586e-01
-1.137091719433228398e+00 -5.439609330462671366e-01
-1.137091719433228398e+00 -5.439609330462670256e-01
-1.137091719433228842e+00 -5.439609330462670256e-01
-1.137091719433228398e+00 -5.439609330462668035e-01
-1.137091719433228620e+00 -5.439609330462669146e-01
-1.137091719433228842e+00 -5.439609330462671366e-01
-1.137091719433228398e+00 -5.439609330462669146e-01
-1.137091719433228620e+00 -5.439609330462671366e-01
-1.137091719433228842e+00 -5.439609330462669146e-01
-1.137091719433228842e+00 -5.439609330462671366e-01
-1.137091719433228620e+00 -5.439609330462672476e-01
-1.137091719433228842e+00 -5.439609330462671366e-01
-1.137091719433228842e+00 -5.439609330462670256e-01
-1.137091719433228842e+00 -5.439609330462669146e-01
-1.137091719433228620e+00 -5.439609330462671366e-01
-1.137091719433228398e+00 -5.439609330462671366e-01
-1.137091719433228620e+00 -5.439609330462672476e-01
-1.137091719433228620e+00 -5.439609330462665815e-01
-1.137091719433228842e+00 -5.439609330462671366e-01
-1.137091719433228620e+00 -5.439609330462671366e-01
-1.137091719433228620e+00 -5.439609330462671366e-01
-1.137091719433228842e+00 -5.439609330462671366e-01
-1.137091719433228842e+00 -5.439609330462672476e-01
-1.137091719433228620e+00 -5.439609330462669146e-01
-1.137091719433228620e+00 -5.439609330462668035e-01
-1.137091719433228620e+00 -5.439609330462670256e-01
-1.137091719433228620e+00 -5.439609330462671366e-01
-1.137091719433228842e+00 -5.439609330462669146e-01
-1.137091719433228398e+00 -5.439609330462671366e-01
-1.137091719433228620e+00 -5.439609330462670256e-01
-1.137091719433228842e+00 -5.439609330462669146e-01
-1.137091719433228842e+00 -5.439609330462669146e-01
-1.137091719433228398e+00 -5.439609330462671366e-01
-1.137091719433228620e+00 -5.439609330462672476e-01
-1.137091719433228842e+00 -5.439609330462669146e-01
-1.137091719433228620e+00 -5.439609330462672476e-01
-1.137091719433228620e+00 -5.439609330462673586e-01
-1.137091719433228842e+00 -5.439609330462671366e-01
-1.137091719433228620e+00 -5.439609330462670256e-01
-1.137091719433228620e+00 -5.439609330462668035e-01
-1.137091719433228620e+00 -5.439609330462670256e-01
-1.137091719433228842e+00 -5.439609330462672476e-01
-1.137091719433228620e+00 -5.439609330462670256e-01
-1.137091719433228620e+00 -5.439609330462670256e-01
-1.137091719433228620e+00 -5.439609330462675807e-01
-1.137091719433228620e+00 -5.439609330462671366e-01
-1.137091719433228842e+00 -5.439609330462674697e-01
-1.137091719433228842e+00 -5.439609330462670256e-01
-1.137091719433228842e+00 -5.439609330462671366e-01
-1.137091719433228620e+00 -5.439609330462671366e-01
-1.137091719433228842e+00 -5.439609330462671366e-01
-1.137091719433228842e+00 -5.439609330462672476e-01
-1.137091719433228842e+00 -5.439609330462670256e-01
-1.137091719433228842e+00 -5.439609330462669146e-01
-1.137091719433228620e+00 -5.439609330462669146e-01
-1.137091719433228842e+00 -5.439609330462669146e-01
-1.137091719433228620e+00 -5.439609330462672476e-01
-1.137091719433228620e+00 -5.439609330462669146e-01
-1.137091719433228842e+00 -5.439609330462669146e-01
-1.137091719433228842e+00 -5.439609330462671366e-01
-1.137091719433228620e+00 -5.439609330462670256e-01
-1.137091719433228842e+00 -5.439609330462671366e-01
-1.137091719433228620e+00 -5.439609330462669146e-01
-1.137091719433228842e+00 -5.439609330462674697e-01
-1.137091719433228842e+00 -5.439609330462669146e-01
-1.137091719433228842e+00 -5.439609330462669146e-01
-1.137091719433228842e+00 -5.439609330462670256e-01
-1.137091719433228842e+00 -5.439609330462671366e-01
-1.137091719433228620e+00 -5.439609330462669146e-01
-1.137091719433228398e+00 -5.439609330462669146e-01
-1.137091719433228842e+00 -5.439609330462669146e-01
-1.137091719433228620e+00 -5.439609330462671366e-01
-1.137091719433228842e+00 -5.439609330462671366e-01
-1.137091719433228842e+00 -5.439609330462670256e-01
-1.137091719433228842e+00 -5.439609330462671366e-01
-1.137091719433228620e+00 -5.439609330462668035e-01
-1.137091719433228620e+00 -5.439609330462671366e-01
-1.137091719433228842e+00 -5.439609330462674697e-01
-1.137091719433228620e+00 -5.439609330462669146e-01
-1.137091719433228620e+00 -5.439609330462669146e-01
-1.137091719433228842e+00 -5.439609330462673586e-01
-1.137091719433228620e+00 -5.439609330462674697e-01
-1.137091719433228620e+00 -5.439609330462672476e-01
-1.137091719433228842e+00 -5.439609330462670256e-01
-1.137091719433228620e+00 -5.439609330462669146e-01
-1.137091719433228620e+00 -5.439609330462670256e-01
-1.137091719433228842e+00 -5.439609330462679138e-01
-1.137091719433228620e+00 -5.439609330462671366e-01
-1.137091719433228620e+00 -5.439609330462673586e-01
-1.137091719433228620e+00 -5.439609330462670256e-01
-1.137091719433228842e+00 -5.439609330462670256e-01
-1.137091719433228842e+00 -5.439609330462672476e-01
-1.137091719433228842e+00 -5.439609330462672476e-01
