-2.008464315022316260e+00 -1.938641431481988420e+00 -1.710485744616654813e+00 -1.465962194923068340e+00 -1.412618878151884694e+00 -1.308926870011541732e+00 -9.015920452132489826e-01 -6.734363583479154869e-01 -6.036134748075874246e-01 -4.289128086543286811e-01 -3.755694918831447016e-01 -3.590899251140014514e-01 -3.057466083428170278e-01 -2.718774837428017399e-01 -2.020546002024741772e-01 -1.309342382486677336e-01 -7.759092147748358759e-02 2.610108666285951284e-02 1.669326282161022745e-01 2.706246363564455137e-01 3.239679531276298263e-01
-2.008464315022316704e+00 -1.938641431481987976e+00 -1.710485744616654591e+00 -1.465962194923068784e+00 -1.412618878151883806e+00 -1.308926870011541732e+00 -9.015920452132484275e-01 -6.734363583479147097e-01 -6.036134748075870915e-01 -4.289128086543287921e-01 -3.755694918831443130e-01 -3.590899251140013404e-01 -3.057466083428170278e-01 -2.718774837428016289e-01 -2.020546002024741217e-01 -1.309342382486677059e-01 -7.759092147748335166e-02 2.610108666285959611e-02 1.669326282161023300e-01 2.706246363564452362e-01 3.239679531276288826e-01
-2.008603380789777404e+00 -1.939011168690763842e+00 -1.710537065603842777e+00 -1.466169847398639314e+00 -1.412873616311714597e+00 -1.309043686392916239e+00 -9.229924883449311945e-01 -6.737609518531604280e-01 -6.036191755592690278e-01 -4.295965163793272201e-01 -3.756042833126038150e-01 -3.596492253178690257e-01 -3.077151498574766664e-01 -2.720485464664354480e-01 -2.020546824599676605e-01 -1.309406661525704951e-01 -7.760450648682208630e-02 2.609817785323929884e-02 1.668321857671755115e-01 2.705900732482375282e-01 3.238863601909900414e-01
-2.008366495812226926e+00 -1.938976982996487575e+00 -1.709932325178302959e+00 -1.466063156773477649e+00 -1.411658642442269906e+00 -1.305402646596063754e+00 -9.227771155780662982e-01 -6.737001549368135667e-01 -5.955869848866927052e-01 -4.290275818698467969e-01 -3.728453843760521913e-01 -3.595078664186426853e-01 -3.069824011723641943e-01 -2.241730220188594414e-01 -1.838430220657017999e-01 -8.146980911239282142e-02 5.449823689027363284e-03 2.859466394874917924e-02 1.706154358677584859e-01 2.720354927818935398e-01 3.249355374371698524e-01
-2.008218378859363717e+00 -1.938901949219949739e+00 -1.709483247971433917e+00 -1.465636206200764624e+00 -1.411595636383240482e+00 -1.305380288710439318e+00 -9.223959441826682371e-01 -6.735937845596108309e-01 -5.954534249736312956e-01 -4.282830137101626966e-01 -3.722857803350206884e-01 -3.584425844506450853e-01 -3.064326395766269195e-01 -2.238536958815184053e-01 -1.835380981221355068e-01 -7.855662673811363017e-02 8.983373467115840158e-03 1.427797124024287045e-01 1.709335833049196174e-01 3.242498480211514211e-01 4.636791772601059347e-01
-2.008161702343224775e+00 -1.938847558597749154e+00 -1.709427713815421690e+00 -1.459963640761857473e+00 -1.411393033555043086e+00 -1.305021548233396667e+00 -9.223311346198707072e-01 -6.735926226322749288e-01 -5.954512490491209453e-01 -4.270235384781117527e-01 -3.722139139430315491e-01 -3.527593278830118417e-01 -3.063980316075066157e-01 -2.231438244620783107e-01 -1.780791666470640799e-01 -7.805968516080100117e-02 1.605988649451892125e-02 1.433857874170740287e-01 2.673714695543094599e-01 4.586852481678778126e-01 6.063580146291454032e-01
-2.008223088859642402e+00 -1.939695902341886047e+00 -1.864645520562405734e+00 -1.482007026114464221e+00 -1.435841432516550054e+00 -1.305158321870336868e+00 -9.224092326211321691e-01 -6.740581818225955812e-01 -5.961973362503227847e-01 -4.271412261705550550e-01 -3.732879297612681779e-01 -3.530479973896112900e-01 -3.065656972349677933e-01 -2.231781130710899230e-01 -1.780807593927389298e-01 -7.806346619373419338e-02 1.574062831605184745e-02 1.432369197809538752e-01 2.669530735191275594e-01 4.582953509577172291e-01 6.060772401931440179e-01
-2.007928529911020554e+00 -1.939487546273347185e+00 -1.864339696596153395e+00 -1.481999745401679336e+00 -1.435405139453064693e+00 -1.304415800445799745e+00 -9.210791858130105147e-01 -6.618017903385757794e-01 -5.862348590355637157e-01 -4.233385089547040958e-01 -3.650836222497673700e-01 -3.459559201693740427e-01 -3.042565767603317428e-01 -2.231605100666021468e-01 -1.757672150527940236e-01 -7.671703242320634941e-02 1.591259729352365732e-02 1.434316873490305844e-01 2.670716538351539104e-01 4.583159033842946206e-01 6.062203605917861893e-01
-2.007617959853999601e+00 -1.939229438362912283e+00 -1.864122900065455335e+00 -1.481996921405501544e+00 -1.435400069590638816e+00 -1.302988786244051234e+00 -9.207933820401947855e-01 -6.602464538527347271e-01 -5.857998077467611031e-01 -4.208021308290710305e-01 -3.616131762776875203e-01 -3.456195442504520488e-01 -3.042556610096097680e-01 -2.217281613188190892e-01 -1.744379542371200520e-01 -5.963976396715396644e-02 1.649103240549469260e-02 1.463546307127254198e-01 4.356136078188492244e-01 5.540767931939186708e-01 6.554169315656297456e-01
-2.007605758527758688e+00 -1.939229300063569639e+00 -1.864110114473625179e+00 -1.481966723561784827e+00 -1.435370573795827998e+00 -1.302208825614872056e+00 -9.206255509271695781e-01 -6.430102589474796515e-01 -5.650458016601073163e-01 -4.100463949350985349e-01 -3.548033981281857319e-01 -3.339406387724220271e-01 -2.927749260453085256e-01 -2.161725419274038718e-01 -1.741057656687742261e-01 -5.940137273640117010e-02 1.749826323725111113e-02 1.464518382359150939e-01 4.357590473022682209e-01 5.541143496204041785e-01 6.554460615960465697e-01
-2.007329865322546869e+00 -1.938811592408629991e+00 -1.864106971043270944e+00 -1.481610256935824932e+00 -1.435358691314702506e+00 -1.302207389284484540e+00 -9.188921350151139089e-01 -6.305493732104235916e-01 -5.530721336506542185e-01 -4.099437402636479377e-01 -3.387775728132800812e-01 -3.221025651834439341e-01 -2.424824408998445813e-01 -2.151929950637161693e-01 -8.604361788347206219e-02 -4.208676051861126588e-02 2.641608263604401305e-02 1.560264710314390457e-01 4.375424055272092994e-01 5.543899628438735405e-01 6.555426792885968856e-01
-2.008225913309896082e+00 -1.939909989813736857e+00 -1.864566991653097361e+00 -1.491778539784371027e+00 -1.435706012995098257e+00 -1.351390975055367649e+00 -9.190564090587816093e-01 -6.308252412152727251e-01 -5.531759728198095694e-01 -4.100693917821516266e-01 -3.388069289500402759e-01 -3.229971928257375224e-01 -2.425001589723407847e-01 -2.153468386819733793e-01 -8.604613593256782433e-02 -4.244064368706623736e-02 2.555422446853104768e-02 1.557294887938258099e-01 4.375330255010899116e-01 5.543683572961812800e-01 6.553226351439924713e-01
-2.246417786946734108e+00 -1.952858550113737657e+00 -1.865423484566021139e+00 -1.493059805248234007e+00 -1.439773462793810133e+00 -1.351454918884685830e+00 -9.193130757330910674e-01 -6.308516923886740013e-01 -5.531969549242290451e-01 -4.114616074510843435e-01 -3.420501267284542513e-01 -3.230195205622614085e-01 -2.426716717680466318e-01 -2.155027889993740287e-01 -8.641961898847563828e-02 -4.266690188644062937e-02 2.550718464202526847e-02 1.557091011244498835e-01 4.372745355194844197e-01 5.543629014558734136e-01 6.551748887785505682e-01
-2.246344723729313930e+00 -1.951590270699594676e+00 -1.865422633676800945e+00 -1.493055162139248271e+00 -1.439773385969931763e+00 -1.351186523649156257e+00 -9.192392648549548850e-01 -6.282647951308401035e-01 -5.518109923795104788e-01 -4.099767874771204079e-01 -3.411017711530406893e-01 -3.072611530316726181e-01 -2.426248691612738206e-01 -9.558538866966484471e-02 -8.505435207893333183e-02 -2.134879864206183642e-02 3.389544288077049605e-02 1.696459959727453504e-01 4.390522837906482567e-01 5.544058336320114577e-01 6.570014262483481193e-01
-2.246337783274363620e+00 -1.951030614125038642e+00 -1.865422108268293355e+00 -1.492583185507952992e+00 -1.436752462574997669e+00 -1.350320474639618018e+00 -9.187660125729741889e-01 -6.260640657299897383e-01 -5.471543103466979252e-01 -4.048824878620981282e-01 -3.277305868620484786e-01 -3.046075172825882804e-01 -2.410868006726890056e-01 -9.548165086073087671e-02 -8.502221723134856246e-02 -2.085755868597062579e-02 3.401427297874567296e-02 1.697701237021441989e-01 4.391342858383317505e-01 5.544144770536705291e-01 6.570582813479662887e-01
-2.246886632646146076e+00 -1.953723195045610650e+00 -1.884575644456516041e+00 -1.586745623263798421e+00 -1.437405205058339464e+00 -1.364760543887415745e+00 -9.190494154378467950e-01 -6.261836651109048413e-01 -5.471657330860201229e-01 -4.057745602830009624e-01 -3.286668013302836977e-01 -3.048435212823727980e-01 -2.414745430489337874e-01 -9.548864038355084349e-02 -8.648529732509563361e-02 -2.118629741273048497e-02 3.400999632169061232e-02 1.696480815127854036e-01 4.390801535561046909e-01 5.535379013839528684e-01 6.569882090171887956e-01
-2.246857495192447374e+00 -1.953719683293427378e+00 -1.884146250780959875e+00 -1.586670014807307849e+00 -1.435022798144322653e+00 -1.364555315101101396e+00 -9.190372543445842757e-01 -6.261012277290437522e-01 -5.467089522770773868e-01 -4.048130259999456748e-01 -3.276814409450786725e-01 -3.047785428944128627e-01 -2.411940487413337109e-01 -9.426956448780915432e-02 -8.597820478874723671e-02 1.656570808446055851e-02 3.509443572562334634e-02 3.070276948860105048e-01 4.899818238625867628e-01 5.750494547041525850e-01 6.571658758469532957e-01
-2.248707356213494712e+00 -1.954414085546509305e+00 -1.888393359191173237e+00 -1.587195072887529479e+00 -1.521979865871642801e+00 -1.365546527209090089e+00 -9.205314285011686470e-01 -6.264594677868255967e-01 -5.477332093642355293e-01 -4.068530029200614351e-01 -3.337398833691876399e-01 -3.059001340082057041e-01 -2.412344574897640759e-01 -9.430664993428261589e-02 -8.600079593203588391e-02 1.654917793383260324e-02 3.442609396260310622e-02 3.067443374826086533e-01 4.899805059987564215e-01 5.747393065361924291e-01 6.571576386646634793e-01
-2.248684379644497078e+00 -1.954390055719157360e+00 -1.887937392378634449e+00 -1.586941936211291093e+00 -1.521448700068049220e+00 -1.365540408854364562e+00 -9.204600516120303721e-01 -6.172113306130208032e-01 -5.325901827785297638e-01 -4.050665173049576295e-01 -3.324279941895785240e-01 -3.042163766041803830e-01 -1.790735285060254811e-01 -8.637897839744219930e-02 -7.726122517838432402e-02 2.105164138750951694e-02 8.460748609464055492e-02 3.067446286979388370e-01 4.910254501920658377e-01 5.748262227325208196e-01 6.573736323770373868e-01
-2.263834915928788494e+00 -2.207184388573969258e+00 -1.889156611325434998e+00 -1.587128394587786540e+00 -1.523062150540482884e+00 -1.372995153853443284e+00 -9.263256217201594200e-01 -6.177189494234077705e-01 -5.330831949918882762e-01 -4.063770398050437493e-01 -3.349040386392031499e-01 -3.046612097136738306e-01 -1.791126366035710182e-01 -8.637902117341210440e-02 -7.921134615781669219e-02 2.058633504255743402e-02 8.459216723634370438e-02 3.067445415114610219e-01 4.910125801115202138e-01 5.746933379216874194e-01 6.573526464058822016e-01
-2.263664548981364266e+00 -2.206765443900834622e+00 -1.888946049787199710e+00 -1.586692884912311641e+00 -1.523007718057566962e+00 -1.372917542207595654e+00 -9.211702980511040639e-01 -6.174079417598272723e-01 -5.121885760923389208e-01 -3.600013171291351344e-01 -3.332077677224687950e-01 -2.368967251767759019e-01 -1.741522450253683851e-01 -8.600312996852195468e-02 -7.838515449371272203e-02 2.075123163574328633e-02 8.460384062297164609e-02 3.067734848911427559e-01 4.924794712345587078e-01 5.754813218376022554e-01 6.573527972249744167e-01
-2.263661125024518217e+00 -2.206756435981468201e+00 -1.888786271821030649e+00 -1.585391135635572102e+00 -1.522962688871263071e+00 -1.370123914096398998e+00 -9.209844016215895657e-01 -6.173893665391858576e-01 -5.119863957849158931e-01 -3.597452305076013768e-01 -3.329900400142700168e-01 -2.366342027378685042e-01 -1.615563707544459826e-01 -8.013592919021234051e-02 -3.134989993301280989e-03 7.695667426582600279e-02 1.761561185432654608e-01 3.162551272427507887e-01 4.961028070197667228e-01 5.755168858061744386e-01 6.709951518922023794e-01
-2.263280165856080384e+00 -2.206679195527694759e+00 -1.888678512586156488e+00 -1.585345666766761585e+00 -1.522959789563051336e+00 -1.370031302188513322e+00 -9.165083095781920708e-01 -5.767079256598647286e-01 -5.049891942093215347e-01 -3.571983983039115351e-01 -2.628163768075146289e-01 -2.202348473402935825e-01 -1.502317918170311684e-01 -7.629831904903498774e-02 -3.081830492599783259e-03 7.724055433248773472e-02 1.761932798530727873e-01 3.165387097949280970e-01 4.961028102510897653e-01 5.755537337674538900e-01 6.710530126218730018e-01
-2.263280165856080384e+00 -2.206679195527694759e+00 -1.888678512586156488e+00 -1.585345666766761363e+00 -1.522959789563052002e+00 -1.370031302188513322e+00 -9.165083095781919598e-01 -5.767079256598641734e-01 -5.049891942093213126e-01 -3.571983983039114796e-01 -2.628163768075147400e-01 -2.202348473402933604e-01 -1.502317918170315292e-01 -7.629831904903508488e-02 -3.081830492600019181e-03 7.724055433248791513e-02 1.761932798530732036e-01 3.165387097949285411e-01 4.961028102510897098e-01 5.755537337674544451e-01 6.710530126218724467e-01
-2.263280165856080828e+00 -2.206679195527694315e+00 -1.888678512586156266e+00 -1.585345666766761141e+00 -1.522959789563052224e+00 -1.370031302188513544e+00 -9.165083095781921818e-01 -5.767079256598637294e-01 -5.049891942093215347e-01 -3.571983983039117017e-01 -2.628163768075147955e-01 -2.202348473402935825e-01 -1.502317918170318067e-01 -7.629831904903500162e-02 -3.081830492600088570e-03 7.724055433248810942e-02 1.761932798530734534e-01 3.165387097949284301e-01 4.961028102510898208e-01 5.755537337674545562e-01 6.710530126218731128e-01
-2.263280165856080828e+00 -2.206679195527694759e+00 -1.888678512586156710e+00 -1.585345666766761363e+00 -1.522959789563052446e+00 -1.370031302188513100e+00 -9.165083095781918487e-01 -5.767079256598643955e-01 -5.049891942093215347e-01 -3.571983983039118682e-01 -2.628163768075149620e-01 -2.202348473402934714e-01 -1.502317918170320565e-01 -7.629831904903469630e-02 -3.081830492600019181e-03 7.724055433248749880e-02 1.761932798530730926e-01 3.165387097949283191e-01 4.961028102510899318e-01 5.755537337674543341e-01 6.710530126218730018e-01
-2.263280165856080828e+00 -2.206679195527694759e+00 -1.888678512586156710e+00 -1.585345666766761363e+00 -1.522959789563052446e+00 -1.370031302188513100e+00 -9.165083095781918487e-01 -5.767079256598643955e-01 -5.049891942093215347e-01 -3.571983983039118682e-01 -2.628163768075149620e-01 -2.202348473402934714e-01 -1.502317918170320565e-01 -7.629831904903469630e-02 -3.081830492600019181e-03 7.724055433248749880e-02 1.761932798530730926e-01 3.165387097949283191e-01 4.961028102510899318e-01 5.755537337674543341e-01 6.710530126218730018e-01
-2.263280165856080828e+00 -2.206679195527694315e+00 -1.888678512586156044e+00 -1.585345666766761585e+00 -1.522959789563052224e+00 -1.370031302188513544e+00 -9.165083095781920708e-01 -5.767079256598643955e-01 -5.049891942093215347e-01 -3.571983983039118127e-01 -2.628163768075149065e-01 -2.202348473402935547e-01 -1.502317918170314459e-01 -7.629831904903476569e-02 -3.081830492600033059e-03 7.724055433248776248e-02 1.761932798530728983e-01 3.165387097949285411e-01 4.961028102510898763e-01 5.755537337674543341e-01 6.710530126218731128e-01
-2.263280165856080828e+00 -2.206679195527694315e+00 -1.888678512586156710e+00 -1.585345666766761585e+00 -1.522959789563052002e+00 -1.370031302188513544e+00 -9.165083095781917377e-01 -5.767079256598640624e-01 -5.049891942093216457e-01 -3.571983983039116461e-01 -2.628163768075149620e-01 -2.202348473402934992e-01 -1.502317918170314737e-01 -7.629831904903507100e-02 -3.081830492600560415e-03 7.724055433248787350e-02 1.761932798530732591e-01 3.165387097949283191e-01 4.961028102510899873e-01 5.755537337674546672e-01 6.710530126218724467e-01
-2.263280165856080828e+00 -2.206679195527695203e+00 -1.888678512586156710e+00 -1.585345666766761363e+00 -1.522959789563051780e+00 -1.370031302188513767e+00 -9.165083095781925149e-01 -5.767079256598645065e-01 -5.049891942093217567e-01 -3.571983983039117572e-01 -2.628163768075150730e-01 -2.202348473402935825e-01 -1.502317918170315292e-01 -7.629831904903487672e-02 -3.081830492600546537e-03 7.724055433248802616e-02 1.761932798530730648e-01 3.165387097949286521e-01 4.961028102510898763e-01 5.755537337674543341e-01 6.710530126218718916e-01
-2.263280165856080828e+00 -2.206679195527694759e+00 -1.888678512586156710e+00 -1.585345666766760697e+00 -1.522959789563052446e+00 -1.370031302188513767e+00 -9.165083095781929590e-01 -5.767079256598646175e-01 -5.049891942093217567e-01 -3.571983983039119792e-01 -2.628163768075149620e-01 -2.202348473402934714e-01 -1.502317918170317512e-01 -7.629831904903523754e-02 -3.081830492600491026e-03 7.724055433248772085e-02 1.761932798530728705e-01 3.165387097949282635e-01 4.961028102510898763e-01 5.755537337674545562e-01 6.710530126218731128e-01
-2.263280165856081272e+00 -2.206679195527694759e+00 -1.888678512586156710e+00 -1.585345666766760919e+00 -1.522959789563052446e+00 -1.370031302188513100e+00 -9.165083095781920708e-01 -5.767079256598643955e-01 -5.049891942093217567e-01 -3.571983983039115351e-01 -2.628163768075151840e-01 -2.202348473402936102e-01 -1.502317918170318622e-01 -7.629831904903514039e-02 -3.081830492600491026e-03 7.724055433248759595e-02 1.761932798530728983e-01 3.165387097949282635e-01 4.961028102510897653e-01 5.755537337674545562e-01 6.710530126218735569e-01
-2.263280165856081272e+00 -2.206679195527695647e+00 -1.888678512586156488e+00 -1.585345666766761585e+00 -1.522959789563052668e+00 -1.370031302188513544e+00 -9.165083095781918487e-01 -5.767079256598642845e-01 -5.049891942093213126e-01 -3.571983983039114796e-01 -2.628163768075149620e-01 -2.202348473402937212e-01 -1.502317918170315847e-01 -7.629831904903511264e-02 -3.081830492600574293e-03 7.724055433248766533e-02 1.761932798530727318e-01 3.165387097949286521e-01 4.961028102510902649e-01 5.755537337674547782e-01 6.710530126218732239e-01
-2.263280165856081272e+00 -2.206679195527694759e+00 -1.888678512586156488e+00 -1.585345666766760919e+00 -1.522959789563052224e+00 -1.370031302188513100e+00 -9.165083095781922928e-01 -5.767079256598642845e-01 -5.049891942093216457e-01 -3.571983983039114796e-01 -2.628163768075147955e-01 -2.202348473402933604e-01 -1.502317918170309741e-01 -7.629831904903505713e-02 -3.081830492600213470e-03 7.724055433248758207e-02 1.761932798530728428e-01 3.165387097949284856e-01 4.961028102510903759e-01 5.755537337674544451e-01 6.710530126218732239e-01
-2.263280165856080828e+00 -2.206679195527694759e+00 -1.888678512586156266e+00 -1.585345666766761141e+00 -1.522959789563052890e+00 -1.370031302188513100e+00 -9.165083095781916267e-01 -5.767079256598640624e-01 -5.049891942093215347e-01 -3.571983983039115906e-01 -2.628163768075149620e-01 -2.202348473402933604e-01 -1.502317918170312516e-01 -7.629831904903480733e-02 -3.081830492600116326e-03 7.724055433248777636e-02 1.761932798530732591e-01 3.165387097949286521e-01 4.961028102510901538e-01 5.755537337674545562e-01 6.710530126218734459e-01
-2.263280165856080828e+00 -2.206679195527694759e+00 -1.888678512586156488e+00 -1.585345666766761141e+00 -1.522959789563051780e+00 -1.370031302188513767e+00 -9.165083095781919598e-01 -5.767079256598643955e-01 -5.049891942093217567e-01 -3.571983983039112021e-01 -2.628163768075147955e-01 -2.202348473402934159e-01 -1.502317918170315292e-01 -7.629831904903495998e-02 -3.081830492600199593e-03 7.724055433248780411e-02 1.761932798530729538e-01 3.165387097949288187e-01 4.961028102510899873e-01 5.755537337674541121e-01 6.710530126218730018e-01
-2.263280165856080828e+00 -2.206679195527694759e+00 -1.888678512586155822e+00 -1.585345666766760475e+00 -1.522959789563051558e+00 -1.370031302188512878e+00 -9.165083095781924039e-01 -5.767079256598642845e-01 -5.049891942093215347e-01 -3.571983983039117572e-01 -2.628163768075146844e-01 -2.202348473402934159e-01 -1.502317918170312239e-01 -7.629831904903501549e-02 -3.081830492600282859e-03 7.724055433248770697e-02 1.761932798530726763e-01 3.165387097949287631e-01 4.961028102510898208e-01 5.755537337674537790e-01 6.710530126218730018e-01
-2.263280165856081716e+00 -2.206679195527694315e+00 -1.888678512586156488e+00 -1.585345666766760697e+00 -1.522959789563052446e+00 -1.370031302188513544e+00 -9.165083095781911826e-01 -5.767079256598643955e-01 -5.049891942093214237e-01 -3.571983983039118682e-01 -2.628163768075147400e-01 -2.202348473402935269e-01 -1.502317918170313904e-01 -7.629831904903518203e-02 -3.081830492600268982e-03 7.724055433248777636e-02 1.761932798530724820e-01 3.165387097949287076e-01 4.961028102510903204e-01 5.755537337674541121e-01 6.710530126218731128e-01
-2.263280165856081716e+00 -2.206679195527695203e+00 -1.888678512586156710e+00 -1.585345666766760919e+00 -1.522959789563052002e+00 -1.370031302188513767e+00 -9.165083095781914047e-01 -5.767079256598641734e-01 -5.049891942093212016e-01 -3.571983983039119792e-01 -2.628163768075150730e-01 -2.202348473402933882e-01 -1.502317918170311406e-01 -7.629831904903504325e-02 -3.081830492600116326e-03 7.724055433248762370e-02 1.761932798530726485e-01 3.165387097949287076e-01 4.961028102510905979e-01 5.755537337674542231e-01 6.710530126218734459e-01
-2.263280165856081716e+00 -2.206679195527694759e+00 -1.888678512586156266e+00 -1.585345666766761141e+00 -1.522959789563053112e+00 -1.370031302188513544e+00 -9.165083095781919598e-01 -5.767079256598643955e-01 -5.049891942093214237e-01 -3.571983983039118127e-01 -2.628163768075147955e-01 -2.202348473402936657e-01 -1.502317918170313904e-01 -7.629831904903505713e-02 -3.081830492600060815e-03 7.724055433248777636e-02 1.761932798530728150e-01 3.165387097949290407e-01 4.961028102510892657e-01 5.755537337674537790e-01 6.710530126218730018e-01
-2.263280165856081716e+00 -2.206679195527695203e+00 -1.888678512586156932e+00 -1.585345666766760919e+00 -1.522959789563052224e+00 -1.370031302188513544e+00 -9.165083095781916267e-01 -5.767079256598641734e-01 -5.049891942093212016e-01 -3.571983983039119237e-01 -2.628163768075147955e-01 -2.202348473402934159e-01 -1.502317918170311684e-01 -7.629831904903512652e-02 -3.081830492599935915e-03 7.724055433248806779e-02 1.761932798530728983e-01 3.165387097949289297e-01 4.961028102510900428e-01 5.755537337674543341e-01 6.710530126218734459e-01
-2.263280165856081272e+00 -2.206679195527694759e+00 -1.888678512586156488e+00 -1.585345666766760697e+00 -1.522959789563051780e+00 -1.370031302188513989e+00 -9.165083095781924039e-01 -5.767079256598639514e-01 -5.049891942093214237e-01 -3.571983983039114796e-01 -2.628163768075149620e-01 -2.202348473402933327e-01 -1.502317918170316402e-01 -7.629831904903491835e-02 -3.081830492600241226e-03 7.724055433248799840e-02 1.761932798530722599e-01 3.165387097949289297e-01 4.961028102510901538e-01 5.755537337674541121e-01 6.710530126218728908e-01
-2.263280165856081716e+00 -2.206679195527694759e+00 -1.888678512586155600e+00 -1.585345666766761585e+00 -1.522959789563051336e+00 -1.370031302188514211e+00 -9.165083095781919598e-01 -5.767079256598640624e-01 -5.049891942093215347e-01 -3.571983983039118127e-01 -2.628163768075150175e-01 -2.202348473402933882e-01 -1.502317918170319178e-01 -7.629831904903504325e-02 -3.081830492600407759e-03 7.724055433248780411e-02 1.761932798530727873e-01 3.165387097949290407e-01 4.961028102510901538e-01 5.755537337674541121e-01 6.710530126218737790e-01
-2.263280165856081716e+00 -2.206679195527695203e+00 -1.888678512586156710e+00 -1.585345666766761141e+00 -1.522959789563052890e+00 -1.370031302188512878e+00 -9.165083095781927369e-01 -5.767079256598642845e-01 -5.049891942093215347e-01 -3.571983983039116461e-01 -2.628163768075147400e-01 -2.202348473402933604e-01 -1.502317918170316124e-01 -7.629831904903511264e-02 -3.081830492600227348e-03 7.724055433248777636e-02 1.761932798530728705e-01 3.165387097949285411e-01 4.961028102510897098e-01 5.755537337674541121e-01 6.710530126218733349e-01
-2.263280165856081716e+00 -2.206679195527694759e+00 -1.888678512586156044e+00 -1.585345666766760919e+00 -1.522959789563052668e+00 -1.370031302188514433e+00 -9.165083095781911826e-01 -5.767079256598641734e-01 -5.049891942093212016e-01 -3.571983983039117572e-01 -2.628163768075152396e-01 -2.202348473402934714e-01 -1.502317918170315569e-01 -7.629831904903525142e-02 -3.081830492600324493e-03 7.724055433248769309e-02 1.761932798530727318e-01 3.165387097949287631e-01 4.961028102510901538e-01 5.755537337674536680e-01 6.710530126218742231e-01
-2.263280165856080828e+00 -2.206679195527694759e+00 -1.888678512586156932e+00 -1.585345666766761141e+00 -1.522959789563052002e+00 -1.370031302188513767e+00 -9.165083095781922928e-01 -5.767079256598643955e-01 -5.049891942093214237e-01 -3.571983983039117017e-01 -2.628163768075148510e-01 -2.202348473402936102e-01 -1.502317918170312794e-01 -7.629831904903530693e-02 -3.081830492600171837e-03 7.724055433248776248e-02 1.761932798530729261e-01 3.165387097949288187e-01 4.961028102510895432e-01 5.755537337674544451e-01 6.710530126218722247e-01
-2.263280165856080828e+00 -2.206679195527694759e+00 -1.888678512586156710e+00 -1.585345666766760919e+00 -1.522959789563052446e+00 -1.370031302188513322e+00 -9.165083095781925149e-01 -5.767079256598641734e-01 -5.049891942093216457e-01 -3.571983983039117017e-01 -2.628163768075146844e-01 -2.202348473402936102e-01 -1.502317918170315292e-01 -7.629831904903539019e-02 -3.081830492600241226e-03 7.724055433248760982e-02 1.761932798530730926e-01 3.165387097949288742e-01 4.961028102510898763e-01 5.755537337674542231e-01 6.710530126218723357e-01
-2.263280165856080828e+00 -2.206679195527695203e+00 -1.888678512586156932e+00 -1.585345666766761141e+00 -1.522959789563051558e+00 -1.370031302188513767e+00 -9.165083095781927369e-01 -5.767079256598642845e-01 -5.049891942093216457e-01 -3.571983983039117017e-01 -2.628163768075150730e-01 -2.202348473402936935e-01 -1.502317918170313904e-01 -7.629831904903518203e-02 -3.081830492600268982e-03 7.724055433248767921e-02 1.761932798530728428e-01 3.165387097949285966e-01 4.961028102510898763e-01 5.755537337674540010e-01 6.710530126218734459e-01
-2.263280165856080828e+00 -2.206679195527694759e+00 -1.888678512586156266e+00 -1.585345666766761363e+00 -1.522959789563051114e+00 -1.370031302188513544e+00 -9.165083095781924039e-01 -5.767079256598646175e-01 -5.049891942093217567e-01 -3.571983983039119237e-01 -2.628163768075150730e-01 -2.202348473402934992e-01 -1.502317918170311961e-01 -7.629831904903504325e-02 -3.081830492600338370e-03 7.724055433248774860e-02 1.761932798530726763e-01 3.165387097949286521e-01 4.961028102510903759e-01 5.755537337674544451e-01 6.710530126218738900e-01
-2.263280165856080828e+00 -2.206679195527695203e+00 -1.888678512586156710e+00 -1.585345666766761585e+00 -1.522959789563052446e+00 -1.370031302188513322e+00 -9.165083095781922928e-01 -5.767079256598647286e-01 -5.049891942093217567e-01 -3.571983983039117572e-01 -2.628163768075147400e-01 -2.202348473402934437e-01 -1.502317918170313904e-01 -7.629831904903515427e-02 -3.081830492600366126e-03 7.724055433248801228e-02 1.761932798530730093e-01 3.165387097949285966e-01 4.961028102510900983e-01 5.755537337674541121e-01 6.710530126218730018e-01
