0.000000000000000000e+00 0.000000000000000000e+00 0.000000000000000000e+00 0.000000000000000000e+00 0.000000000000000000e+00 0.000000000000000000e+00 0.000000000000000000e+00 0.000000000000000000e+00 0.000000000000000000e+00 0.000000000000000000e+00 0.000000000000000000e+00 0.000000000000000000e+00 0.000000000000000000e+00 0.000000000000000000e+00 0.000000000000000000e+00 0.000000000000000000e+00 0.000000000000000000e+00 0.000000000000000000e+00 0.000000000000000000e+00 0.000000000000000000e+00
-2.162375173973490217e+00 -2.162375173973489773e+00 -2.162034133003649217e+00 -2.162034133003647884e+00 -4.712977948637376256e-04 -4.712977948632801465e-04 -7.097993128233309539e-16 -4.256249883229031041e-16 -2.708242196928904447e-16 -1.898634246710696962e-16 -1.225931586507474284e-16 -7.806981971270968950e-17 -3.090027598971716857e-17 -8.320862820906211882e-18 -9.501339222976311401e-33 8.037984687805404309e-18 1.751646824566190873e-17 3.182602292966740147e-17 1.161757812031251867e-16 2.605699154685510614e-16
-2.689195600021473620e+00 -2.689195600021472732e+00 -2.162368703660472846e+00 -2.162368703660472402e+00 -1.055722590218861390e+00 -1.055722590218859835e+00 -5.295809946663541101e-01 -5.295809946663534440e-01 -6.683505788568903276e-04 -6.683505788566470327e-04 -1.850940048269618573e-06 -1.850940048051299007e-06 -1.955599193117776118e-16 -1.531776466179608521e-16 -1.197222190505258607e-17 3.469446951953606485e-18 2.411228566373107079e-17 1.129531890888735025e-16 2.266478453909256801e-16 2.770701676365409790e-16
-4.179631700619218293e+00 -4.179631700619218293e+00 -2.163007090392144782e+00 -2.163007090392142118e+00 -2.020295124722652158e+00 -2.020295124722651714e+00 -1.055098160145555575e+00 -1.055098160145555353e+00 -9.949384083312764471e-01 -9.949384083312747817e-01 -9.941062149804891224e-01 -9.941062149804887893e-01 -9.941062149804885673e-01 -9.941062149804880121e-01 -5.634663145022197200e-04 -5.634663145018067474e-04 -4.274282884671694099e-04 -4.274282884669938234e-04 -1.571194209474947412e-06 -1.571194206834145169e-06
-4.179854506829062899e+00 -4.179854506829061123e+00 -3.095102885577444951e+00 -3.095102885577444063e+00 -2.020306504480533061e+00 -2.020306504480531284e+00 -1.667473498208049243e+00 -1.667473498208047467e+00 -1.619018099049749360e+00 -1.619018099049748693e+00 -1.619018099049748471e+00 -1.619018099049747583e+00 -1.013621852643962207e+00 -1.013621852643961763e+00 -9.349308608273096954e-01 -9.349308608273093624e-01 -1.948942636915098519e-03 -1.948942636913866648e-03 -3.714350817920500044e-04 -3.714350817878961006e-04
-4.180055001019404415e+00 -4.180055001019403527e+00 -3.389624621786021308e+00 -3.389624621786020420e+00 -2.020518191270058495e+00 -2.020518191270055386e+00 -1.677048316613326095e+00 -1.677048316613325651e+00 -1.619018099049749582e+00 -1.619018099049748693e+00 -1.619018099049748693e+00 -1.619018099049748471e+00 -1.590564343193277441e+00 -1.590564343193275665e+00 -1.231939245038147446e+00 -1.231939245038146558e+00 -2.521655231864972785e-03 -2.521655231863483091e-03 -8.260522863877740353e-04 -8.260522863868486687e-04
-4.180020780447483375e+00 -4.180020780447478934e+00 -3.389616912436925755e+00 -3.389616912436923535e+00 -1.963264265526094787e+00 -1.963264265526092789e+00 -1.676701960022616289e+00 -1.676701960022616067e+00 -1.619018099049750248e+00 -1.619018099049748916e+00 -1.619018099049748916e+00 -1.619018099049748471e+00 -1.590426234806736616e+00 -1.590426234806735284e+00 -1.231671239836238829e+00 -1.231671239836238607e+00 -1.021297182783830826e-03 -1.021297182783015289e-03 5.563129242117990925e-02 5.563129242118083212e-02
-4.180013004643980956e+00 -4.180013004643980068e+00 -3.387980089655210136e+00 -3.387980089655209692e+00 -1.963008371009036912e+00 -1.963008371009035136e+00 -1.629708224650029402e+00 -1.629708224650028958e+00 -1.248065042115819256e+00 -1.248065042115819034e+00 -1.223954722342482926e+00 -1.223954722342482704e+00 -1.220906207829349777e+00 -1.220906207829349555e+00 -1.220906207829348666e+00 -1.220906207829347778e+00 5.960140757513386900e-01 5.960140757513407994e-01 6.520715457091217360e-01 6.520715457091230682e-01
-4.179993313760650864e+00 -4.179993313760646423e+00 -3.387886279702499337e+00 -3.387886279702498893e+00 -1.961376390883240672e+00 -1.961376390883240228e+00 -1.270006632779218103e+00 -1.270006632779216993e+00 -1.223640390971794778e+00 -1.223640390971794778e+00 -1.220906207829350221e+00 -1.220906207829349777e+00 -1.220906207829349555e+00 -1.220906207829349333e+00 -1.112442677599130514e+00 -1.112442677599128515e+00 8.215137072831767417e-01 8.215137072831800724e-01 9.230577959002245203e-01 9.230577959002250754e-01
-4.179942402992995021e+00 -4.179942402992987915e+00 -3.387854485527594051e+00 -3.387854485527592274e+00 -1.959552724336786289e+00 -1.959552724336784957e+00 -1.258563193387616019e+00 -1.258563193387615797e+00 -1.220906207829349777e+00 -1.220906207829349555e+00 -1.220906207829349110e+00 -1.220906207829347556e+00 -1.115065544040488410e+00 -1.115065544040487522e+00 -3.834067881181789650e-01 -3.834067881181786319e-01 9.056412414772621045e-01 9.056412414772628816e-01 1.689214620015545121e+00 1.689214620015545565e+00
