-2.380229823667227684e+00 -1.302227249301910472e+00
-2.380440510780713392e+00 -1.302954445268154293e+00
-2.380654156265620269e+00 -1.303695646330958802e+00
-2.380870822721861568e+00 -1.304451312479368186e+00
-2.381090574525427606e+00 -1.305221923196577594e+00
-2.381313477891833674e+00 -1.306007978451688034e+00
-2.381539600942339518e+00 -1.306809999748849149e+00
-2.381769013773039401e+00 -1.307628531237386094e+00
-2.382001788527002173e+00 -1.308464140886736127e+00
-2.382237999469618561e+00 -1.309317421730216813e+00
-2.382477723067307096e+00 -1.310188993181951922e+00
-2.382721038069766539e+00 -1.311079502431496069e+00
-2.382968025595966211e+00 -1.311989625921003100e+00
-2.383218769224083822e+00 -1.312920070910044590e+00
-2.383473355085582224e+00 -1.313871577133515434e+00
-2.383731871963690185e+00 -1.314844918558302655e+00
-2.383994411396485713e+00 -1.315840905244781478e+00
-2.384261067784882560e+00 -1.316860385319491566e+00
-2.384531938505777493e+00 -1.317904247065617707e+00
-2.384807124030639436e+00 -1.318973421138325497e+00
-2.385086728049910398e+00 -1.320068882912233565e+00
-2.385370857603470007e+00 -1.321191654968651763e+00
-2.385659623217608161e+00 -1.322342809730508328e+00
-2.385953139048846428e+00 -1.323523472253145705e+00
-2.386251523035024746e+00 -1.324734823179454013e+00
-2.386554897054111724e+00 -1.325978101867922421e+00
-2.386863387091205269e+00 -1.327254609702411825e+00
-2.387177123414240487e+00 -1.328565713592488429e+00
-2.387496240758951505e+00 -1.329912849673098307e+00
-2.387820878523678747e+00 -1.331297527212297549e+00
-2.388151180974659393e+00 -1.332721332735365527e+00
-2.388487297462527525e+00 -1.334185934373265603e+00
-2.388829382650672795e+00 -1.335693086442690136e+00
-2.389177596756395516e+00 -1.337244634263964338e+00
-2.389532105805602491e+00 -1.338842519221955740e+00
-2.389893081902109362e+00 -1.340488784073367245e+00
-2.390260703512463891e+00 -1.342185578501921217e+00
-2.390635155767498521e+00 -1.343935164920259773e+00
-2.391016630781797492e+00 -1.345739924514311348e+00
-2.391405327992386809e+00 -1.347602363521997804e+00
-2.391801454518167613e+00 -1.349525119733559819e+00
-2.392205225541598868e+00 -1.351510969195107936e+00
-2.392616864714484315e+00 -1.353562833090541595e+00
-2.393036604589693805e+00 -1.355683784769017297e+00
-2.393464687081021669e+00 -1.357877056876091393e+00
-2.393901363953472750e+00 -1.360146048535995966e+00
-2.394346897346633529e+00 -1.362494332520244322e+00
-2.394801560333971846e+00 -1.364925662323696498e+00
-2.395265637521316826e+00 -1.367443979053303060e+00
-2.395739425688127255e+00 -1.370053418016770275e+00
-2.395793445154000167e+00 -1.370096577542715410e+00
-2.395848135894887765e+00 -1.370140140465786915e+00
-2.395903510727036778e+00 -1.370184114224492600e+00
-2.395959582799064957e+00 -1.370228506480372088e+00
-2.396016365602905651e+00 -1.370273325128226860e+00
-2.396073872985197806e+00 -1.370318578306993995e+00
-2.396132119159140927e+00 -1.370364274411327132e+00
-2.396191118716815005e+00 -1.370410422103942372e+00
-2.396250886642024458e+00 -1.370457030328777970e+00
-2.396311438323664333e+00 -1.370504108325065751e+00
-2.396372789569636286e+00 -1.370551665642375072e+00
-2.396434956621358303e+00 -1.370599712156693517e+00
-2.396497956168890386e+00 -1.370648258087689753e+00
-2.396561805366681064e+00 -1.370697314017211399e+00
-2.396626521850012459e+00 -1.370746890909156468e+00
-2.396692123752145243e+00 -1.370797000130848264e+00
-2.396758629722214096e+00 -1.370847653476039429e+00
-2.396826058943897664e+00 -1.370898863189726313e+00
-2.396894431154933169e+00 -1.370950641994913344e+00
-2.396963766667467244e+00 -1.371003003121558539e+00
-2.397034086389364660e+00 -1.371055960337894453e+00
-2.397105411846447431e+00 -1.371109527984370358e+00
-2.397177765205747768e+00 -1.371163721010512981e+00
-2.397251169299866813e+00 -1.371218555014960039e+00
-2.397325647652422287e+00 -1.371274046289078008e+00
-2.397401224504702721e+00 -1.371330211864483672e+00
-2.397477924843582464e+00 -1.371387069564973915e+00
-2.397555774430766728e+00 -1.371444638063300303e+00
-2.397634799833415542e+00 -1.371502936943388207e+00
-2.397715028456289588e+00 -1.371561986768621733e+00
-2.397796488575425489e+00 -1.371621809156928329e+00
-2.397879209373498632e+00 -1.371682426863484405e+00
-2.397963220976913945e+00 -1.371743863871974112e+00
-2.398048554494799589e+00 -1.371806145495527707e+00
-2.398135242059918237e+00 -1.371869298488525679e+00
-2.398223316871714861e+00 -1.371933351170748328e+00
-2.398312813241552988e+00 -1.371998333565496386e+00
-2.398403766640316181e+00 -1.372064277553610490e+00
-2.398496213748509298e+00 -1.372131217045593932e+00
-2.398590192508998520e+00 -1.372199188174440199e+00
-2.398685742182610880e+00 -1.372268229512162874e+00
-2.398782903406693645e+00 -1.372338382313573524e+00
-2.398881718256895113e+00 -1.372409690791444925e+00
-2.398982230312367125e+00 -1.372482202427940612e+00
-2.399084484724550492e+00 -1.372555968328109000e+00
-2.399188528289886602e+00 -1.372631043622272173e+00
-2.399294409526616434e+00 -1.372707487925513226e+00
-2.399402178756014248e+00 -1.372785365863983031e+00
-2.399511888188345043e+00 -1.372864747679820807e+00
-2.399623592013835793e+00 -1.372945709928771407e+00
-2.399846112726635283e+00 -1.373357438317297952e+00
-2.400071656508054208e+00 -1.373776529618592424e+00
-2.400300294164332104e+00 -1.374203174635423741e+00
-2.400532099035733502e+00 -1.374637570430191191e+00
-2.400767147122141676e+00 -1.375079920562986890e+00
-2.401005517216613594e+00 -1.375530435339318069e+00
-2.401247291047507559e+00 -1.375989332067830251e+00
-2.401492553429843912e+00 -1.376456835328436101e+00
-2.401741392426622212e+00 -1.379849805840816179e+00
-2.401993899520897369e+00 -1.386945482764558202e+00
-2.402250169799468260e+00 -1.394045413529120259e+00
-2.402510302149122534e+00 -1.401149534845747668e+00
-2.402774399466483857e+00 -1.408257785129911399e+00
-2.403042568882581609e+00 -1.415370104444001687e+00
-2.403314922003399356e+00 -1.422486434442282066e+00
-2.403591575167768557e+00 -1.429606718317986358e+00
-2.403872649724070332e+00 -1.436730900752455353e+00
-2.404158272327486134e+00 -1.443858927866253028e+00
-2.404448575259506171e+00 -1.450990747172148820e+00
-2.404743696771802774e+00 -1.458126307529906018e+00
-2.405043781456622565e+00 -1.465265559102779225e+00
-2.405348980646184742e+00 -1.472408453315671828e+00
-2.405659452843793122e+00 -1.479554942814856444e+00
-2.405975364189659516e+00 -1.486704981429222805e+00
-2.406296888964816638e+00 -1.493858524132946952e+00
-2.406624210136784736e+00 -1.501015527009571082e+00
-2.406957519951180569e+00 -1.508175947217393009e+00
-2.407297020573843316e+00 -1.515339742956136160e+00
-2.407642924788633287e+00 -1.522506873434838148e+00
-2.407995456756633068e+00 -1.529677298840902644e+00
-2.408354852843242799e+00 -1.536850980310275672e+00
-2.408721362520312326e+00 -1.544027879898695055e+00
-2.409095249351463242e+00 -1.551207960553978804e+00
-2.409476792069696671e+00 -1.558391186089280511e+00
-2.409866285757534587e+00 -1.565577521157328400e+00
-2.410264043141306711e+00 -1.572766931225531239e+00
-2.410670396012625449e+00 -1.579959382551997749e+00
-2.411085696791926747e+00 -1.587154842162374901e+00
-2.411510320250807027e+00 -1.594353277827489146e+00
-2.411944665412309785e+00 -1.601554658041774770e+00
-2.412389157650882243e+00 -1.608758952002437459e+00
-2.412844251016769359e+00 -1.615966129589328837e+00
-2.413310430813206509e+00 -1.623176161345513790e+00
-2.413788216458836011e+00 -1.630389018458492600e+00
-2.414278164672558624e+00 -1.637604672742062339e+00
-2.414780873023622210e+00 -1.644823096618777347e+00
-2.415296983896254801e+00 -1.652044263103012112e+00
-2.415827188925752544e+00 -1.659268145784568604e+00
-2.416372233971924022e+00 -1.666494718812834952e+00
-2.416932924706308494e+00 -1.673723956881479458e+00
-2.417015872179279601e+00 -1.684064509935149445e+00
-2.417101924756661191e+00 -1.694837734390833406e+00
-2.417191262674938113e+00 -1.706044385163935750e+00
-2.417284080486383768e+00 -1.717683162145914544e+00
-2.417380588511966799e+00 -1.729750743320042305e+00
-2.417481014474787138e+00 -1.742241864751996827e+00
-2.417585605340656141e+00 -1.755149443082989480e+00
-2.417694629397114436e+00 -1.768464734081722112e+00
-2.417808378607597675e+00 -1.782177519331555215e+00
-2.417927171284059540e+00 -1.796276312329654345e+00
-2.418051355129405167e+00 -1.810748575156818196e+00
-2.418181310710522336e+00 -1.825580937365717471e+00
-2.418317455434595864e+00 -1.840759409701339555e+00
-2.418460248115515743e+00 -1.856269586552982132e+00
-2.418610194234728006e+00 -1.872096832480675266e+00
-2.418767852022406739e+00 -1.888226449617597114e+00
-2.418933839511435480e+00 -1.904643824110362038e+00
-2.419108842749771782e+00 -1.921334550944099107e+00
-2.419293625398188485e+00 -1.938284537466372193e+00
-2.419489039992187340e+00 -1.955480086660644323e+00
-2.419696041212600512e+00 -1.972907961735995919e+00
-2.419915701592710633e+00 -1.990555433919760420e+00
-2.420149230196189993e+00 -2.008410315496145682e+00
-2.420397994937310227e+00 -2.026460980162023251e+00
-2.420663549392299441e+00 -2.044696372704276843e+00
-2.420947665182306530e+00 -2.063106009871701119e+00
-2.421252371312561547e+00 -2.081679974142921719e+00
-2.421580002255102837e+00 -2.100408901900502112e+00
-2.421933257099988523e+00 -2.119283967324511853e+00
-2.422315272823505339e+00 -2.138296863127409075e+00
-2.422729715704452058e+00 -2.157439779072521269e+00
-2.423180896266169171e+00 -2.176705379055216216e+00
-2.423673914985034816e+00 -2.196086777380618305e+00
-2.424214848609331341e+00 -2.215577514745228349e+00
-2.424810990606550476e+00 -2.235171534321197750e+00
-2.425471164496387999e+00 -2.254863158250331789e+00
-2.426206136374124078e+00 -2.274647064778205774e+00
-2.427029163909741882e+00 -2.294518266195920919e+00
-2.427956735229502616e+00 -2.314472087705457870e+00
-2.429009574935101945e+00 -2.334504147283530173e+00
-2.430214029961972777e+00 -2.354610336585913011e+00
-2.431604000648973862e+00 -2.374786802908609218e+00
-2.433223659929293348e+00 -2.395029932202528578e+00
-2.435131314697447369e+00 -2.415336333123322188e+00
-2.437404912955138059e+00 -2.435702822087102426e+00
-2.456126409294852486e+00 -2.440149871792010483e+00
-2.476604285683154494e+00 -2.443510006524261424e+00
-2.497133810755329364e+00 -2.447682092938716192e+00
-2.517712501245524148e+00 -2.452933238275929462e+00
-2.538338020567533881e+00 -2.459616213473543755e+00
-2.538722680375043783e+00 -2.460220409482240189e+00
-2.539119348947358912e+00 -2.460847128350060586e+00
-2.539528599092458094e+00 -2.461497619646353829e+00
-2.539951040434944574e+00 -2.462173223729622329e+00
-2.540387322385182500e+00 -2.462875379789479346e+00
-2.540838137395110774e+00 -2.463605634716942383e+00
-2.541304224532682010e+00 -2.464365652898841130e+00
-2.541786373410924949e+00 -2.465157227044131538e+00
-2.542285428512254253e+00 -2.465982290163604151e+00
-2.542802293953729809e+00 -2.466842928839950044e+00
-2.543337938744982818e+00 -2.467741397942720294e+00
-2.543893402597243725e+00 -2.468680136962681626e+00
-2.544469802349540899e+00 -2.469661788162686999e+00
-2.545068339087015463e+00 -2.470689216767874896e+00
-2.545690306036245243e+00 -2.471765533447256136e+00
-2.546337097333898569e+00 -2.472894119371900512e+00
-2.547010217778167718e+00 -2.474078654172675140e+00
-2.547711293687247025e+00 -2.475323147163451587e+00
-2.548442085006106694e+00 -2.476631972244553115e+00
-2.549204498822228881e+00 -2.478009906956972763e+00
-2.550000604472751675e+00 -2.479462176221507441e+00
-2.550832650450612693e+00 -2.480994501369706562e+00
-2.551703083345202128e+00 -2.482613155156837781e+00
-2.552614569084804774e+00 -2.484325023542969024e+00
-2.553570016783495156e+00 -2.486137675138461844e+00
-2.554572605534381147e+00 -2.488059439337949819e+00
-2.555625814534199680e+00 -2.490099494314799600e+00
-2.556733456971064911e+00 -2.492267966220386377e+00
-2.557899718156518620e+00 -2.494576041133319766e+00
-2.559129198434280106e+00 -2.497036091537706337e+00
-2.560426961448540872e+00 -2.499661819381167494e+00
-2.561798588401028809e+00 -2.502468418074672574e+00
-2.563250238963118655e+00 -2.505472756146376767e+00
-2.564788719529215832e+00 -2.508693585638510193e+00
-2.566421559489056037e+00 -2.512151778711463113e+00
-2.568157096143738105e+00 -2.515870596230452616e+00
-2.570004568770621223e+00 -2.519875992238523654e+00
-2.571974222125918530e+00 -2.524196957951893694e+00
-2.574077419319799276e+00 -2.528865907883413477e+00
-2.576326763455059066e+00 -2.533919108307517210e+00
-2.578736226620141014e+00 -2.539397143585308658e+00
-2.581321283690724666e+00 -2.545345407473330823e+00
-2.584099046830549806e+00 -2.551814592507938073e+00
-2.587088394499037047e+00 -2.558861128482087910e+00
-2.590310086094210096e+00 -2.566547488485843243e+00
-2.593786850055886273e+00 -2.574942236737915113e+00
-2.597543429396463655e+00 -2.584119638965173937e+00
-2.601606564456016457e+00 -2.594158603669209917e+00
-2.606004888698076449e+00 -2.605140694339479257e+00
-2.617146987039976391e+00 -2.610768710430162454e+00
-2.620196456871769719e+00 -2.612858818486511581e+00
-2.623293293754624500e+00 -2.614988511427003282e+00
-2.626438087941217692e+00 -2.617158444969710729e+00
-2.629631446797348726e+00 -2.619369265401468194e+00
-2.632873996666731387e+00 -2.621621607985284541e+00
-2.636166384864890855e+00 -2.623916095332070153e+00
-2.639509281808354313e+00 -2.626253335744464401e+00
-2.642903383285789332e+00 -2.628633921541211116e+00
-2.646349412878086227e+00 -2.631058427371303576e+00
-2.649848124534718519e+00 -2.633527408527818636e+00
-2.653400305314140173e+00 -2.636041399271798813e+00
-2.657006778296237659e+00 -2.638600911177261477e+00
-2.660668405675143511e+00 -2.641206431508535957e+00
-2.664386092041043153e+00 -2.643858421641600565e+00
-2.668160787859568117e+00 -2.646557315541106181e+00
-2.671993493157559296e+00 -2.649303518304749971e+00
-2.675885261423816885e+00 -2.652097404786580626e+00
-2.679837203733104634e+00 -2.654939318310357343e+00
-2.683850493101255008e+00 -2.657829569483721066e+00
-2.687926369078359468e+00 -2.660768435123185949e+00
-2.692066142585898714e+00 -2.663756157299243643e+00
-2.696271201002152562e+00 -2.666792942509866648e+00
-2.700543013498112099e+00 -2.669878960989654271e+00
-2.704883136623563722e+00 -2.673014346160660804e+00
-2.709293220139607605e+00 -2.676199194229670564e+00
-2.713775013089716470e+00 -2.679433563935299745e+00
-2.718330370096402770e+00 -2.682717476446875526e+00
-2.722961257864180862e+00 -2.686050915415629348e+00
-2.727669761862186348e+00 -2.689433827177253100e+00
-2.732458093150770928e+00 -2.692866121103403287e+00
-2.737328595305910550e+00 -2.696347670098462768e+00
-2.742283751382932788e+00 -2.699878311236362460e+00
-2.747326190846803851e+00 -2.703457846531191144e+00
-2.752458696379991299e+00 -2.707086043834144196e+00
-2.757684210460288554e+00 -2.710762637848302514e+00
-2.763005841580503663e+00 -2.714487331251944635e+00
-2.768426869959056624e+00 -2.718259795920366262e+00
-2.773950752565882638e+00 -2.722079674235533542e+00
-2.779581127261804063e+00 -2.725946580472646374e+00
-2.785321815822332070e+00 -2.729860102252255061e+00
-2.791176825589414268e+00 -2.733819802046577596e+00
-2.797150349468264352e+00 -2.737825218728740406e+00
-2.803246763962295773e+00 -2.741875869153706624e+00
-2.809470624919407022e+00 -2.745971249760061905e+00
-2.815826660649504820e+00 -2.750110838182250106e+00
-2.822319762068659976e+00 -2.754294094863275699e+00
-2.828954969532844643e+00 -2.758520464658528848e+00
-2.835737456046430793e+00 -2.762789378422061848e+00
-2.842672506570727897e+00 -2.767100254567346429e+00
-2.849765493218582968e+00 -2.771452500595190216e+00
-2.862950963667304283e+00 -2.777880891680545528e+00
-2.876697226164244281e+00 -2.784561366324489917e+00
-2.890992611411119295e+00 -2.791495855530344627e+00
-2.905824222318498684e+00 -2.798685459191717406e+00
-2.921178317603470465e+00 -2.806130441426516242e+00
-2.937040637325833980e+00 -2.813830240270851046e+00
-2.953396668610029696e+00 -2.821783491110849695e+00
-2.970231854577938257e+00 -2.829988062707378127e+00
-2.987531752487288195e+00 -2.838441104233523582e+00
-3.005282148534118569e+00 -2.847139101422100804e+00
-3.023469137125595729e+00 -2.856077939723653092e+00
-3.042079172038524515e+00 -2.865252972304562551e+00
-3.061099096064936020e+00 -2.874659090760559810e+00
-3.080516154743886847e+00 -2.884290796564854542e+00
-3.100317998747850190e+00 -2.894142271488973961e+00
-3.120492678528835384e+00 -2.904207445503447893e+00
-3.141028633984089602e+00 -2.914480060959574459e+00
-3.161914681191944965e+00 -2.924953732151838182e+00
-3.183139997694457435e+00 -2.935621999644856928e+00
-3.204694107352276777e+00 -2.946478379006991499e+00
-3.226566865452394239e+00 -2.957516403815996231e+00
-3.248748444492138177e+00 -2.968729662987121376e+00
-3.271229320876255287e+00 -2.980111832619717127e+00
-3.294000262632421627e+00 -2.991656702666790846e+00
-3.317052318161175073e+00 -3.003358198806832302e+00
-3.340376805978503505e+00 -3.015210399943045960e+00
-3.363965305374474468e+00 -3.027207551777032712e+00
-3.387809647893081255e+00 -3.039344076906709269e+00
-3.411901909531481536e+00 -3.051614581886769706e+00
-3.436234403557520967e+00 -3.064013861667967742e+00
-3.460799673850082137e+00 -3.076536901802503277e+00
-3.485590488675171628e+00 -3.089178878769948344e+00
-3.510599834820464338e+00 -3.101935158742941123e+00
-3.535820912021458096e+00 -3.114801295076918830e+00
-3.561247127622303665e+00 -3.127773024773686572e+00
-3.586872091424233577e+00 -3.140846264136479604e+00
-3.612689610682748853e+00 -3.154017103803867794e+00
-3.638693685222984531e+00 -3.167281803322577804e+00
-3.664878502649088432e+00 -3.180636785394681976e+00
-3.691238433629407734e+00 -3.194078629912446399e+00
-3.717768027244275242e+00 -3.207604067875178711e+00
-3.744462006387172970e+00 -3.221209975265387548e+00
-3.771315263213477653e+00 -3.234893366947027449e+00
-3.798322854633739531e+00 -3.248651390636328795e+00
-3.825479997850459668e+00 -3.262481320984914834e+00
-3.852782065939116318e+00 -3.276380553806013118e+00
-3.880224583475392564e+00 -3.290346600467032978e+00
-3.907803222211306604e+00 -3.304377082465488336e+00
-3.935513796803763231e+00 -3.318469726199967607e+00
-3.963352260599237731e+00 -3.332622357943722413e+00
-3.972578008176132602e+00 -3.337568737177551981e+00
-3.981820445341061721e+00 -3.342523230051754002e+00
-3.991079345074874052e+00 -3.347485732780817624e+00
-4.000354484612134165e+00 -3.352456143338175654e+00
-4.009645645357340804e+00 -3.357434361427234393e+00
-4.018952612802352498e+00 -3.362420288452641959e+00
-4.028275176445022865e+00 -3.367413827491880784e+00
-4.037613129709164639e+00 -3.372414883267161656e+00
-4.046966269865751364e+00 -3.377423362117627725e+00
-4.056334397955393634e+00 -3.382439171971875602e+00
-4.065717318712182227e+00 -3.387462222320839711e+00
-4.075114840488769374e+00 -3.392492424190987066e+00
-4.084526775182848901e+00 -3.397529690117880197e+00
-4.093952938164874489e+00 -3.402573934120074473e+00
-4.103393148207131524e+00 -3.407625071673391570e+00
-4.112847227414139439e+00 -3.412683019685545105e+00
-4.122315001154329472e+00 -3.417747696471129082e+00
-4.131796297993024503e+00 -3.422819021726981159e+00
-4.141290949626738715e+00 -3.427896916507891412e+00
-4.150798790818758022e+00 -3.432981303202726320e+00
-4.160319659335936393e+00 -3.438072105510876497e+00
-4.169853395886845782e+00 -3.443169248419107653e+00
-4.179399844061073566e+00 -3.448272658178750838e+00
-4.188958850269828282e+00 -3.453382262283310133e+00
-4.198530263687714204e+00 -3.458497989446382981e+00
-4.208113936195715610e+00 -3.463619769579994845e+00
-4.217709722325385435e+00 -3.468747533773267833e+00
-4.227317479204176998e+00 -3.473881214271479223e+00
-4.236937066501919702e+00 -3.479020744455449510e+00
-4.246568346378441383e+00 -3.484166058821331458e+00
-4.256211183432307088e+00 -3.489317092960699362e+00
-4.265865444650613014e+00 -3.494473783541057088e+00
-4.275530999359911100e+00 -3.499636068286631652e+00
-4.285207719178134589e+00 -3.504803885959550946e+00
-4.294895477967600073e+00 -3.509977176341362082e+00
-4.304594151789005174e+00 -3.515155880214870354e+00
-4.314303618856415667e+00 -3.520339939346324165e+00
-4.324023759493289099e+00 -3.525529296467935225e+00
-4.333754456089354612e+00 -3.530723895260707845e+00
-4.343495593058552373e+00 -3.535923680337612840e+00
-4.353247056797781234e+00 -3.541128597227055863e+00
-4.363008735646658920e+00 -3.546338592356684138e+00
-4.372780519848080694e+00 -3.551553613037483181e+00
-4.382562301509682179e+00 -3.556773607448179941e+00
-4.392353974566169050e+00 -3.561998524619959916e+00
-4.402155434742409668e+00 -3.567228314421471147e+00
-4.411966579517433651e+00 -3.572462927544108879e+00
-4.421787308089156987e+00 -3.577702315487614193e+00
-4.431617521339891397e+00 -3.582946430545925320e+00
-4.441457121802667274e+00 -3.588195225793329168e+00
-4.443215677883758374e+00 -3.589055403832532853e+00
-4.444985233936266766e+00 -3.589919626315648760e+00
-4.446765889312091602e+00 -3.590787920236051090e+00
-4.448557744434788574e+00 -3.591660312834992652e+00
-4.450360900810762743e+00 -3.592536831605047443e+00
-4.452175461040590143e+00 -3.593417504293638043e+00
-4.454001528830273671e+00 -3.594302358906632744e+00
-4.455839209002639301e+00 -3.595191423712014167e+00
-4.457688607508726086e+00 -3.596084727243660684e+00
-4.459549831439221457e+00 -3.596982298305156256e+00
-4.461422989035932929e+00 -3.597884165973761039e+00
-4.463308189703299789e+00 -3.598790359604405076e+00
-4.465205544019934081e+00 -3.599700908833811219e+00
-4.467115163750136730e+00 -3.600615843584710873e+00
-4.469037161855508700e+00 -3.601535194070144996e+00
-4.470971652506515959e+00 -3.602458990797870353e+00
-4.472918751094073109e+00 -3.603387264574876792e+00
-4.474878574241149209e+00 -3.604320046512014653e+00
-4.476851239814366501e+00 -3.605257368028721654e+00
-4.478836866935561822e+00 -3.606199260857863464e+00
-4.480835575993373787e+00 -3.607145757050715495e+00
-4.482847488654780221e+00 -3.608096888982026407e+00
-4.484872727876625831e+00 -3.609052689355265908e+00
-4.486911417917120559e+00 -3.610013191207942729e+00
-4.488963684347251792e+00 -3.610978427917078459e+00
-4.491029654062239196e+00 -3.611948433204850151e+00
-4.493109455292821686e+00 -3.612923241144324837e+00
-4.495203217616587033e+00 -3.613902886165375694e+00
-4.497311071969149587e+00 -3.614887403060747406e+00
-4.499433150655309355e+00 -3.615876826992264981e+00
-4.501569587360050306e+00 -3.616871193497221526e+00
-4.503720517159544023e+00 -3.617870538494917021e+00
-4.505886076531932183e+00 -3.618874898293389375e+00
-4.508066403368083286e+00 -3.619884309596312022e+00
-4.510261636982161093e+00 -3.620898809510081584e+00
-4.512471918122091807e+00 -3.621918435551100046e+00
-4.514697388979868720e+00 -3.622943225653245225e+00
-4.516938193201696095e+00 -3.623973218175565503e+00
-4.519194475897965191e+00 -3.625008451910160634e+00
-4.521466383653036658e+00 -3.626048966090316572e+00
-4.523754064534840857e+00 -3.627094800398821928e+00
-4.526057668104263243e+00 -3.628145994976561539e+00
-4.528377345424304146e+00 -3.629202590431326758e+00
-4.530713249068994308e+00 -3.630264627846902847e+00
-4.533065533132096370e+00 -3.631332148792375758e+00
-4.535434353235466176e+00 -3.632405195331745329e+00
-4.537819866537235569e+00 -3.633483810033806716e+00
-4.540222231739607928e+00 -3.634568035982316925e+00
-4.542641609096389033e+00 -3.635657916786450894e+00
-4.545078160420197300e+00 -3.636753496591588863e+00
-4.547269946919491268e+00 -3.637587200611988703e+00
-4.549475282076060445e+00 -3.638425043068907794e+00
-4.551694275182171623e+00 -3.639267054399954571e+00
-4.553927036414364693e+00 -3.640113265338502213e+00
-4.556173676836714037e+00 -3.640963706917335951e+00
-4.558434308403934487e+00 -3.641818410472373646e+00
-4.560709043964326526e+00 -3.642677407646432552e+00
-4.562997997262624672e+00 -3.643540730393091120e+00
-4.565301282942611394e+00 -3.644408410980581436e+00
-4.567619016549667066e+00 -3.645280481995763378e+00
-4.569951314533086340e+00 -3.646156976348167600e+00
-4.572298294248257733e+00 -3.647037927274114466e+00
-4.574660073958642492e+00 -3.647923368340875605e+00
-4.577036772837598910e+00 -3.648813333450945606e+00
-4.579428510969990818e+00 -3.649707856846370557e+00
-4.581835409353625543e+00 -3.650606973113145859e+00
-4.584257589900460061e+00 -3.651510717185709076e+00
-4.586695175437611738e+00 -3.652419124351514057e+00
-4.589148289708180783e+00 -3.653332230255667668e+00
-4.591617057371785826e+00 -3.654250070905681991e+00
-4.594101604004933392e+00 -3.655172682676285145e+00
-4.596602056101112943e+00 -3.656100102314352451e+00
-4.599118541070652988e+00 -3.657032366943904211e+00
-4.601651187240337393e+00 -3.657969514071221173e+00
-4.604200123852751680e+00 -3.658911581590029272e+00
-4.606765481065354884e+00 -3.659858607786833584e+00
-4.609347389949302709e+00 -3.660810631346309574e+00
-4.611945982487952733e+00 -3.661767691356827115e+00
-4.614561391575109361e+00 -3.662729827316068665e+00
-4.617193751012939273e+00 -3.663697079136804646e+00
-4.619843195509630185e+00 -3.664669487152706573e+00
-4.622509860676659699e+00 -3.665647092124371564e+00
-4.625193883025817243e+00 -3.666629935245420135e+00
-4.627895399965866297e+00 -3.667618058148724991e+00
-4.630614549798813151e+00 -3.668611502912785927e+00
-4.633351471715926984e+00 -3.669610312068239288e+00
-4.636106305793319393e+00 -3.670614528604530413e+00
-4.638879192987210409e+00 -3.671624195976680660e+00
-4.641670275128772616e+00 -3.672639358112254726e+00
-4.644479694918663526e+00 -3.673660059418477175e+00
-4.647307595921064127e+00 -3.674686344789486192e+00
-4.650154122557432324e+00 -3.675718259613793837e+00
-4.653019420099757220e+00 -3.676755849781877750e+00
-4.655903634663439483e+00 -3.677799161693995789e+00
-4.658806913199729394e+00 -3.678848242268161428e+00
-4.661729403487749224e+00 -3.679903138948302566e+00
-4.664671254126036892e+00 -3.680963899712657472e+00
-4.667632614523681056e+00 -3.682030573082343938e+00
-4.670613634890959709e+00 -3.683103208130165562e+00
-4.673614466229516928e+00 -3.684181854489619212e+00
-4.673619261177797135e+00 -3.685642866277959229e+00
-4.673624113442784278e+00 -3.687146816624172097e+00
-4.673629024108911345e+00 -3.688695397215216776e+00
-4.673633994289740023e+00 -3.690290375623880514e+00
-4.673639025128989211e+00 -3.691933598499380409e+00
-4.673644117801608822e+00 -3.693626994808044905e+00
-4.673649273514964619e+00 -3.695372579108466393e+00
-4.673654493509987518e+00 -3.697172454842399425e+00
-4.673659779062455222e+00 -3.699028817618915888e+00
-4.673665131484288082e+00 -3.704349910523547340e+00
-4.673670552124929323e+00 -3.709872002094450227e+00
-4.673676042372790995e+00 -3.715401996459398060e+00
-4.673681603656738126e+00 -3.720939997733982985e+00
-4.673687237447720300e+00 -3.726486111378870980e+00
-4.673692945260401466e+00 -3.732040444207736840e+00
-4.673698728654935408e+00 -3.737603104394663589e+00
-4.673704589238778517e+00 -3.743174201481038743e+00
-4.673710528668665987e+00 -3.748753846381846611e+00
-4.673716548652623537e+00 -3.754342151391392157e+00
-4.673722650952110591e+00 -3.759939230188353854e+00
-4.673728837384322432e+00 -3.765545197840159286e+00
-4.673735109824538547e+00 -3.771160170806695966e+00
-4.673741470208654825e+00 -3.776784266943190804e+00
-4.673747920535849865e+00 -3.782417605502362612e+00
-4.673754462871391624e+00 -3.788060307135713511e+00
-4.673761099349601267e+00 -3.793712493893921511e+00
-4.673767832177006198e+00 -3.799374289226376877e+00
-4.673774663635670734e+00 -3.805045817979672229e+00
-4.673781596086709733e+00 -3.810727206395157385e+00
-4.673788631974046481e+00 -3.816418582105387092e+00
-4.673795773828352651e+00 -3.822120074129498946e+00
-4.673803024271292017e+00 -3.827831812867411809e+00
-4.673810386019975560e+00 -3.833553930092845619e+00
-4.673817861891738090e+00 -3.839286558945092409e+00
-4.673825454809190205e+00 -3.845029833919459517e+00
-4.673833167805629962e+00 -3.850783890856381841e+00
-4.673841004030820478e+00 -3.856548866929140562e+00
-4.673848966757085499e+00 -3.862324900630095481e+00
-4.673857059385924551e+00 -3.868112131755422123e+00
-4.673865285455010010e+00 -3.873910701388297184e+00
-4.673873648645698431e+00 -3.879720751880438190e+00
-4.673882152791092537e+00 -3.885542426832013341e+00
-4.673890801884673429e+00 -3.891375871069777226e+00
-4.673899600089561623e+00 -3.897221230623470589e+00
-4.673908551748467310e+00 -3.903078652700370466e+00
-4.673917661394440870e+00 -3.908948285657960486e+00
-4.673926933762387215e+00 -3.914830278974659183e+00
-4.673936373801522492e+00 -3.920724783218559217e+00
-4.673945986688815779e+00 -3.926631950014146444e+00
-4.673955777843537440e+00 -3.932551932006896678e+00
-4.675625088237230997e+00 -3.938527517749849771e+00
-4.677320711957661636e+00 -3.944516510526449249e+00
-4.679043243552588827e+00 -3.950518999031981338e+00
-4.680793294569322249e+00 -3.956535072775976047e+00
-4.682571494121963163e+00 -3.962564822084271743e+00
-4.684378489479079199e+00 -3.968608338100662269e+00
-4.686214946672460968e+00 -3.974665712788106653e+00
-4.688081551127708302e+00 -3.980737038929489824e+00
-4.689979008317313180e+00 -3.986822410127905059e+00
-4.691908044437027137e+00 -3.992921920806415059e+00
-4.693869407106189939e+00 -3.999035666207343187e+00
-4.695863866092743422e+00 -4.005163742390945636e+00
-4.697892214063777772e+00 -4.011306246233544925e+00
-4.699955267362160072e+00 -4.017463275425091851e+00
-4.702053866810141258e+00 -4.023634928466017335e+00
-4.704188878540531249e+00 -4.029821304663532722e+00
-4.706361194856258479e+00 -4.036022504127165789e+00
-4.708571735118842305e+00 -4.042238627763626191e+00
-4.710821446666569656e+00 -4.048469777270918613e+00
-4.713111305762871517e+00 -4.054716055131721397e+00
-4.715442318575523650e+00 -4.060977564605890322e+00
-4.717815522187105870e+00 -4.067254409722226960e+00
-4.720231985637263428e+00 -4.073546695269313567e+00
-4.722692810996967694e+00 -4.079854526785506863e+00
-4.725199134475151830e+00 -4.086178010547964590e+00
-4.727752127557791617e+00 -4.092517253560771451e+00
-4.730352998179485624e+00 -4.098872363542012565e+00
-4.733002991927291347e+00 -4.105243448909888571e+00
-4.735703393276629924e+00 -4.111630618767731171e+00
-4.738455526858592393e+00 -4.118033982887959077e+00
-4.741260758758021332e+00 -4.124453651694911294e+00
-4.744120497841213258e+00 -4.130889736246489363e+00
-4.747036197112058709e+00 -4.137342348214696486e+00
-4.750009355094846342e+00 -4.143811599864855921e+00
-4.753041517241850755e+00 -4.150297604033637455e+00
-4.756134277363095464e+00 -4.156800474105805776e+00
-4.759289279075501256e+00 -4.163320323989594840e+00
-4.762508217267902744e+00 -4.169857268090786384e+00
-4.765792839577937201e+00 -4.176411421285362913e+00
-4.769144947876100105e+00 -4.182982898890787560e+00
-4.772566399751609900e+00 -4.189571816635808688e+00
-4.776059109993829210e+00 -4.196178290628794549e+00
-4.779625052062253410e+00 -4.202802437324568707e+00
-4.783266259537022336e+00 -4.209444373489736435e+00
-4.786984827540896603e+00 -4.216104216166412400e+00
-4.790782914122558189e+00 -4.222782082634407352e+00
-4.794662741589798216e+00 -4.229478090371786791e+00
-4.798626597779920289e+00 -4.236192357013810472e+00
-4.802676837253135211e+00 -4.242925000310241224e+00
-4.806815882393431494e+00 -4.249676138080951127e+00
-4.807280224378888356e+00 -4.249904073510302638e+00
-4.807745525690274135e+00 -4.250132510617579129e+00
-4.808211788551275845e+00 -4.250361450759466919e+00
-4.808679015189730954e+00 -4.250590895296196159e+00
-4.809147207837598081e+00 -4.250820845591576358e+00
-4.809616368730980973e+00 -4.251051303012997273e+00
-4.810086500110104524e+00 -4.251282268931415587e+00
-4.810557604219343197e+00 -4.251513744721381549e+00
-4.811029683307173954e+00 -4.251745731761030989e+00
-4.811502739626233982e+00 -4.251978231432081756e+00
-4.811976775433264741e+00 -4.252211245119863037e+00
-4.812451792989137722e+00 -4.252444774213287815e+00
-4.812927794558849115e+00 -4.252678820104870638e+00
-4.813404782411526028e+00 -4.252913384190744495e+00
-4.813882758820403396e+00 -4.253148467870643934e+00
-4.814361726062832858e+00 -4.253384072547909511e+00
-4.814841686420294309e+00 -4.253620199629509102e+00
-4.815322642178375467e+00 -4.253856850526025468e+00
-4.815804595626772766e+00 -4.254094026651660698e+00
-4.816287549059305562e+00 -4.254331729424250419e+00
-4.816771504773886825e+00 -4.254569960265247808e+00
-4.817256465072550675e+00 -4.254808720599744021e+00
-4.817742432261426622e+00 -4.255048011856465529e+00
-4.818229408650745782e+00 -4.255287835467781221e+00
-4.818717396554841770e+00 -4.255528192869689086e+00
-4.819206398292159577e+00 -4.255769085501836635e+00
-4.819696416185214716e+00 -4.256010514807522682e+00
-4.820187452560639407e+00 -4.256252482233684020e+00
-4.820679509749142611e+00 -4.256494989230912296e+00
-4.821172590085534004e+00 -4.256738037253454898e+00
-4.821666695908698230e+00 -4.256981627759219400e+00
-4.822161829561618873e+00 -4.257225762209756681e+00
-4.822657993391347375e+00 -4.257470442070297345e+00
-4.823155189749025240e+00 -4.257715668809719745e+00
-4.823653420989860940e+00 -4.257961443900573073e+00
-4.824152689473150346e+00 -4.258207768819068484e+00
-4.824652997562258072e+00 -4.258454645045098630e+00
-4.825154347624604156e+00 -4.258702074062209242e+00
-4.825656742031699586e+00 -4.258950057357628438e+00
-4.826160183159101891e+00 -4.259198596422249850e+00
-4.826664673386434679e+00 -4.259447692750658376e+00
-4.827170215097392969e+00 -4.259697347841099990e+00
-4.827676810679706776e+00 -4.259947563195501274e+00
-4.828184462525179299e+00 -4.260198340319476529e+00
-4.828693173029654062e+00 -4.260449680722310895e+00
-4.829202944593025570e+00 -4.260701585916979006e+00
-4.829713779619238423e+00 -4.260954057420134333e+00
-4.830225680516273989e+00 -4.261207096752111845e+00
-4.830738649696161069e+00 -4.261460705436934226e+00
-4.831252689574959014e+00 -4.261714885002309217e+00
-4.831729965157915530e+00 -4.262271724285187524e+00
-4.832208245935280644e+00 -4.262830173424631219e+00
-4.832687534002214846e+00 -4.263390236780117526e+00
-4.833167831455232211e+00 -4.263951918710961131e+00
-4.833649140392166643e+00 -4.264515223576155201e+00
-4.834131462912159449e+00 -4.265080155734231937e+00
-4.834614801115617588e+00 -4.265646719543103593e+00
-4.835099157104187029e+00 -4.266214919359956781e+00
-4.835584532980762518e+00 -4.266784759541052630e+00
-4.836070930849417415e+00 -4.267356244441619317e+00
-4.836558352815403694e+00 -4.267929378415677988e+00
-4.837046800985117301e+00 -4.268504165815901530e+00
-4.837536277466092827e+00 -4.269080610993479574e+00
-4.838026784366941335e+00 -4.269658718297931976e+00
-4.838518323797356580e+00 -4.270238492076985359e+00
-4.839010897868083916e+00 -4.270819936676400808e+00
-4.839504508690865237e+00 -4.271403056439830870e+00
-4.839999158378462063e+00 -4.271987855708654358e+00
-4.840494849044584491e+00 -4.272574338821827133e+00
-4.840991582803891191e+00 -4.273162510115708024e+00
-4.841489361771952105e+00 -4.273752373923926484e+00
-4.841988188065221799e+00 -4.274343934577190751e+00
-4.842488063801018150e+00 -4.274937196403151951e+00
-4.842988991097481488e+00 -4.275532163726230017e+00
-4.843490972073570155e+00 -4.276128840867452041e+00
-4.843994008849021426e+00 -4.276727232144297730e+00
-4.844498103544305323e+00 -4.277327341870506672e+00
-4.845003258280627279e+00 -4.277929174355946884e+00
-4.845509475179889947e+00 -4.278532733906430963e+00
-4.846016756364651457e+00 -4.279138024823546438e+00
-4.846525103958116532e+00 -4.279745051404498568e+00
-4.847034520084103626e+00 -4.280353817941921157e+00
-4.847545006866998740e+00 -4.280964328723727341e+00
-4.848056566431755421e+00 -4.281576588032925734e+00
-4.848569200903846799e+00 -4.282190600147459669e+00
-4.849082912409235391e+00 -4.282806369340017127e+00
-4.849597703074356225e+00 -4.283423899877869090e+00
-4.850113575026080426e+00 -4.284043196022700783e+00
-4.850630530391694784e+00 -4.284664262030422499e+00
-4.851148571298853795e+00 -4.285287102150992844e+00
-4.851667699875561901e+00 -4.285911720628266863e+00
-4.852187918250160159e+00 -4.286538121699786430e+00
-4.852709228551253418e+00 -4.287166309596617708e+00
-4.853231632907728077e+00 -4.287796288543172629e+00
-4.853755133448689030e+00 -4.288428062757030368e+00
-4.854279732303444561e+00 -4.289061636448749937e+00
-4.854805431601474375e+00 -4.289697013821689886e+00
-4.855332233472389625e+00 -4.290334199071834220e+00
-4.855860140045924922e+00 -4.290973196387601440e+00
-4.856389153451875274e+00 -4.291614009949668684e+00
-4.856437676325043640e+00 -4.291637821440778211e+00
-4.856486200859754021e+00 -4.291661633838684153e+00
-4.856534727055995759e+00 -4.291685447143376742e+00
-4.856583254913766190e+00 -4.291709261354837324e+00
-4.856631784433042220e+00 -4.291733076473057018e+00
-4.856680315613833621e+00 -4.291756892498018061e+00
-4.856728848456114633e+00 -4.291780709429712459e+00
-4.856777382959885259e+00 -4.291804527268121561e+00
-4.856825919125129509e+00 -4.291828346013233819e+00
-4.856874456951848273e+00 -4.291852165665028807e+00
-4.856922996440017570e+00 -4.291875986223501194e+00
-4.856971537589638288e+00 -4.291899807688629664e+00
-4.857020080400703321e+00 -4.291923630060411554e+00
-4.857068624873194018e+00 -4.291947453338822882e+00
-4.857117171007106826e+00 -4.291971277523848549e+00
-4.857165718802433751e+00 -4.291995102615481450e+00
-4.857214268259164136e+00 -4.292018928613702933e+00
-4.857262819377282881e+00 -4.292042755518503228e+00
-4.857311372156784657e+00 -4.292066583329862794e+00
-4.857359926597661470e+00 -4.292090412047772752e+00
-4.857408482699902663e+00 -4.292114241672220665e+00
-4.857457040463501130e+00 -4.292138072203181665e+00
-4.857505599888444436e+00 -4.292161903640653087e+00
-4.857554160974722812e+00 -4.292185735984618056e+00
-4.857602723722325599e+00 -4.292209569235060584e+00
-4.857651288131248357e+00 -4.292233403391969127e+00
-4.857699854201478651e+00 -4.292257238455328583e+00
-4.857748421933007599e+00 -4.292281074425122966e+00
-4.857796991325828095e+00 -4.292304911301340731e+00
-4.857845562379924154e+00 -4.292328749083968553e+00
-4.857894135095289556e+00 -4.292352587772987782e+00
-4.857942709471918974e+00 -4.292376427368393976e+00
-4.857991285509795532e+00 -4.292400267870164043e+00
-4.858039863208916564e+00 -4.292424109278281108e+00
-4.858088442569271415e+00 -4.292447951592744282e+00
-4.858137023590844983e+00 -4.292471794813529584e+00
-4.858185606273634605e+00 -4.292495638940625469e+00
-4.858234190617629622e+00 -4.292519483974023053e+00
-4.858282776622814048e+00 -4.292543329913693029e+00
-4.858331364289184329e+00 -4.292567176759640724e+00
-4.858379953616731584e+00 -4.292591024511841269e+00
-4.858428544605442490e+00 -4.292614873170281342e+00
-4.858477137255309941e+00 -4.292638722734948509e+00
-4.858525731566325057e+00 -4.292662573205823229e+00
-4.858574327538477178e+00 -4.292686424582905502e+00
-4.858622925171755647e+00 -4.292710276866165131e+00
-4.858671524466152469e+00 -4.292734130055597674e+00
-4.858720125421656988e+00 -4.292757984151188033e+00
-4.858768728038263873e+00 -4.292781839152920220e+00
-4.858817332315962467e+00 -4.292805695060779136e+00
-4.858853260687491016e+00 -4.292822755001103552e+00
-4.858889189878725645e+00 -4.292839815382516910e+00
-4.858925119889641486e+00 -4.292856876205013883e+00
-4.858961050720249197e+00 -4.292873937468589141e+00
-4.858996982370539008e+00 -4.292890999173244460e+00
-4.859032914840507367e+00 -4.292908061318978064e+00
-4.859068848130150720e+00 -4.292925123905788176e+00
-4.859104782239461073e+00 -4.292942186933664139e+00
-4.859140717168437540e+00 -4.292959250402610394e+00
-4.859176652917075678e+00 -4.292976314312619834e+00
-4.859212589485364830e+00 -4.292993378663695125e+00
-4.859248526873306773e+00 -4.293010443455830938e+00
-4.859284465080897952e+00 -4.293027508689027272e+00
-4.859320404108129487e+00 -4.293044574363275245e+00
-4.859356343955001378e+00 -4.293061640478575747e+00
-4.859392284621502967e+00 -4.293078707034930552e+00
-4.859428226107633364e+00 -4.293095774032329004e+00
-4.859464168413391683e+00 -4.293112841470773766e+00
-4.859500111538763711e+00 -4.293129909350263063e+00
-4.859536055483753891e+00 -4.293146977670788011e+00
-4.859572000248356005e+00 -4.293164046432351277e+00
-4.859607945832562059e+00 -4.293181115634951972e+00
-4.859643892236366725e+00 -4.293198185278582990e+00
-4.859679839459772666e+00 -4.293215255363244331e+00
-4.859715787502770112e+00 -4.293232325888932444e+00
-4.859751736365357289e+00 -4.293249396855641109e+00
-4.859787686047525312e+00 -4.293266468263376545e+00
-4.859823636549273296e+00 -4.293283540112125429e+00
-4.859859587870595021e+00 -4.293300612401894867e+00
-4.859895540011484272e+00 -4.293317685132673311e+00
-4.859931492971941935e+00 -4.293334758304472309e+00
-4.859967446751954689e+00 -4.293351831917267880e+00
-4.860003401351532304e+00 -4.293368905971074234e+00
-4.860039356770655239e+00 -4.293385980465883378e+00
-4.860075313009327935e+00 -4.293403055401694424e+00
-4.860111270067546840e+00 -4.293420130778503818e+00
-4.860147227945297743e+00 -4.293437206596305344e+00
-4.860183186642583308e+00 -4.293454282855099891e+00
-4.860219146159396431e+00 -4.293471359554891009e+00
-4.860255106495736221e+00 -4.293488436695658272e+00
-4.860291067651600017e+00 -4.293505514277419444e+00
-4.860327029626975381e+00 -4.293522592300161200e+00
-4.860362992421859651e+00 -4.293539670763879101e+00
-4.860398956036249274e+00 -4.293556749668577588e+00
-4.860434920470143361e+00 -4.293573829014246890e+00
-4.860470885723536583e+00 -4.293590908800890560e+00
-4.860506851796417394e+00 -4.293607989028503269e+00
-4.860542818688791122e+00 -4.293625069697080576e+00
-4.860578786400648887e+00 -4.293642150806619817e+00
-4.860614754931980031e+00 -4.293659232357127209e+00
