-1.734914837795905163e+00 -3.569755457063192305e-01
-1.734914837795904496e+00 -1.129367163255638351e+00
-1.738951617500214653e+00 -1.129367163255638573e+00
-1.738951617500214430e+00 -1.131839422456089039e+00
-1.738951617500214208e+00 -1.190558553317873303e+00
-1.756844443849901793e+00 -1.190558553317871970e+00
-1.756844443849901793e+00 -1.190558553317871526e+00
-1.756844443849902682e+00 -1.295710296441335174e+00
-1.756844443849902238e+00 -1.295710296441335618e+00
-1.756844443849901793e+00 -1.465617680857025595e+00
-1.805683351640110734e+00 -1.465617680857024929e+00
-1.836455690225754500e+00 -1.465617680857025595e+00
-1.836455690225754944e+00 -1.465617680857025373e+00
-1.836455690225754722e+00 -1.465617680857024929e+00
-1.836455690225752946e+00 -1.467860237817718128e+00
-1.856313149944656127e+00 -1.467860237817717461e+00
