-5.198836871399016568e-02 -4.422880922627378879e-20
-1.039767374279803314e-01 -8.845761845254757759e-20
-1.559651061419705109e-01 -1.871009504210104800e-19
-2.079534748559606627e-01 -1.769152369050951552e-19
-2.599418435699508700e-01 -1.184508489315082297e-19
-3.119302122839410218e-01 -3.742019008420209600e-19
-3.639185809979312292e-01 -1.041812688661046056e-19
-4.159069497119213255e-01 -3.538304738101903103e-19
-4.678953184259115883e-01 -5.073736642400575060e-19
-5.198836871399017401e-01 -2.369016978630164594e-19
-5.718720558538918919e-01 -3.871035541841121604e-19
-6.238604245678820437e-01 -7.484038016840419199e-19
-6.758487932818721955e-01 -2.698416289150926936e-19
-7.278371619958624583e-01 -2.083625377322092113e-19
-7.798255307098526101e-01 -1.085639297797467363e-18
-8.318138994238426509e-01 -7.076609476203806207e-19
-8.838022681378330248e-01 -6.659635724630377599e-19
-9.357906368518231766e-01 -1.014747328480115012e-18
-9.877790055658134394e-01 -1.281618060188885343e-18
-1.039767374279803480e+00 -4.738033957260329189e-19
-1.091755742993793854e+00 -2.921208746883518299e-19
-1.143744111707783784e+00 -7.742071083682243209e-19
-1.195732480421774158e+00 -2.427362188970511215e-18
-1.247720849135764087e+00 -1.496807603368083840e-18
-1.299709217849754461e+00 -8.668590973341835273e-19
-1.351697586563744391e+00 -5.396832578301853871e-19
-1.403685955277734987e+00 -2.807587224752541447e-18
-1.455674323991724917e+00 -4.167250754644184225e-19
-1.507662692705715068e+00 -1.018298517908483926e-18
-1.559651061419705220e+00 -2.171278595594934726e-18
-1.611639430133695372e+00 -4.518154101379204763e-18
-1.663627798847685302e+00 -1.415321895240761241e-18
-1.715616167561675454e+00 -3.259148325407268813e-18
-1.767604536275666050e+00 -1.331927144926075520e-18
-1.819592904989656423e+00 -1.024610016779055905e-18
-1.871581273703646353e+00 -2.029494656960230024e-18
-1.923569642417636505e+00 -1.139238643097622308e-18
-1.975558011131626879e+00 -2.563236120377770686e-18
-2.027546379845616809e+00 -2.033430446681354831e-18
-2.079534748559606960e+00 -9.476067914520658377e-19
-2.131523117273597556e+00 -1.485933779288683644e-18
-2.183511485987587708e+00 -5.842417493767036597e-19
-2.235499854701577416e+00 -1.184042085220382170e-18
-2.287488223415567568e+00 -1.548414216736448642e-18
-2.339476592129558163e+00 -1.720601582131639696e-18
-2.391464960843548315e+00 -4.854724377941022430e-18
-2.443453329557538467e+00 -4.943337078570235083e-18
-2.495441698271528175e+00 -2.993615206736167680e-18
-2.547430066985518771e+00 -5.322060439516762899e-18
-2.599418435699508922e+00 -1.733718194668367055e-18
-2.599418435699508922e+00 -3.707718673724535313e-02
-2.599418435699508922e+00 -7.415437347449072014e-02
-2.599418435699508922e+00 -1.112315602117360525e-01
-2.599418435699508922e+00 -1.483087469489813570e-01
-2.599418435699508922e+00 -1.853859336862268836e-01
-2.599418435699508922e+00 -2.224631204234721604e-01
-2.599418435699508922e+00 -2.595403071607174650e-01
-2.599418435699508922e+00 -2.966174938979629361e-01
-2.599418435699508922e+00 -3.336946806352082961e-01
-2.599418435699508922e+00 -3.707718673724535452e-01
-2.599418435699508922e+00 -4.078490541096989608e-01
-2.599418435699508922e+00 -4.449262408469442653e-01
-2.599418435699508922e+00 -4.820034275841895699e-01
-2.599418435699508922e+00 -5.190806143214351520e-01
-2.599418435699508922e+00 -5.561578010586806231e-01
-2.599418435699508922e+00 -5.932349877959258722e-01
-2.599418435699508922e+00 -6.303121745331712322e-01
-2.599418435699508922e+00 -6.673893612704163703e-01
-2.599418435699508922e+00 -7.044665480076617303e-01
-2.599418435699508922e+00 -7.415437347449074235e-01
-2.599418435699508922e+00 -7.786209214821518954e-01
-2.599418435699508922e+00 -8.156981082193976995e-01
-2.599418435699508922e+00 -8.527752949566428375e-01
-2.599418435699508922e+00 -8.898524816938889748e-01
-2.599418435699508922e+00 -9.269296684311342238e-01
-2.599418435699508922e+00 -9.640068551683790288e-01
-2.599418435699508922e+00 -1.001084041905624167e+00
-2.599418435699508922e+00 -1.038161228642869638e+00
-2.599418435699508922e+00 -1.075238415380116219e+00
-2.599418435699508922e+00 -1.112315602117361246e+00
-2.599418435699508922e+00 -1.149392788854605607e+00
-2.599418435699508922e+00 -1.186469975591851522e+00
-2.599418435699508922e+00 -1.223547162329097215e+00
-2.599418435699508922e+00 -1.260624349066341576e+00
-2.599418435699508922e+00 -1.297701535803587491e+00
-2.599418435699508922e+00 -1.334778722540833407e+00
-2.599418435699508922e+00 -1.371855909278078212e+00
-2.599418435699508922e+00 -1.408933096015323017e+00
-2.599418435699508922e+00 -1.446010282752570042e+00
-2.599418435699508922e+00 -1.483087469489814403e+00
-2.599418435699508922e+00 -1.520164656227060540e+00
-2.599418435699508922e+00 -1.557241842964305345e+00
-2.599418435699508922e+00 -1.594319029701550150e+00
-2.599418435699508922e+00 -1.631396216438795621e+00
-2.599418435699508922e+00 -1.668473403176040204e+00
-2.599418435699508922e+00 -1.705550589913286341e+00
-2.599418435699508922e+00 -1.742627776650531590e+00
-2.599418435699508922e+00 -1.779704963387777283e+00
-2.599418435699508922e+00 -1.816782150125022088e+00
-2.599418435699508922e+00 -1.853859336862268892e+00
-2.599418435699508922e+00 -1.853859336862266893e+00
-2.599418435699508922e+00 -1.853859336862267559e+00
-2.599418435699508922e+00 -1.853859336862267559e+00
-2.599418435699508922e+00 -1.853859336862267781e+00
-2.599418435699508922e+00 -1.853859336862267781e+00
-2.599418435699508922e+00 -1.853859336862267559e+00
-2.599418435699508922e+00 -1.853859336862267559e+00
-2.599418435699508922e+00 -1.853859336862268226e+00
-2.599418435699508922e+00 -1.853859336862268892e+00
-2.599418435699508922e+00 -1.853859336862267559e+00
-2.599418435699508922e+00 -1.853859336862267781e+00
-2.599418435699508922e+00 -1.853859336862267781e+00
-2.599418435699508922e+00 -1.853859336862268448e+00
-2.599418435699508922e+00 -1.853859336862268670e+00
-2.599418435699508922e+00 -1.853859336862267337e+00
-2.599418435699508922e+00 -1.853859336862267781e+00
-2.599418435699508922e+00 -1.853859336862267781e+00
-2.599418435699508922e+00 -1.853859336862267781e+00
-2.599418435699508922e+00 -1.853859336862268226e+00
-2.599418435699508922e+00 -1.853859336862267781e+00
-2.599418435699508922e+00 -1.853859336862267781e+00
-2.599418435699508922e+00 -1.853859336862267337e+00
-2.599418435699508922e+00 -1.853859336862267781e+00
-2.599418435699508922e+00 -1.853859336862267781e+00
-2.599418435699508922e+00 -1.853859336862267559e+00
-2.599418435699508922e+00 -1.853859336862266893e+00
-2.599418435699508922e+00 -1.853859336862267781e+00
-2.599418435699508922e+00 -1.853859336862268226e+00
-2.599418435699508922e+00 -1.853859336862269336e+00
-2.599418435699508922e+00 -1.853859336862267337e+00
-2.599418435699508922e+00 -1.853859336862267337e+00
-2.599418435699508922e+00 -1.853859336862267559e+00
-2.599418435699508922e+00 -1.853859336862267781e+00
-2.599418435699508922e+00 -1.853859336862268226e+00
-2.599418435699508922e+00 -1.853859336862267781e+00
-2.599418435699508922e+00 -1.853859336862268892e+00
-2.599418435699508922e+00 -1.853859336862267781e+00
-2.599418435699508922e+00 -1.853859336862268226e+00
-2.599418435699508922e+00 -1.853859336862267781e+00
-2.599418435699508922e+00 -1.853859336862267337e+00
-2.599418435699508922e+00 -1.853859336862268448e+00
-2.599418435699508922e+00 -1.853859336862268448e+00
-2.599418435699508922e+00 -1.853859336862266893e+00
-2.599418435699508922e+00 -1.853859336862267781e+00
-2.599418435699508922e+00 -1.853859336862267781e+00
-2.599418435699508922e+00 -1.853859336862267781e+00
-2.599418435699508922e+00 -1.853859336862267781e+00
-2.599418435699508922e+00 -1.853859336862267559e+00
-2.599418435699508922e+00 -1.853859336862267781e+00
-2.599418435699508922e+00 -1.853859336862268892e+00
-2.599418435699508922e+00 -1.853859336862268226e+00
-2.599418435699508922e+00 -1.853859336862267559e+00
-2.599418435699508922e+00 -1.853859336862268670e+00
-2.599418435699508922e+00 -1.853859336862267781e+00
-2.599418435699508922e+00 -1.853859336862268670e+00
-2.599418435699508922e+00 -1.853859336862267781e+00
-2.599418435699508922e+00 -1.853859336862268226e+00
-2.599418435699508922e+00 -1.853859336862267559e+00
-2.599418435699508922e+00 -1.853859336862268448e+00
-2.599418435699508922e+00 -1.853859336862268670e+00
-2.599418435699508922e+00 -1.853859336862268670e+00
-2.599418435699508922e+00 -1.853859336862269336e+00
-2.599418435699508478e+00 -1.853859336862269558e+00
-2.599418435699508922e+00 -1.853859336862266893e+00
-2.599418435699508922e+00 -1.853859336862268448e+00
-2.599418435699508922e+00 -1.853859336862267781e+00
-2.599418435699508922e+00 -1.853859336862267559e+00
-2.599418435699508922e+00 -1.853859336862268892e+00
-2.599418435699508922e+00 -1.853859336862268226e+00
-2.599418435699508922e+00 -1.853859336862266893e+00
-2.599418435699508922e+00 -1.853859336862266893e+00
-2.599418435699508922e+00 -1.853859336862267781e+00
-2.599418435699508478e+00 -1.853859336862267559e+00
-2.599418435699508922e+00 -1.853859336862267781e+00
-2.599418435699508922e+00 -1.853859336862268670e+00
-2.599418435699508922e+00 -1.853859336862268226e+00
-2.599418435699508922e+00 -1.853859336862267337e+00
-2.599418435699508922e+00 -1.853859336862267559e+00
-2.599418435699508922e+00 -1.853859336862267559e+00
-2.599418435699508922e+00 -1.853859336862268448e+00
-2.599418435699508922e+00 -1.853859336862266893e+00
-2.599418435699509367e+00 -1.853859336862268226e+00
-2.599418435699508478e+00 -1.853859336862268448e+00
-2.599418435699508922e+00 -1.853859336862268226e+00
-2.599418435699508922e+00 -1.853859336862268670e+00
-2.599418435699508922e+00 -1.853859336862267559e+00
-2.599418435699508922e+00 -1.853859336862267559e+00
-2.599418435699508922e+00 -1.853859336862267337e+00
-2.599418435699508922e+00 -1.853859336862267559e+00
-2.599418435699508922e+00 -1.853859336862267781e+00
-2.599418435699508922e+00 -1.853859336862267559e+00
-2.599418435699508922e+00 -1.853859336862268226e+00
-2.599418435699508922e+00 -1.853859336862266893e+00
-2.599418435699508922e+00 -1.853859336862268226e+00
-2.599418435699508922e+00 -1.853859336862267559e+00
-2.599418435699508922e+00 -1.853859336862267781e+00
-2.599418435699508922e+00 -1.853859336862268226e+00
-2.599418435699508478e+00 -1.853859336862268670e+00
-2.599418435699508922e+00 -1.853859336862267781e+00
-2.599418435699508922e+00 -1.853859336862267781e+00
-2.599418435699508922e+00 -1.853859336862268448e+00
-2.599418435699508478e+00 -1.853859336862267337e+00
-2.599418435699508922e+00 -1.853859336862268004e+00
-2.599418435699509367e+00 -1.853859336862266893e+00
-2.599418435699509811e+00 -1.853859336862268226e+00
-2.599418435699509367e+00 -1.853859336862268004e+00
-2.599418435699508922e+00 -1.853859336862269114e+00
-2.599418435699508922e+00 -1.853859336862267781e+00
-2.599418435699508922e+00 -1.853859336862267781e+00
-2.599418435699508478e+00 -1.853859336862268004e+00
-2.599418435699508922e+00 -1.853859336862268004e+00
-2.599418435699509367e+00 -1.853859336862267337e+00
-2.599418435699507590e+00 -1.853859336862268670e+00
-2.599418435699508478e+00 -1.853859336862268670e+00
-2.599418435699509811e+00 -1.853859336862268004e+00
-2.599418435699508922e+00 -1.853859336862269114e+00
-2.599418435699508922e+00 -1.853859336862268448e+00
-2.599418435699509367e+00 -1.853859336862268004e+00
-2.599418435699507590e+00 -1.853859336862267115e+00
-2.599418435699507590e+00 -1.853859336862267559e+00
-2.599418435699508034e+00 -1.853859336862267781e+00
-2.599418435699508922e+00 -1.853859336862268448e+00
-2.599418435699508922e+00 -1.853859336862267115e+00
-2.599418435699507590e+00 -1.853859336862267337e+00
-2.599418435699508034e+00 -1.853859336862267559e+00
-2.599418435699509367e+00 -1.853859336862267559e+00
-2.599418435699509367e+00 -1.853859336862267337e+00
-2.599418435699508034e+00 -1.853859336862267337e+00
-2.599418435699508478e+00 -1.853859336862268670e+00
-2.599418435699509367e+00 -1.853859336862267781e+00
-2.599418435699508034e+00 -1.853859336862267781e+00
-2.599418435699508922e+00 -1.853859336862268670e+00
-2.599418435699508922e+00 -1.853859336862268004e+00
-2.599418435699508478e+00 -1.853859336862266893e+00
-2.599418435699508922e+00 -1.853859336862267337e+00
-2.599418435699508478e+00 -1.853859336862268448e+00
-2.599418435699508478e+00 -1.853859336862267559e+00
-2.599418435699508034e+00 -1.853859336862268670e+00
-2.599418435699509367e+00 -1.853859336862268448e+00
-2.599418435699508478e+00 -1.853859336862268226e+00
-2.599418435699509811e+00 -1.853859336862268892e+00
-2.599418435699508922e+00 -1.853859336862268892e+00
-2.599418435699508922e+00 -1.853859336862268226e+00
-2.599418435699508922e+00 -1.853859336862267781e+00
-2.599418435699508034e+00 -1.853859336862268004e+00
-2.599418435699509367e+00 -1.853859336862268448e+00
-2.599418435699508922e+00 -1.853859336862268892e+00
-2.599418435699509367e+00 -1.853859336862268892e+00
-2.599418435699508478e+00 -1.853859336862267115e+00
-2.599418435699508034e+00 -1.853859336862268448e+00
-2.599418435699508034e+00 -1.853859336862267115e+00
-2.599418435699508478e+00 -1.853859336862267781e+00
-2.599418435699508478e+00 -1.853859336862268004e+00
-2.599418435699508922e+00 -1.853859336862267559e+00
-2.599418435699507590e+00 -1.853859336862267337e+00
-2.599418435699508034e+00 -1.853859336862268004e+00
-2.599418435699509367e+00 -1.853859336862268004e+00
-2.599418435699508922e+00 -1.853859336862268670e+00
-2.599418435699507590e+00 -1.853859336862267781e+00
-2.599418435699507590e+00 -1.853859336862267781e+00
-2.599418435699508478e+00 -1.853859336862268226e+00
-2.599418435699508478e+00 -1.853859336862267781e+00
-2.599418435699508034e+00 -1.853859336862267337e+00
-2.599418435699508034e+00 -1.853859336862267781e+00
-2.599418435699508922e+00 -1.853859336862268004e+00
-2.599418435699508478e+00 -1.853859336862267337e+00
-2.599418435699508922e+00 -1.853859336862269780e+00
-2.599418435699508922e+00 -1.853859336862267781e+00
-2.599418435699508922e+00 -1.853859336862267337e+00
-2.599418435699508922e+00 -1.853859336862267781e+00
-2.599418435699508034e+00 -1.853859336862268226e+00
-2.599418435699507590e+00 -1.853859336862268226e+00
-2.599418435699508034e+00 -1.853859336862267115e+00
-2.599418435699507590e+00 -1.853859336862267781e+00
-2.599418435699508478e+00 -1.853859336862266893e+00
-2.599418435699508478e+00 -1.853859336862267781e+00
-2.599418435699509367e+00 -1.853859336862268226e+00
-2.599418435699508478e+00 -1.853859336862268226e+00
-2.599418435699508922e+00 -1.853859336862268670e+00
-2.599418435699508478e+00 -1.853859336862265783e+00
-2.599418435699508034e+00 -1.853859336862268004e+00
-2.599418435699507146e+00 -1.853859336862268226e+00
-2.599418435699507146e+00 -1.853859336862268448e+00
-2.599418435699508922e+00 -1.853859336862267559e+00
-2.599418435699508478e+00 -1.853859336862268448e+00
-2.599418435699508034e+00 -1.853859336862268670e+00
-2.599418435699507146e+00 -1.853859336862268004e+00
-2.599418435699509367e+00 -1.853859336862268448e+00
-2.599418435699508034e+00 -1.853859336862268004e+00
-2.599418435699508922e+00 -1.853859336862268004e+00
-2.599418435699508034e+00 -1.853859336862267115e+00
-2.599418435699507146e+00 -1.853859336862267781e+00
-2.599418435699508478e+00 -1.853859336862268004e+00
-2.599418435699508478e+00 -1.853859336862267337e+00
-2.599418435699508922e+00 -1.853859336862268448e+00
-2.599418435699509367e+00 -1.853859336862268004e+00
-2.599418435699508922e+00 -1.853859336862267781e+00
-2.599418435699508478e+00 -1.853859336862268004e+00
-2.599418435699510255e+00 -1.853859336862268004e+00
-2.599418435699508478e+00 -1.853859336862268004e+00
-2.599418435699508478e+00 -1.853859336862268226e+00
-2.599418435699508034e+00 -1.853859336862266449e+00
-2.599418435699508478e+00 -1.853859336862267115e+00
-2.599418435699508034e+00 -1.853859336862266893e+00
-2.599418435699507146e+00 -1.853859336862268004e+00
-2.599418435699507146e+00 -1.853859336862267781e+00
-2.599418435699508478e+00 -1.853859336862268004e+00
-2.599418435699509811e+00 -1.853859336862269114e+00
-2.599418435699508922e+00 -1.853859336862269780e+00
-2.599418435699508478e+00 -1.853859336862267115e+00
-2.599418435699508478e+00 -1.853859336862268226e+00
-2.599418435699508478e+00 -1.853859336862266449e+00
-2.599418435699508034e+00 -1.853859336862268448e+00
-2.599418435699508034e+00 -1.853859336862268226e+00
-2.599418435699508922e+00 -1.853859336862267115e+00
-2.599418435699508478e+00 -1.853859336862267337e+00
-2.599418435699507146e+00 -1.853859336862267337e+00
-2.599418435699508034e+00 -1.853859336862268226e+00
-2.599418435699508478e+00 -1.853859336862267115e+00
-2.599418435699508478e+00 -1.853859336862266893e+00
-2.599418435699508478e+00 -1.853859336862267115e+00
-2.599418435699508478e+00 -1.853859336862268004e+00
-2.599418435699508478e+00 -1.853859336862268004e+00
-2.599418435699510255e+00 -1.853859336862269114e+00
-2.599418435699507146e+00 -1.853859336862267115e+00
-2.599418435699508478e+00 -1.853859336862267337e+00
-2.599418435699508478e+00 -1.853859336862267781e+00
-2.599418435699508034e+00 -1.853859336862268004e+00
-2.599418435699508478e+00 -1.853859336862266893e+00
-2.599418435699507146e+00 -1.853859336862267337e+00
-2.599418435699508478e+00 -1.853859336862267781e+00
-2.599418435699507146e+00 -1.853859336862268892e+00
-2.599418435699508922e+00 -1.853859336862267781e+00
-2.599418435699508034e+00 -1.853859336862267337e+00
-2.599418435699508478e+00 -1.853859336862267115e+00
-2.599418435699508034e+00 -1.853859336862268004e+00
-2.599418435699508034e+00 -1.853859336862267337e+00
-2.599418435699507146e+00 -1.853859336862266893e+00
-2.599418435699508034e+00 -1.853859336862267115e+00
-2.599418435699508478e+00 -1.853859336862268226e+00
-2.599418435699508478e+00 -1.853859336862268226e+00
-2.599418435699508922e+00 -1.853859336862266893e+00
-2.599418435699508922e+00 -1.853859336862268448e+00
-2.599418435699509811e+00 -1.853859336862267781e+00
-2.599418435699508478e+00 -1.853859336862267337e+00
-2.599418435699509811e+00 -1.853859336862268004e+00
-2.599418435699508922e+00 -1.853859336862267115e+00
-2.599418435699508922e+00 -1.853859336862267781e+00
-2.599418435699507146e+00 -1.853859336862269114e+00
-2.599418435699508478e+00 -1.853859336862267337e+00
-2.599418435699508478e+00 -1.853859336862268226e+00
-2.599418435699508478e+00 -1.853859336862266893e+00
-2.599418435699507146e+00 -1.853859336862268226e+00
-2.599418435699508478e+00 -1.853859336862268004e+00
-2.599418435699508034e+00 -1.853859336862268004e+00
-2.599418435699508034e+00 -1.853859336862268226e+00
-2.599418435699508034e+00 -1.853859336862267337e+00
-2.599418435699506702e+00 -1.853859336862267115e+00
-2.599418435699508922e+00 -1.853859336862268004e+00
-2.599418435699507146e+00 -1.853859336862267337e+00
-2.599418435699508922e+00 -1.853859336862267337e+00
-2.599418435699508922e+00 -1.853859336862267781e+00
-2.599418435699507146e+00 -1.853859336862268892e+00
-2.599418435699508478e+00 -1.853859336862266893e+00
-2.599418435699508478e+00 -1.853859336862267337e+00
-2.599418435699508922e+00 -1.853859336862267337e+00
-2.599418435699508034e+00 -1.853859336862268004e+00
-2.599418435699509811e+00 -1.853859336862267337e+00
-2.599418435699508922e+00 -1.853859336862268004e+00
-2.599418435699508922e+00 -1.853859336862267781e+00
-2.599418435699508922e+00 -1.853859336862267115e+00
-2.599418435699508922e+00 -1.853859336862268226e+00
-2.599418435699508478e+00 -1.853859336862267337e+00
-2.599418435699508478e+00 -1.853859336862268226e+00
-2.599418435699508478e+00 -1.853859336862266227e+00
-2.599418435699507146e+00 -1.853859336862266893e+00
-2.599418435699508478e+00 -1.853859336862267337e+00
-2.599418435699508922e+00 -1.853859336862268226e+00
-2.599418435699508034e+00 -1.853859336862266449e+00
-2.599418435699508478e+00 -1.853859336862269114e+00
-2.599418435699508034e+00 -1.853859336862267115e+00
-2.599418435699507146e+00 -1.853859336862269336e+00
-2.599418435699508922e+00 -1.853859336862268226e+00
-2.599418435699508922e+00 -1.853859336862268004e+00
-2.599418435699508034e+00 -1.853859336862267781e+00
-2.599418435699508034e+00 -1.853859336862268004e+00
-2.599418435699506702e+00 -1.853859336862267337e+00
-2.599418435699508922e+00 -1.853859336862268226e+00
-2.599418435699508034e+00 -1.853859336862267781e+00
-2.599418435699507146e+00 -1.853859336862269114e+00
-2.599418435699508034e+00 -1.853859336862268892e+00
-2.599418435699508034e+00 -1.853859336862267337e+00
-2.599418435699508034e+00 -1.853859336862268448e+00
-2.599418435699508922e+00 -1.853859336862268226e+00
-2.599418435699507146e+00 -1.853859336862268226e+00
-2.599418435699508034e+00 -1.853859336862268448e+00
-2.599418435699507146e+00 -1.853859336862267337e+00
-2.599418435699508034e+00 -1.853859336862267337e+00
-2.599418435699508478e+00 -1.853859336862267337e+00
-2.599418435699508034e+00 -1.853859336862267781e+00
-2.599418435699508478e+00 -1.853859336862267559e+00
-2.599418435699506702e+00 -1.853859336862267337e+00
-2.599418435699508478e+00 -1.853859336862267115e+00
-2.599418435699509811e+00 -1.853859336862268448e+00
-2.599418435699508922e+00 -1.853859336862267781e+00
-2.599418435699508478e+00 -1.853859336862267559e+00
-2.599418435699509811e+00 -1.853859336862267559e+00
-2.599418435699508034e+00 -1.853859336862268004e+00
-2.599418435699508478e+00 -1.853859336862267337e+00
-2.599418435699508478e+00 -1.853859336862268004e+00
-2.599418435699506702e+00 -1.853859336862268670e+00
-2.599418435699507590e+00 -1.853859336862268448e+00
-2.599418435699507590e+00 -1.853859336862266893e+00
-2.599418435699507590e+00 -1.853859336862268004e+00
-2.599418435699507590e+00 -1.853859336862267781e+00
-2.599418435699508034e+00 -1.853859336862267115e+00
-2.599418435699506702e+00 -1.853859336862268004e+00
-2.599418435699507590e+00 -1.853859336862268670e+00
-2.599418435699508922e+00 -1.853859336862267781e+00
-2.599418435699509811e+00 -1.853859336862267115e+00
-2.599418435699508034e+00 -1.853859336862267115e+00
-2.599418435699508034e+00 -1.853859336862268448e+00
-2.599418435699508922e+00 -1.853859336862267781e+00
-2.599418435699510255e+00 -1.853859336862267337e+00
-2.599418435699508922e+00 -1.853859336862268226e+00
-2.599418435699509811e+00 -1.853859336862267781e+00
-2.599418435699507590e+00 -1.853859336862269114e+00
-2.599418435699508034e+00 -1.853859336862266893e+00
-2.599418435699508922e+00 -1.853859336862267781e+00
-2.599418435699508922e+00 -1.853859336862267781e+00
-2.599418435699509811e+00 -1.853859336862267337e+00
-2.599418435699510255e+00 -1.853859336862266671e+00
-2.599418435699508034e+00 -1.853859336862267781e+00
-2.599418435699508922e+00 -1.853859336862267781e+00
-2.599418435699508034e+00 -1.853859336862267781e+00
-2.599418435699509811e+00 -1.853859336862268448e+00
-2.599418435699509367e+00 -1.853859336862267115e+00
-2.599418435699510255e+00 -1.853859336862267337e+00
-2.599418435699508922e+00 -1.853859336862268670e+00
-2.599418435699509367e+00 -1.853859336862268004e+00
-2.599418435699509811e+00 -1.853859336862268670e+00
-2.599418435699508922e+00 -1.853859336862267559e+00
-2.599418435699508478e+00 -1.853859336862268226e+00
-2.599418435699508478e+00 -1.853859336862267781e+00
-2.599418435699508478e+00 -1.853859336862267781e+00
-2.599418435699508034e+00 -1.853859336862266671e+00
-2.599418435699508922e+00 -1.853859336862267559e+00
-2.599418435699508478e+00 -1.853859336862268670e+00
-2.599418435699508034e+00 -1.853859336862268226e+00
-2.599418435699508034e+00 -1.853859336862268226e+00
-2.599418435699508922e+00 -1.853859336862267559e+00
-2.599418435699508478e+00 -1.853859336862268448e+00
-2.599418435699508922e+00 -1.853859336862267559e+00
-2.599418435699508478e+00 -1.853859336862268448e+00
-2.599418435699508478e+00 -1.853859336862267337e+00
-2.599418435699508478e+00 -1.853859336862268448e+00
-2.599418435699508034e+00 -1.853859336862267559e+00
-2.599418435699508922e+00 -1.853859336862267559e+00
-2.599418435699508478e+00 -1.853859336862267559e+00
-2.599418435699508922e+00 -1.853859336862267559e+00
-2.599418435699508478e+00 -1.853859336862267337e+00
-2.599418435699508922e+00 -1.853859336862267337e+00
-2.599418435699508478e+00 -1.853859336862267559e+00
-2.599418435699508922e+00 -1.853859336862268448e+00
-2.599418435699508478e+00 -1.853859336862266671e+00
-2.599418435699508922e+00 -1.853859336862267559e+00
-2.599418435699508922e+00 -1.853859336862268226e+00
-2.599418435699508034e+00 -1.853859336862267559e+00
-2.599418435699508034e+00 -1.853859336862267559e+00
-2.599418435699508922e+00 -1.853859336862267559e+00
-2.599418435699508034e+00 -1.853859336862268226e+00
-2.599418435699508034e+00 -1.853859336862267559e+00
-2.599418435699508034e+00 -1.853859336862267559e+00
-2.599418435699508478e+00 -1.853859336862267337e+00
-2.599418435699508478e+00 -1.853859336862267337e+00
-2.599418435699508922e+00 -1.853859336862268226e+00
-2.599418435699510255e+00 -1.853859336862268448e+00
-2.599418435699508922e+00 -1.853859336862267337e+00
-2.599418435699508034e+00 -1.853859336862266893e+00
-2.599418435699508478e+00 -1.853859336862267337e+00
-2.599418435699508922e+00 -1.853859336862267559e+00
-2.599418435699508034e+00 -1.853859336862267781e+00
-2.599418435699508922e+00 -1.853859336862267781e+00
-2.599418435699508034e+00 -1.853859336862269336e+00
-2.599418435699508478e+00 -1.853859336862267559e+00
-2.599418435699508922e+00 -1.853859336862268226e+00
-2.599418435699508478e+00 -1.853859336862268226e+00
-2.599418435699508478e+00 -1.853859336862268670e+00
-2.599418435699508034e+00 -1.853859336862267559e+00
-2.599418435699508478e+00 -1.853859336862268448e+00
-2.599418435699508034e+00 -1.853859336862267559e+00
-2.599418435699508478e+00 -1.853859336862267337e+00
-2.599418435699507146e+00 -1.853859336862267559e+00
-2.599418435699506258e+00 -1.853859336862267337e+00
-2.599418435699508478e+00 -1.853859336862267559e+00
-2.599418435699508478e+00 -1.853859336862268226e+00
-2.599418435699508034e+00 -1.853859336862267781e+00
-2.599418435699508034e+00 -1.853859336862268448e+00
-2.599418435699508478e+00 -1.853859336862266893e+00
-2.599418435699508478e+00 -1.853859336862267337e+00
-2.599418435699507146e+00 -1.853859336862267559e+00
-2.599418435699508922e+00 -1.853859336862267337e+00
-2.599418435699508478e+00 -1.853859336862267781e+00
-2.599418435699507146e+00 -1.853859336862267781e+00
-2.599418435699508478e+00 -1.853859336862266671e+00
-2.599418435699508478e+00 -1.853859336862267559e+00
-2.599418435699508478e+00 -1.853859336862267559e+00
-2.599418435699510255e+00 -1.853859336862266893e+00
-2.599418435699508478e+00 -1.853859336862266893e+00
-2.599418435699508478e+00 -1.853859336862267559e+00
-2.599418435699509811e+00 -1.853859336862267559e+00
-2.599418435699508922e+00 -1.853859336862267337e+00
-2.599418435699508034e+00 -1.853859336862267559e+00
-2.599418435699508922e+00 -1.853859336862267559e+00
-2.599418435699508478e+00 -1.853859336862268670e+00
-2.599418435699508034e+00 -1.853859336862268226e+00
-2.599418435699508034e+00 -1.853859336862267337e+00
-2.599418435699508034e+00 -1.853859336862267781e+00
-2.599418435699508478e+00 -1.853859336862267559e+00
-2.599418435699508922e+00 -1.853859336862267337e+00
-2.599418435699508034e+00 -1.853859336862267337e+00
-2.599418435699508478e+00 -1.853859336862267781e+00
-2.599418435699508922e+00 -1.853859336862267781e+00
-2.599418435699508478e+00 -1.853859336862266671e+00
-2.599418435699508478e+00 -1.853859336862267559e+00
-2.599418435699508922e+00 -1.853859336862267337e+00
-2.599418435699508922e+00 -1.853859336862268226e+00
-2.599418435699507146e+00 -1.853859336862267559e+00
-2.599418435699508034e+00 -1.853859336862266671e+00
-2.599418435699508478e+00 -1.853859336862267337e+00
-2.599418435699508034e+00 -1.853859336862267559e+00
-2.599418435699508922e+00 -1.853859336862267559e+00
-2.599418435699508922e+00 -1.853859336862267559e+00
-2.599418435699509811e+00 -1.853859336862267781e+00
-2.599418435699507146e+00 -1.853859336862267781e+00
-2.599418435699508478e+00 -1.853859336862266893e+00
-2.599418435699508478e+00 -1.853859336862268448e+00
-2.599418435699508034e+00 -1.853859336862267559e+00
-2.599418435699508478e+00 -1.853859336862266671e+00
-2.599418435699508922e+00 -1.853859336862267337e+00
-2.599418435699507146e+00 -1.853859336862267559e+00
-2.599418435699508034e+00 -1.853859336862267337e+00
-2.599418435699508922e+00 -1.853859336862267559e+00
-2.599418435699508922e+00 -1.853859336862268226e+00
-2.599418435699508034e+00 -1.853859336862267337e+00
-2.599418435699508034e+00 -1.853859336862267337e+00
-2.599418435699508922e+00 -1.853859336862268448e+00
-2.599418435699509811e+00 -1.853859336862267559e+00
-2.599418435699508034e+00 -1.853859336862267781e+00
-2.599418435699508478e+00 -1.853859336862266893e+00
-2.599418435699508034e+00 -1.853859336862267559e+00
-2.599418435699508034e+00 -1.853859336862267781e+00
-2.599418435699508922e+00 -1.853859336862267559e+00
-2.599418435699508922e+00 -1.853859336862268892e+00
-2.599418435699507146e+00 -1.853859336862267559e+00
-2.599418435699508922e+00 -1.853859336862268670e+00
-2.599418435699509811e+00 -1.853859336862268448e+00
-2.599418435699510255e+00 -1.853859336862266671e+00
-2.599418435699506702e+00 -1.853859336862267781e+00
-2.599418435699508478e+00 -1.853859336862267559e+00
-2.599418435699508478e+00 -1.853859336862267337e+00
-2.599418435699508034e+00 -1.853859336862267781e+00
-2.599418435699507146e+00 -1.853859336862268226e+00
-2.599418435699508478e+00 -1.853859336862267559e+00
-2.599418435699508478e+00 -1.853859336862268226e+00
-2.599418435699508478e+00 -1.853859336862268448e+00
-2.599418435699509811e+00 -1.853859336862266893e+00
-2.599418435699508034e+00 -1.853859336862268448e+00
-2.599418435699508034e+00 -1.853859336862267559e+00
-2.599418435699508034e+00 -1.853859336862267337e+00
-2.599418435699508478e+00 -1.853859336862267559e+00
-2.599418435699508478e+00 -1.853859336862268226e+00
-2.599418435699508034e+00 -1.853859336862267559e+00
-2.599418435699508922e+00 -1.853859336862267559e+00
-2.599418435699508922e+00 -1.853859336862268448e+00
-2.599418435699508034e+00 -1.853859336862267337e+00
-2.599418435699508922e+00 -1.853859336862267781e+00
-2.599418435699507146e+00 -1.853859336862266671e+00
-2.599418435699508034e+00 -1.853859336862267559e+00
-2.599418435699509811e+00 -1.853859336862267781e+00
-2.599418435699509811e+00 -1.853859336862267781e+00
-2.599418435699509811e+00 -1.853859336862268892e+00
-2.599418435699509811e+00 -1.853859336862267559e+00
-2.599418435699508478e+00 -1.853859336862267559e+00
-2.599418435699507146e+00 -1.853859336862267337e+00
-2.599418435699508478e+00 -1.853859336862267781e+00
-2.599418435699508922e+00 -1.853859336862267337e+00
-2.599418435699508478e+00 -1.853859336862267559e+00
-2.599418435699507146e+00 -1.853859336862267559e+00
-2.599418435699508034e+00 -1.853859336862268892e+00
-2.599418435699507146e+00 -1.853859336862268226e+00
-2.599418435699507146e+00 -1.853859336862268892e+00
-2.599418435699509811e+00 -1.853859336862267337e+00
-2.599418435699508478e+00 -1.853859336862268226e+00
-2.599418435699508478e+00 -1.853859336862266893e+00
-2.599418435699508478e+00 -1.853859336862267559e+00
-2.599418435699508034e+00 -1.853859336862267337e+00
-2.599418435699508922e+00 -1.853859336862267337e+00
-2.599418435699508478e+00 -1.853859336862267781e+00
-2.599418435699509811e+00 -1.853859336862268226e+00
-2.599418435699508034e+00 -1.853859336862267559e+00
-2.599418435699508478e+00 -1.853859336862267781e+00
-2.599418435699510255e+00 -1.853859336862268004e+00
-2.599418435699508034e+00 -1.853859336862268004e+00
-2.599418435699509367e+00 -1.853859336862268892e+00
-2.599418435699508922e+00 -1.853859336862267559e+00
-2.599418435699508478e+00 -1.853859336862266893e+00
-2.599418435699508922e+00 -1.853859336862267337e+00
-2.599418435699509367e+00 -1.853859336862268448e+00
-2.599418435699508922e+00 -1.853859336862270224e+00
-2.599418435699508034e+00 -1.853859336862267559e+00
-2.599418435699507590e+00 -1.853859336862268004e+00
-2.599418435699508478e+00 -1.853859336862267559e+00
-2.599418435699508478e+00 -1.853859336862268892e+00
-2.599418435699508034e+00 -1.853859336862268892e+00
-2.599418435699508034e+00 -1.853859336862267337e+00
-2.599418435699508922e+00 -1.853859336862268892e+00
-2.599418435699508478e+00 -1.853859336862267559e+00
-2.599418435699508922e+00 -1.853859336862268004e+00
-2.599418435699507590e+00 -1.853859336862269114e+00
-2.599418435699508034e+00 -1.853859336862268226e+00
-2.599418435699508922e+00 -1.853859336862268004e+00
-2.599418435699508478e+00 -1.853859336862268004e+00
-2.599418435699507590e+00 -1.853859336862269558e+00
-2.599418435699509811e+00 -1.853859336862268448e+00
-2.599418435699508922e+00 -1.853859336862268004e+00
-2.599418435699508478e+00 -1.853859336862268004e+00
-2.599418435699507590e+00 -1.853859336862267115e+00
-2.599418435699508478e+00 -1.853859336862268670e+00
-2.599418435699509811e+00 -1.853859336862267559e+00
-2.599418435699508034e+00 -1.853859336862268004e+00
-2.599418435699508478e+00 -1.853859336862268226e+00
-2.599418435699508034e+00 -1.853859336862266671e+00
-2.599418435699507146e+00 -1.853859336862268670e+00
-2.599418435699508034e+00 -1.853859336862267337e+00
-2.599418435699508922e+00 -1.853859336862267781e+00
-2.599418435699508922e+00 -1.853859336862267337e+00
-2.599418435699508034e+00 -1.853859336862267337e+00
-2.599418435699509811e+00 -1.853859336862267559e+00
-2.599418435699509367e+00 -1.853859336862269114e+00
-2.599418435699509811e+00 -1.853859336862268448e+00
-2.599418435699508478e+00 -1.853859336862267337e+00
-2.599418435699508478e+00 -1.853859336862267337e+00
-2.599418435699508922e+00 -1.853859336862267559e+00
-2.599418435699508478e+00 -1.853859336862268004e+00
-2.599418435699508478e+00 -1.853859336862269114e+00
-2.599418435699508034e+00 -1.853859336862269114e+00
-2.599418435699507590e+00 -1.853859336862266893e+00
-2.599418435699509367e+00 -1.853859336862267337e+00
-2.599418435699508922e+00 -1.853859336862268226e+00
-2.599418435699507146e+00 -1.853859336862269558e+00
-2.599418435699509811e+00 -1.853859336862269114e+00
-2.599418435699508922e+00 -1.853859336862268004e+00
-2.599418435699508922e+00 -1.853859336862267559e+00
-2.599418435699509811e+00 -1.853859336862268448e+00
-2.599418435699510255e+00 -1.853859336862268448e+00
-2.599418435699508478e+00 -1.853859336862267337e+00
-2.599418435699508034e+00 -1.853859336862268226e+00
-2.599418435699508034e+00 -1.853859336862266449e+00
-2.599418435699509811e+00 -1.853859336862267337e+00
-2.599418435699508478e+00 -1.853859336862269114e+00
-2.599418435699506258e+00 -1.853859336862267559e+00
-2.599418435699508922e+00 -1.853859336862267115e+00
-2.599418435699509811e+00 -1.853859336862267559e+00
-2.599418435699506258e+00 -1.853859336862268448e+00
-2.599418435699507146e+00 -1.853859336862267337e+00
-2.599418435699508478e+00 -1.853859336862266449e+00
-2.599418435699508922e+00 -1.853859336862267337e+00
-2.599418435699510255e+00 -1.853859336862267337e+00
-2.599418435699508922e+00 -1.853859336862267559e+00
-2.599418435699508478e+00 -1.853859336862267559e+00
-2.599418435699509811e+00 -1.853859336862269114e+00
-2.599418435699509811e+00 -1.853859336862267559e+00
-2.599418435699508478e+00 -1.853859336862268004e+00
-2.599418435699508922e+00 -1.853859336862267337e+00
-2.599418435699509811e+00 -1.853859336862267559e+00
-2.599418435699508922e+00 -1.853859336862268004e+00
-2.599418435699508922e+00 -1.853859336862267115e+00
-2.599418435699508478e+00 -1.853859336862267559e+00
-2.599418435699508034e+00 -1.853859336862269336e+00
-2.599418435699508922e+00 -1.853859336862268448e+00
-2.599418435699510699e+00 -1.853859336862267559e+00
-2.599418435699508034e+00 -1.853859336862268448e+00
-2.599418435699508478e+00 -1.853859336862267559e+00
-2.599418435699507146e+00 -1.853859336862268448e+00
-2.599418435699508478e+00 -1.853859336862269336e+00
-2.599418435699508922e+00 -1.853859336862267559e+00
-2.599418435699508034e+00 -1.853859336862267559e+00
-2.599418435699508922e+00 -1.853859336862269114e+00
-2.599418435699508034e+00 -1.853859336862267559e+00
-2.599418435699508922e+00 -1.853859336862267337e+00
-2.599418435699508034e+00 -1.853859336862267559e+00
-2.599418435699507146e+00 -1.853859336862268004e+00
-2.599418435699509811e+00 -1.853859336862268226e+00
-2.599418435699508478e+00 -1.853859336862268004e+00
-2.599418435699508922e+00 -1.853859336862268892e+00
-2.599418435699508034e+00 -1.853859336862268226e+00
-2.599418435699508922e+00 -1.853859336862267559e+00
-2.599418435699508478e+00 -1.853859336862268448e+00
-2.599418435699508478e+00 -1.853859336862270002e+00
-2.599418435699508478e+00 -1.853859336862269114e+00
-2.599418435699507146e+00 -1.853859336862268004e+00
-2.599418435699509811e+00 -1.853859336862267559e+00
-2.599418435699509811e+00 -1.853859336862268448e+00
-2.599418435699508034e+00 -1.853859336862267337e+00
-2.599418435699510699e+00 -1.853859336862268448e+00
-2.599418435699508478e+00 -1.853859336862268004e+00
-2.599418435699508922e+00 -1.853859336862268226e+00
-2.599418435699506702e+00 -1.853859336862267337e+00
-2.599418435699508478e+00 -1.853859336862267559e+00
-2.599418435699506702e+00 -1.853859336862268448e+00
-2.599418435699508478e+00 -1.853859336862268004e+00
-2.599418435699509811e+00 -1.853859336862267559e+00
-2.599418435699508478e+00 -1.853859336862269114e+00
-2.599418435699508922e+00 -1.853859336862269114e+00
-2.599418435699509811e+00 -1.853859336862268004e+00
-2.599418435699508478e+00 -1.853859336862267115e+00
-2.599418435699508478e+00 -1.853859336862270446e+00
-2.599418435699508922e+00 -1.853859336862268226e+00
-2.599418435699508478e+00 -1.853859336862267559e+00
-2.599418435699509811e+00 -1.853859336862268004e+00
-2.599418435699508034e+00 -1.853859336862267559e+00
-2.599418435699510699e+00 -1.853859336862268004e+00
-2.599418435699509811e+00 -1.853859336862268448e+00
-2.599418435699507146e+00 -1.853859336862268226e+00
-2.599418435699508922e+00 -1.853859336862268004e+00
-2.599418435699509811e+00 -1.853859336862268004e+00
-2.599418435699508034e+00 -1.853859336862268004e+00
-2.599418435699509811e+00 -1.853859336862269558e+00
-2.599418435699507146e+00 -1.853859336862267337e+00
-2.599418435699508478e+00 -1.853859336862268004e+00
-2.599418435699508478e+00 -1.853859336862268892e+00
-2.599418435699509811e+00 -1.853859336862268226e+00
-2.599418435699508478e+00 -1.853859336862267115e+00
-2.599418435699508478e+00 -1.853859336862268448e+00
-2.599418435699508478e+00 -1.853859336862268226e+00
-2.599418435699508478e+00 -1.853859336862268004e+00
-2.599418435699509811e+00 -1.853859336862267337e+00
-2.599418435699508478e+00 -1.853859336862269336e+00
-2.599418435699508478e+00 -1.853859336862267337e+00
-2.599418435699506258e+00 -1.853859336862268448e+00
-2.599418435699508478e+00 -1.853859336862267559e+00
-2.599418435699507146e+00 -1.853859336862267337e+00
-2.599418435699507146e+00 -1.853859336862267337e+00
-2.599418435699507146e+00 -1.853859336862267115e+00
-2.599418435699508478e+00 -1.853859336862268892e+00
-2.599418435699509811e+00 -1.853859336862269336e+00
-2.599418435699508478e+00 -1.853859336862267559e+00
-2.599418435699507146e+00 -1.853859336862268004e+00
-2.599418435699508478e+00 -1.853859336862267115e+00
-2.599418435699510255e+00 -1.853859336862269558e+00
-2.599418435699508922e+00 -1.853859336862267115e+00
-2.599418435699508478e+00 -1.853859336862267337e+00
-2.599418435699510255e+00 -1.853859336862267781e+00
-2.599418435699509811e+00 -1.853859336862268004e+00
-2.599418435699507590e+00 -1.853859336862268226e+00
-2.599418435699508034e+00 -1.853859336862268226e+00
-2.599418435699507146e+00 -1.853859336862266671e+00
-2.599418435699510255e+00 -1.853859336862266893e+00
-2.599418435699508478e+00 -1.853859336862268004e+00
-2.599418435699509367e+00 -1.853859336862267337e+00
-2.599418435699508922e+00 -1.853859336862268226e+00
-2.599418435699511587e+00 -1.853859336862268226e+00
-2.599418435699507590e+00 -1.853859336862267781e+00
-2.599418435699508034e+00 -1.853859336862268448e+00
-2.599418435699508034e+00 -1.853859336862267115e+00
-2.599418435699508034e+00 -1.853859336862268004e+00
-2.599418435699508034e+00 -1.853859336862268448e+00
-2.599418435699507590e+00 -1.853859336862267337e+00
-2.599418435699508922e+00 -1.853859336862267115e+00
-2.599418435699508034e+00 -1.853859336862267781e+00
-2.599418435699512031e+00 -1.853859336862268448e+00
-2.599418435699506258e+00 -1.853859336862267559e+00
-2.599418435699506702e+00 -1.853859336862267781e+00
-2.599418435699508922e+00 -1.853859336862267115e+00
-2.599418435699508478e+00 -1.853859336862267115e+00
-2.599418435699507590e+00 -1.853859336862267781e+00
-2.599418435699509811e+00 -1.853859336862268448e+00
-2.599418435699509811e+00 -1.853859336862267781e+00
-2.599418435699508478e+00 -1.853859336862267781e+00
-2.599418435699508478e+00 -1.853859336862267559e+00
-2.599418435699507146e+00 -1.853859336862267781e+00
-2.599418435699506702e+00 -1.853859336862268004e+00
-2.599418435699509367e+00 -1.853859336862268448e+00
-2.599418435699510255e+00 -1.853859336862268892e+00
-2.599418435699507146e+00 -1.853859336862267559e+00
-2.599418435699510699e+00 -1.853859336862268004e+00
-2.599418435699510699e+00 -1.853859336862268892e+00
-2.599418435699508478e+00 -1.853859336862267781e+00
-2.599418435699507146e+00 -1.853859336862267115e+00
-2.599418435699506702e+00 -1.853859336862267115e+00
-2.599418435699507590e+00 -1.853859336862267115e+00
-2.599418435699508034e+00 -1.853859336862268670e+00
-2.599418435699508034e+00 -1.853859336862269114e+00
-2.599418435699510699e+00 -1.853859336862267559e+00
-2.599418435699505814e+00 -1.853859336862267337e+00
-2.599418435699507146e+00 -1.853859336862267781e+00
-2.599418435699505814e+00 -1.853859336862267115e+00
-2.599418435699507590e+00 -1.853859336862268448e+00
-2.599418435699509367e+00 -1.853859336862269558e+00
