-2.003898617422935846e+00 -1.651973739704423405e+00
-2.003898617422991801e+00 -1.654752952292718904e+00
-2.003898617423049533e+00 -1.657576718755082945e+00
-2.003898617423109041e+00 -1.660445968500317226e+00
-2.003898617423169881e+00 -1.663361651862630186e+00
-2.003898617423233830e+00 -1.666324740474460331e+00
-2.003898617423299111e+00 -1.669336227634763414e+00
-2.003898617423365280e+00 -1.672397128671764266e+00
-2.003898617423435446e+00 -1.675508481298800811e+00
-2.003898617423507389e+00 -1.678671345962039041e+00
-2.003898617423581552e+00 -1.681886806178491067e+00
-2.003898617423658379e+00 -1.685155968862957376e+00
-2.003898617423738759e+00 -1.688479964642100484e+00
-2.003898617423820916e+00 -1.691859948153993765e+00
-2.003898617423907069e+00 -1.695297098331200347e+00
-2.003898617423995443e+00 -1.698792618665496468e+00
-2.003898617424087369e+00 -1.702347737451979537e+00
-2.003898617424184181e+00 -1.705963708010474811e+00
-2.003898617424283657e+00 -1.709641808881773306e+00
-2.003898617424388018e+00 -1.713383343996271568e+00
-2.003898617424495932e+00 -1.717189642812346984e+00
-2.003898617424608730e+00 -1.721062060421787443e+00
-2.003898617424727302e+00 -1.725001977619305515e+00
-2.003898617424849871e+00 -1.729010800933216796e+00
-2.003898617424977768e+00 -1.733089962614138502e+00
-2.003898617425113216e+00 -1.737240920578404957e+00
-2.003898617425254436e+00 -1.741465158302897942e+00
-2.003898617425401429e+00 -1.745764184667838670e+00
-2.003898617425557305e+00 -1.750139533743872100e+00
-2.003898617425719841e+00 -1.754592764519940173e+00
-2.003898617425893036e+00 -1.759125460568061738e+00
-2.003898617426073336e+00 -1.763739229641390072e+00
-2.003898617426264739e+00 -1.768435703201544085e+00
-2.003898617426466799e+00 -1.773216535871512844e+00
-2.003898617426682183e+00 -1.778083404810191004e+00
-2.003898617426910445e+00 -1.783038009004781266e+00
-2.003898617427151585e+00 -1.788082068477160336e+00
-2.003898617427409157e+00 -1.793217323400725594e+00
-2.003898617427683604e+00 -1.798445533123895546e+00
-2.003898617427977591e+00 -1.803768475097071056e+00
-2.003898617428294227e+00 -1.809187943699635870e+00
-2.003898617428633067e+00 -1.814705748964106968e+00
-2.003898617428998552e+00 -1.820323715194680059e+00
-2.003898617429393791e+00 -1.826043679477762804e+00
-2.003898617429821893e+00 -1.831867490082496053e+00
-2.003898617430287743e+00 -1.837797004749766261e+00
-2.003898617430797557e+00 -1.843834088868816279e+00
-2.003898617431356222e+00 -1.849980613542444363e+00
-2.003898617431971729e+00 -1.856238453555832502e+00
-2.003898617432652074e+00 -1.863798691631409543e+00
-2.004406561360613459e+00 -1.873785911772832824e+00
-2.004945638779079164e+00 -1.883794073273028502e+00
-2.005522888545464344e+00 -1.893816248795005430e+00
-2.006147935454680287e+00 -1.903842927698718990e+00
-2.006834264821497626e+00 -1.913860740643071212e+00
-2.007601290447525777e+00 -1.923850391697456308e+00
-2.008477808560221956e+00 -1.933783204501726916e+00
-2.009507920877647180e+00 -1.943615199307546337e+00
-2.010761360845242596e+00 -1.953276766853467628e+00
-2.012351292171562722e+00 -1.962654869946902192e+00
-2.014462377271478033e+00 -1.971564975144794341e+00
-2.017381785356751056e+00 -1.979720044793427114e+00
-2.021485556007572626e+00 -1.986744173594377383e+00
-2.027086821826436402e+00 -1.992324366095646671e+00
-2.034200211035005257e+00 -1.996446134247908955e+00
-2.042533604602073005e+00 -1.999401740438444319e+00
-2.051718821992764230e+00 -2.001559511913127754e+00
-2.061469883671218195e+00 -2.003205578455097058e+00
-2.071601612089998934e+00 -2.004525271587485058e+00
-2.082000240904277710e+00 -2.005632515563096963e+00
-2.092595633847978753e+00 -2.006597608704656199e+00
-2.103343462069060976e+00 -2.007465046299488520e+00
-2.114214817941523439e+00 -2.008263907032071138e+00
-2.125190246948790662e+00 -2.009013821360915664e+00
-2.136256265233118068e+00 -2.009728454246491491e+00
-2.147403274334360734e+00 -2.010417590708053037e+00
-2.158624276146774879e+00 -2.011088421182351205e+00
-2.169914058158250558e+00 -2.011746356621312071e+00
-2.181268662796957081e+00 -2.012395559505555376e+00
-2.192685033125781224e+00 -2.013039298535328481e+00
-2.204160770840944306e+00 -2.013680191044513013e+00
-2.215693967516780383e+00 -2.014320372198175058e+00
-2.227283084685542036e+00 -2.014961615387301119e+00
-2.238926867141898036e+00 -2.015605419433925682e+00
-2.250624279275179607e+00 -2.016253072806704960e+00
-2.262374457636294078e+00 -2.016905701643573856e+00
-2.274176675130791025e+00 -2.017564306193695867e+00
-2.286030313658906188e+00 -2.018229788862302421e+00
-2.297934842974816316e+00 -2.018902976090824364e+00
-2.309889804181722184e+00 -2.019584635660972349e+00
-2.321894796722124621e+00 -2.020275490569364951e+00
-2.333949468031319974e+00 -2.020976230311134714e+00
-2.346053505240370818e+00 -2.021687520193648613e+00
-2.358206628470842059e+00 -2.022410009146328846e+00
-2.370408585376422739e+00 -2.023144336380616082e+00
-2.382659146669262817e+00 -2.023891137172694421e+00
-2.394958102429887159e+00 -2.024651047981850471e+00
-2.407305259045055212e+00 -2.025424711073324335e+00
-2.419700436652279851e+00 -2.026212778781910195e+00
-2.432143466995747794e+00 -2.027015917528620648e+00
-2.433555743649193470e+00 -2.031953502868340422e+00
-2.434997977392459489e+00 -2.036903718185846923e+00
-2.436471223066716263e+00 -2.041866017974037550e+00
-2.437976580732811094e+00 -2.046839822618351068e+00
-2.439515197564637639e+00 -2.051824516768167683e+00
-2.441088269783458831e+00 -2.056819447672543877e+00
-2.442697044627021086e+00 -2.061823923486315380e+00
-2.444342822346113664e+00 -2.066837211553981035e+00
-2.446026958219622571e+00 -2.071858536680210694e+00
-2.447750864577474594e+00 -2.076887079397550462e+00
-2.449516012819112465e+00 -2.081921974243566620e+00
-2.451323935413028288e+00 -2.086962308061865112e+00
-2.453176227860707215e+00 -2.092007118343430339e+00
-2.455074550605994776e+00 -2.097055391627219656e+00
-2.457020630868238520e+00 -2.102106061981380059e+00
-2.459016264374978444e+00 -2.107158009589261027e+00
-2.461063316966951131e+00 -2.112210059467082957e+00
-2.463163726045352497e+00 -2.117260980343198984e+00
-2.465319501828226123e+00 -2.122309483731684043e+00
-2.467532728379835838e+00 -2.127354223236179731e+00
-2.469805564373967144e+00 -2.132393794122580566e+00
-2.472140243549310945e+00 -2.137426733202119511e+00
-2.474539074812582840e+00 -2.142451519068662602e+00
-2.477004441942936896e+00 -2.147466572736262957e+00
-2.479538802849587054e+00 -2.152470258724445085e+00
-2.482144688333793425e+00 -2.157460886639549713e+00
-2.484824700306207390e+00 -2.162436713300474711e+00
-2.487581509411707081e+00 -2.167395945456024542e+00
-2.490417852016053590e+00 -2.172336743138727044e+00
-2.493336526512491602e+00 -2.177257223696317912e+00
-2.496340388911582941e+00 -2.182155466536604305e+00
-2.499432347684674038e+00 -2.187029518614449941e+00
-2.502615357840348942e+00 -2.191877400680565913e+00
-2.505892414223827913e+00 -2.196697114300964593e+00
-2.509266544042310976e+00 -2.201486649643109583e+00
-2.512740798633527728e+00 -2.206243994010172571e+00
-2.516318244511085211e+00 -2.210967141088580057e+00
-2.520001953737758704e+00 -2.215654100856358166e+00
-2.523794993696264921e+00 -2.220302910081345171e+00
-2.527700416346032597e+00 -2.224911643319228194e+00
-2.531721247073141168e+00 -2.229478424302710149e+00
-2.535860473258470638e+00 -2.234001437595151351e+00
-2.540121032705168425e+00 -2.238478940365872027e+00
-2.544505802080295531e+00 -2.242909274130560071e+00
-2.549017585535878982e+00 -2.247290876289721684e+00
-2.553659103681126474e+00 -2.251622291291635936e+00
-2.558432983079463874e+00 -2.255902181244241689e+00
-2.563341746440996438e+00 -2.260129335803481077e+00
-2.568387803672767866e+00 -2.264302681173869569e+00
-2.573573443935645688e+00 -2.268421288070451070e+00
-2.573686339992061534e+00 -2.272294468604739048e+00
-2.573805031302919488e+00 -2.276277110150892735e+00
-2.573929984538675608e+00 -2.280373449467837155e+00
-2.574061718050333791e+00 -2.284587905086413073e+00
-2.574200809199152840e+00 -2.288925082343407524e+00
-2.574347902960260281e+00 -2.293389777685038045e+00
-2.574503722063523181e+00 -2.297986981969654785e+00
-2.574669078998279570e+00 -2.302721882428413025e+00
-2.574844890289345489e+00 -2.307599862852706796e+00
-2.575032193555175208e+00 -2.312626501462446527e+00
-2.575232167992745680e+00 -2.317807565762523669e+00
-2.575446159107199762e+00 -2.323149003505604160e+00
-2.575675708731148816e+00 -2.328656928634345036e+00
-2.575922591676938822e+00 -2.334337600756406061e+00
-2.576188860760841859e+00 -2.340197396285561560e+00
-2.576476902465814955e+00 -2.346242768826293901e+00
-2.576789506218975845e+00 -2.352480195637902671e+00
-2.577129951220261450e+00 -2.358916106017980407e+00
-2.577502116067737159e+00 -2.365556786095850850e+00
-2.577910618221729067e+00 -2.372408252685916707e+00
-2.578360992830754927e+00 -2.379476086321768324e+00
-2.578859923885981953e+00 -2.386765210096664536e+00
-2.579415545468632942e+00 -2.394279596083824124e+00
-2.580037837546596879e+00 -2.402021874362000098e+00
-2.580739150083187550e+00 -2.409992810308760447e+00
-2.581534902040807378e+00 -2.418190602949433110e+00
-2.582444519151670725e+00 -2.426609939810189243e+00
-2.583492696665426358e+00 -2.435240721343388870e+00
-2.584711099660184530e+00 -2.444066341585839020e+00
-2.586140638341249520e+00 -2.453061386857833259e+00
-2.587834462220108822e+00 -2.462188607849267630e+00
-2.589861763613774404e+00 -2.471395073924922414e+00
-2.592312278704474782e+00 -2.480607620747405484e+00
-2.595300864546897568e+00 -2.489728212273437435e+00
-2.598970513330172150e+00 -2.498630855407285356e+00
-2.603490633707616020e+00 -2.507163237284236068e+00
-2.609046204078915743e+00 -2.515157480329301087e+00
-2.615814816326703429e+00 -2.522452996911209944e+00
-2.623935204719053615e+00 -2.528927849537800476e+00
-2.633480118005067538e+00 -2.534525759594959293e+00
-2.644448361939304437e+00 -2.539263938816647137e+00
-2.656779540708842369e+00 -2.543218216835817280e+00
-2.670380782263460429e+00 -2.546496182023926913e+00
-2.685151471398535161e+00 -2.549212314323046957e+00
-2.700998864408301170e+00 -2.551472239086749472e+00
-2.717844774118501228e+00 -2.553365916144697767e+00
-2.735626509930774386e+00 -2.554966582560739052e+00
-2.754295073770179680e+00 -2.556332451244345716e+00
-2.773812482261344137e+00 -2.557509297953077354e+00
-2.794149127345942674e+00 -2.558533027011819172e+00
-2.794177966916125300e+00 -2.558890984232784493e+00
-2.794207238557422368e+00 -2.559253162671830228e+00
-2.794236952106846861e+00 -2.559619635784374125e+00
-2.794267117703590930e+00 -2.559990478715077344e+00
-2.794297745800770283e+00 -2.560365768346529070e+00
-2.794328847177696140e+00 -2.560745583349644416e+00
-2.794360432952751605e+00 -2.561130004235866231e+00
-2.794392514596870658e+00 -2.561519113411213855e+00
-2.794425103947649980e+00 -2.561912995232301427e+00
-2.794458213224192633e+00 -2.562311736064366574e+00
-2.794491855042631201e+00 -2.562715424341441839e+00
-2.794526042432441848e+00 -2.563124150628746101e+00
-2.794560788853562627e+00 -2.563538007687387488e+00
-2.794596108214390195e+00 -2.563957090541472805e+00
-2.794632014890648275e+00 -2.564381496547810002e+00
-2.794668523745270416e+00 -2.564811325468199232e+00
-2.794705650149263754e+00 -2.565246679544546993e+00
-2.794743410003678541e+00 -2.565687663576881938e+00
-2.794781819762730990e+00 -2.566134385004424701e+00
-2.794820896458134918e+00 -2.566586953989844488e+00
-2.794860657724755004e+00 -2.567045483506862791e+00
-2.794901121827613633e+00 -2.567510089431441322e+00
-2.794942307690382322e+00 -2.567980890636583080e+00
-2.794984234925443900e+00 -2.568458009091080019e+00
-2.795026923865582713e+00 -2.568941569962316596e+00
-2.795070395597495150e+00 -2.569431701723389416e+00
-2.795114671997147582e+00 -2.569928536264736163e+00
-2.795159775767175780e+00 -2.570432209010516722e+00
-2.795205730476400419e+00 -2.570942859040043160e+00
-2.795252560601677594e+00 -2.571460629214484594e+00
-2.795300291572166973e+00 -2.571985666309128948e+00
-2.795348949816243156e+00 -2.572518121151575965e+00
-2.795398562811182597e+00 -2.573058148766143027e+00
-2.795449159135889428e+00 -2.573605908524853270e+00
-2.795500768526796520e+00 -2.574161564305355476e+00
-2.795553421937223781e+00 -2.574725284656291358e+00
-2.795607151600452145e+00 -2.575297242970385536e+00
-2.795661991096736632e+00 -2.575877617665881747e+00
-2.795717975424565793e+00 -2.576466592376751574e+00
-2.795775141076560999e+00 -2.577064356152212188e+00
-2.795833526120218071e+00 -2.577671103666202335e+00
-2.795893170284017071e+00 -2.578287035437382357e+00
-2.795954115049205324e+00 -2.578912358060398979e+00
-2.796016403747752399e+00 -2.579547284449099198e+00
-2.796080081666944217e+00 -2.580192034092532616e+00
-2.796145196161145208e+00 -2.580846833324567768e+00
-2.796211796771347569e+00 -2.581511915608107888e+00
-2.796279935353050750e+00 -2.582187521834882205e+00
-2.796349666213282070e+00 -2.582873900641883491e+00
-2.796421046257420606e+00 -2.583571308745743256e+00
-2.797683711215678937e+00 -2.609401409005680073e+00
-2.799377108050312479e+00 -2.635380822655715161e+00
-2.801744670910284007e+00 -2.661260043668554065e+00
-2.805221222183102103e+00 -2.686597088118265475e+00
-2.810596306484092199e+00 -2.710594193892579273e+00
-2.819203701250943883e+00 -2.731908358567409323e+00
-2.832708164218937341e+00 -2.748864654309827404e+00
-2.851902227310102678e+00 -2.760659508954484309e+00
-2.875891603876245206e+00 -2.768175384614093293e+00
-2.903146784650358470e+00 -2.772929276500962548e+00
-2.932516698687869905e+00 -2.776059153564000681e+00
-2.963323566434259870e+00 -2.778229211674067667e+00
-2.995184648647621906e+00 -2.779808233611275270e+00
-3.027876157146570879e+00 -2.781005788101279741e+00
-3.061259224049910799e+00 -2.781946369803419028e+00
-3.095241903592294896e+00 -2.782707505199430109e+00
-3.129759365469729548e+00 -2.783339665042452893e+00
-3.164763186724733668e+00 -2.783877076688357377e+00
-3.200215323037838733e+00 -2.784343856677481188e+00
-3.236084580174000358e+00 -2.784757645232478485e+00
-3.272344474325667996e+00 -2.785131857963227819e+00
-3.308971892658804315e+00 -2.785477149850250189e+00
-3.345946230261542365e+00 -2.785802425259341408e+00
-3.383248819054578416e+00 -2.786115594088494518e+00
-3.420862540218212899e+00 -2.786424207651887031e+00
-3.458771554545093441e+00 -2.786736081499416429e+00
-3.496961110045675003e+00 -2.787060017094698416e+00
-3.535417401030307882e+00 -2.787417907265322015e+00
-3.574127462022975266e+00 -2.807883338056206490e+00
-3.613079085583603689e+00 -2.828404857197097222e+00
-3.652260756772850669e+00 -2.848980236091578355e+00
-3.691661599370193780e+00 -2.869607640220268596e+00
-3.731271330524052132e+00 -2.890285306694364120e+00
-3.771080221559834023e+00 -2.911011541466700159e+00
-3.811079063378190579e+00 -2.931784716639525890e+00
-3.851259135356384977e+00 -2.952603267850475000e+00
-3.891612176994602823e+00 -2.973465691737091188e+00
-3.932130361775169280e+00 -2.994370543481163605e+00
-3.972806272858705245e+00 -3.015316434433943371e+00
-4.013632880348803944e+00 -3.036302029822609772e+00
-4.054603519931166744e+00 -3.057326046537990560e+00
-4.095711872744256077e+00 -3.078387251002941749e+00
-4.136951946373835121e+00 -3.099484457120508019e+00
-4.178318056887585286e+00 -3.120616524300636296e+00
-4.219804811842634784e+00 -3.141782355563995210e+00
-4.261407094209734403e+00 -3.162980895721111185e+00
-4.303120047165642781e+00 -3.184211129625041270e+00
-4.344939059709986395e+00 -3.205472080495526566e+00
-4.386859753066834955e+00 -3.226762808312544362e+00
-4.428877967833308560e+00 -3.248082408277097599e+00
-4.429092866297824393e+00 -3.248590136683442875e+00
-4.429312531701257605e+00 -3.249103594888765212e+00
-4.429537123540415955e+00 -3.249622876740648092e+00
-4.429766808466359507e+00 -3.250148078062367496e+00
-4.430001760687702017e+00 -3.250679296702729815e+00
-4.430242162401234474e+00 -3.251216632587265121e+00
-4.430488204252219120e+00 -3.251760187770959210e+00
-4.430740085826635699e+00 -3.252310066492466234e+00
-4.430998016178004484e+00 -3.252866375229911622e+00
-4.431262214391697540e+00 -3.253429222758279060e+00
-4.431532910189742047e+00 -3.253998720208482798e+00
-4.431810344579623084e+00 -3.254574981128175892e+00
-4.432094770550826901e+00 -3.255158121544263317e+00
-4.432386453823154326e+00 -3.255748260027328644e+00
-4.432685673651437952e+00 -3.256345517757848196e+00
-4.432992723691570269e+00 -3.256950018594442664e+00
-4.433307912933261541e+00 -3.257561889144048095e+00
-4.433631566705737548e+00 -3.258181258834187854e+00
-4.433964027762799631e+00 -3.258808259987383771e+00
-4.434305657454817862e+00 -3.259443027897729550e+00
-4.434656836995656271e+00 -3.260085700909735262e+00
-4.435017968833613544e+00 -3.260736420499532606e+00
-4.435389478136355201e+00 -3.261395331358425409e+00
-4.435771814400863100e+00 -3.262062581478991863e+00
-4.436165453200881181e+00 -3.267263952556833217e+00
-4.436570898085403947e+00 -3.288936318698212347e+00
-4.436988682643627335e+00 -3.310628083186876847e+00
-4.437419372753324431e+00 -3.332338264503087899e+00
-4.437863569031797795e+00 -3.354065944890662010e+00
-4.438321909510638541e+00 -3.375810265380406072e+00
-4.438795072558238353e+00 -3.397570421260583284e+00
-4.439283780076840102e+00 -3.419345657949639961e+00
-4.439788801004274532e+00 -3.441135267231306027e+00
-4.440310955154163075e+00 -3.462938583816340898e+00
-4.440851117432971229e+00 -3.484754982199258500e+00
-4.441410222476778635e+00 -3.506583873781607075e+00
-4.441989269756720482e+00 -3.528424704236328147e+00
-4.442589329208077586e+00 -3.550276951090562960e+00
-4.443211547445738319e+00 -3.572140121506446775e+00
-4.443857154636958740e+00 -3.594013750241623395e+00
-4.444527472112389077e+00 -3.615897397773065958e+00
-4.445223920807437779e+00 -3.637790648569424246e+00
-4.445948030639185866e+00 -3.659693109498573627e+00
-4.446701450939141154e+00 -3.681604408358452929e+00
-4.447485962079621657e+00 -3.703524192520339486e+00
-4.448303488451839094e+00 -3.725452127674805158e+00
-4.449156112977401989e+00 -3.747387896671570129e+00
-4.450046093362448829e+00 -3.769331198445234676e+00
-4.450975880335708901e+00 -3.791281747019727089e+00
-4.451948138149157685e+00 -3.813239270584830809e+00
-4.451950010370619992e+00 -3.813507710518438287e+00
-4.451951926530257175e+00 -3.813783038026099081e+00
-4.451953888193101783e+00 -3.814065519792861458e+00
-4.451955896999406193e+00 -3.814355436312486081e+00
-4.451957954669206963e+00 -3.814653082781725768e+00
-4.451960063007240009e+00 -3.814958770063942683e+00
-4.451962223908225269e+00 -3.815272825728456496e+00
-4.451964439362538606e+00 -3.815595595172349697e+00
-4.451966711462325144e+00 -3.815927442832482974e+00
-4.451969042408083332e+00 -3.816268753496061095e+00
-4.451971434515785475e+00 -3.816619933719036961e+00
-4.451973890224536490e+00 -3.816981413362713127e+00
-4.451976412104881931e+00 -3.817353647259836613e+00
-4.451979002867768820e+00 -3.817737117022951043e+00
-4.451981665374261432e+00 -3.818132333008925183e+00
-4.451984402646107952e+00 -3.818539836455346226e+00
-4.451987217877135805e+00 -3.818960201806096411e+00
-4.451990114445696811e+00 -3.819394039245457062e+00
-4.451993095928210131e+00 -3.819841997462256611e+00
-4.451996166113860731e+00 -3.820304766668165097e+00
-4.451999329020664753e+00 -3.820783081896950595e+00
-4.452002588913028802e+00 -3.821277726614799253e+00
-4.452005950320887528e+00 -3.821789536675242793e+00
-4.452009418060746349e+00 -3.822319404656461916e+00
-4.452012997258664839e+00 -3.822868284623206492e+00
-4.452016693375540513e+00 -3.823437197360718187e+00
-4.452020512234923011e+00 -3.824027236134075469e+00
-4.452024460053572774e+00 -3.824639573032777129e+00
-4.452028543475269551e+00 -3.825275465968118294e+00
-4.452032769608078588e+00 -3.825936266399283525e+00
-4.452037146065630502e+00 -3.826623427873766747e+00
-4.452041681012897101e+00 -3.827338515478586167e+00
-4.452046383216982761e+00 -3.828083216311159109e+00
-4.452051262103685403e+00 -3.828859351092568808e+00
-4.452056327820531401e+00 -3.829668887061672855e+00
-4.452061591307196586e+00 -3.830513952306205727e+00
-4.452067064374309879e+00 -3.831396851706832418e+00
-4.452072759791909640e+00 -3.832320084692421691e+00
-4.452078691388843268e+00 -3.833286365029368703e+00
-4.452084874164812689e+00 -3.834298642895404896e+00
-4.452091324416961093e+00 -3.835360129518131433e+00
-4.452098059883226711e+00 -3.836474324691446114e+00
-4.452105099905124597e+00 -3.842183117527202540e+00
-4.452112465613141445e+00 -3.856464495238384860e+00
-4.452120180138398275e+00 -3.870753922662424795e+00
-4.452128268855134685e+00 -3.885051190192444270e+00
-4.452136759659299337e+00 -3.899356095207608508e+00
-4.452145683289737477e+00 -3.913668441794409425e+00
-4.452155073699718635e+00 -3.927988040480649090e+00
-4.452164968488273367e+00 -3.942314707981542821e+00
-4.452168224397150098e+00 -3.942696145429712029e+00
-4.452171536831350807e+00 -3.943083996995381924e+00
-4.452174907275370686e+00 -3.943478421013983493e+00
-4.452178337266142094e+00 -3.943879580908236537e+00
-4.452181828395349150e+00 -3.944287645386860053e+00
-4.452185382311895090e+00 -3.944702788652173275e+00
-4.452189000724512624e+00 -3.945125190617211342e+00
-4.452192685404474659e+00 -3.945555037132734810e+00
-4.452196438188501304e+00 -3.945992520224690825e+00
-4.452200260981801883e+00 -3.946437838342639282e+00
-4.452204155761299909e+00 -3.946891196619678688e+00
-4.452208124579029480e+00 -3.947352807144512532e+00
-4.452212169565744837e+00 -3.947822889246263234e+00
-4.452216292934731534e+00 -3.948301669792651403e+00
-4.452220496985831666e+00 -3.948789383502306016e+00
-4.452224784109723110e+00 -3.949286273271887193e+00
-4.452229156792434139e+00 -3.949792590518764523e+00
-4.452233617620176886e+00 -3.950308595540170664e+00
-4.452238169284390423e+00 -3.950834557889571830e+00
-4.452242814587203057e+00 -3.951370756771195758e+00
-4.452247556447129995e+00 -3.951917481453713688e+00
-4.452252397905214210e+00 -3.952475031703984953e+00
-4.452257342131503037e+00 -3.953043718242021054e+00
-4.452262392431957316e+00 -3.953623863218174606e+00
-4.452267552255817051e+00 -3.954215800713823281e+00
-4.452272825203468898e+00 -3.954819877266642525e+00
-4.452278215034758624e+00 -3.955436452421925875e+00
-4.452283725677966153e+00 -3.956065899311122624e+00
-4.452289361239315291e+00 -3.956708605259155132e+00
-4.452295126013163795e+00 -3.957364972421946181e+00
-4.452301024492898662e+00 -3.958035418455677412e+00
-4.452307061382599684e+00 -3.958720377219522746e+00
-4.452313241609523686e+00 -3.959420299513419117e+00
-4.452319570337495591e+00 -3.960135653852815629e+00
-4.452326052981275595e+00 -3.960866927282107763e+00
-4.452332695221966397e+00 -3.964713702670785711e+00
-4.452339503023600820e+00 -3.971333204666033012e+00
-4.452346482650964887e+00 -3.977956143490867902e+00
-4.452353640688769154e+00 -3.984582473176565109e+00
-4.452360984062354810e+00 -3.991212148580748131e+00
-4.452368520059975410e+00 -3.997845125369116293e+00
-4.452376256356845197e+00 -4.004481359997657641e+00
-4.452384201041232892e+00 -4.011120809695296607e+00
-4.452392362642497936e+00 -4.017763432447005734e+00
-4.452400750161644716e+00 -4.024409186977307762e+00
-4.452409373104316614e+00 -4.031058032734256003e+00
-4.452418241516649111e+00 -4.037709929873738446e+00
-4.452427366024207522e+00 -4.044364839244256160e+00
-4.452436757874342454e+00 -4.051022722372008111e+00
-4.452446428982327120e+00 -4.057683541446419184e+00
-4.452446976518470656e+00 -4.057967821902212613e+00
-4.452447527431027119e+00 -4.058253785786047452e+00
-4.452448081753427545e+00 -4.058541447349329978e+00
-4.452448639519563933e+00 -4.058830820995919630e+00
-4.452449200763808790e+00 -4.059121921284009282e+00
-4.452449765521021341e+00 -4.059414762928112985e+00
-4.452450333826555529e+00 -4.059709360800953348e+00
-4.452450905716266227e+00 -4.060005729935546981e+00
-4.452451481226525232e+00 -4.060303885527141610e+00
-4.452452060394230138e+00 -4.060603842935325503e+00
-4.452452643256810561e+00 -4.060905617686042746e+00
-4.452453229852231686e+00 -4.061209225473756845e+00
-4.452453820219024472e+00 -4.061514682163535284e+00
-4.452454414396272320e+00 -4.061822003793252200e+00
-4.452455012423651937e+00 -4.062131206575736009e+00
-4.452455614341408463e+00 -4.062442306901048461e+00
-4.452456220190388336e+00 -4.062755321338687331e+00
-4.452456830012053501e+00 -4.063070266639905448e+00
-4.452457443848489405e+00 -4.063387159740005750e+00
-4.452458061742410322e+00 -4.063706017760709166e+00
-4.452458683737162914e+00 -4.064026858012510957e+00
-4.452459309876779514e+00 -4.064842313386695771e+00
-4.452459940205944378e+00 -4.068878338185496268e+00
-4.452460574770047863e+00 -4.072961527700856621e+00
-4.452461213615152680e+00 -4.077092348774140618e+00
-4.452461856788055172e+00 -4.081271265799123249e+00
-4.452462504336272886e+00 -4.085498740399572171e+00
-4.452463156308074765e+00 -4.089775231100174047e+00
-4.452463812752467831e+00 -4.094101192991345783e+00
-4.452464473719255800e+00 -4.098477077388176681e+00
-4.452465139259017768e+00 -4.102903331484002436e+00
-4.452465809423153509e+00 -4.107380397998962707e+00
-4.452466484263871926e+00 -4.111908714824023647e+00
-4.452467163834228359e+00 -4.116488714660987647e+00
-4.452467848188137012e+00 -4.121120824658945025e+00
-4.452468537380388725e+00 -4.125805466047785863e+00
-4.452469231466674948e+00 -4.130543053769313744e+00
-4.452469930503589524e+00 -4.135333996106525412e+00
-4.452470634548681083e+00 -4.140178694311828167e+00
-4.452471343660428182e+00 -4.145077542234601786e+00
-4.452472057898312130e+00 -4.150030925949089955e+00
-4.452472777322786790e+00 -4.155039223383046654e+00
-4.452473501995347860e+00 -4.160102803948023009e+00
-4.452474231978510666e+00 -4.165222028172002489e+00
-4.452474967335871447e+00 -4.170397247335069224e+00
-4.452475708132114463e+00 -4.175628803108968334e+00
-4.452476454433035080e+00 -4.180917027201311420e+00
-4.452477206305561985e+00 -4.186262241005133333e+00
-4.452477963817795370e+00 -4.191664755254727481e+00
-4.452478727039028250e+00 -4.197124869688479087e+00
-4.460433544877524525e+00 -4.203705350447664912e+00
-4.468431319430971271e+00 -4.210300113267783750e+00
-4.476471747064773687e+00 -4.216909101782464475e+00
-4.484554527579484251e+00 -4.223532259545203615e+00
-4.492679364364958516e+00 -4.230169530034568304e+00
-4.500845964543602307e+00 -4.236820856659373469e+00
-4.509054039103075340e+00 -4.243486182763799519e+00
-4.517303303018735505e+00 -4.250165451632495817e+00
-4.525593475366298968e+00 -4.256858606495582009e+00
-4.533924279424975445e+00 -4.263565590533684002e+00
-4.542295442771541403e+00 -4.270286346882866013e+00
-4.550706697365674458e+00 -4.277020818639532429e+00
-4.559157779626831442e+00 -4.283768948865290582e+00
-4.567648430503220780e+00 -4.290530680591756685e+00
-4.576178395533039733e+00 -4.297305956825326234e+00
-4.584747424898348633e+00 -4.304094720551897346e+00
-4.593355273472018219e+00 -4.310896914741487507e+00
-4.602001700858041389e+00 -4.317712482352910719e+00
-4.610686471425415434e+00 -4.324541366338333859e+00
-4.619409354336059259e+00 -4.331383509647719343e+00
-4.628170123567053373e+00 -4.338238855233395697e+00
-4.636968557927380274e+00 -4.345107346054402520e+00
-4.645804441069546264e+00 -4.351988925080872761e+00
-4.654677561496383120e+00 -4.358883535298328837e+00
-4.663587712563227683e+00 -4.365791119711962764e+00
-4.672534692475723617e+00 -4.372711621350824807e+00
-4.681518304283583731e+00 -4.379644983271978376e+00
-4.690538355870452314e+00 -4.386591148564591869e+00
-4.699594659940166785e+00 -4.393550060354002085e+00
-4.708687033999530591e+00 -4.400521661805682605e+00
-4.717815300337954376e+00 -4.407505896129197964e+00
-4.726979286004032055e+00 -4.414502706582085878e+00
-4.736178822779247177e+00 -4.421512036473669305e+00
-4.745413747149113348e+00 -4.428533829168855185e+00
-4.754683900271743369e+00 -4.435568028091854131e+00
-4.763989127944145530e+00 -4.442614576729810416e+00
-4.773329280566290578e+00 -4.449673418636467481e+00
-4.782704213103183832e+00 -4.456744497435684238e+00
-4.792113785045047258e+00 -4.463827756824976234e+00
-4.801557860365657682e+00 -4.470923140578912047e+00
-4.811036307479158225e+00 -4.478030592552554090e+00
-4.820548999195144901e+00 -4.485150056684788389e+00
-4.830095812672525746e+00 -4.492281477001588641e+00
-4.839676629371886030e+00 -4.499424797619282046e+00
-4.849291335006679304e+00 -4.506579962747681911e+00
-4.858939819493241608e+00 -4.513746916693263778e+00
-4.868621976899763837e+00 -4.520925603862194109e+00
-4.878337705394199197e+00 -4.528115968763359867e+00
-4.888086907191302899e+00 -4.535317956011339469e+00
-4.897869488498765911e+00 -4.542531510329285815e+00
-4.897949418465637805e+00 -4.553832796771302149e+00
-4.898032298904194448e+00 -4.565220381962292961e+00
-4.898118310346086801e+00 -4.576693754490994692e+00
-4.898207648841578887e+00 -4.588252384744464507e+00
-4.898300527681080041e+00 -4.599895725555028569e+00
-4.898397179351541730e+00 -4.611623212858908971e+00
-4.898497857765859997e+00 -4.623434266364996326e+00
-4.898602840810797332e+00 -4.635328290231928605e+00
-4.898712433267638389e+00 -4.647304673751921911e+00
-4.898826970170721218e+00 -4.659362792039673629e+00
-4.898946820682211545e+00 -4.671502006724714384e+00
-4.899072392577908275e+00 -4.683721666645702442e+00
-4.899204137459228114e+00 -4.696021108545123113e+00
-4.899342556831890683e+00 -4.708399657762908141e+00
-4.899488209223682667e+00 -4.720856628927610821e+00
-4.899641718553850112e+00 -4.733391326643709540e+00
-4.899803784017532138e+00 -4.746003046173841611e+00
-4.899975191813849662e+00 -4.758691074114683062e+00
-4.900156829129593383e+00 -4.771454689065279808e+00
-4.900349700898844141e+00 -4.784293162286819445e+00
-4.900554949999475163e+00 -4.797205758352756533e+00
-4.900773881732811255e+00 -4.810191735788329481e+00
-4.901007993677428232e+00 -4.823250347698583518e+00
-4.901259012335359877e+00 -4.836380842384054191e+00
-4.901528938429493998e+00 -4.849582463943298727e+00
-4.901820103310519983e+00 -4.862854452861084198e+00
-4.902135239756582052e+00 -4.876196046579951648e+00
-4.902477571607057882e+00 -4.889606480037205216e+00
-4.903084993878175091e+00 -4.902850920548683433e+00
-4.916630797447774093e+00 -4.903259891261798842e+00
-4.930243143382241122e+00 -4.903709989696745097e+00
-4.943921254902150508e+00 -4.904207949758051299e+00
-4.957664362406317693e+00 -4.918552058202787514e+00
-4.971471696865968681e+00 -4.933516910117557330e+00
-4.985342490249784930e+00 -4.948538199101609969e+00
-4.999275975949981188e+00 -4.963614837050580597e+00
-5.013271389193536542e+00 -4.978745756869873418e+00
-5.027327967437075884e+00 -4.993929912340125732e+00
-5.041444950744871534e+00 -5.009166277957783464e+00
-5.055621582150194193e+00 -5.024453848753019258e+00
-5.069857107999905743e+00 -5.039791640087280200e+00
-5.084150778282681138e+00 -5.055178687432531959e+00
-5.098501846940793669e+00 -5.070614046134115149e+00
-5.112909572165984962e+00 -5.086096791159124386e+00
-5.127373216679430357e+00 -5.101626016831949606e+00
-5.141892047996206472e+00 -5.117200836558667199e+00
-5.156465338674586896e+00 -5.132820382541688708e+00
-5.171092366550369412e+00 -5.148483805486169906e+00
-5.185772414956709042e+00 -5.164190274299381933e+00
-5.200504772929739339e+00 -5.179938975784290633e+00
-5.202009492288708792e+00 -5.181706756715219520e+00
-5.203517700915436528e+00 -5.183479748859091352e+00
-5.205029404708057861e+00 -5.185257966979297528e+00
-5.206544609558797276e+00 -5.187041425876029344e+00
-5.208063321353932018e+00 -5.188830140386513357e+00
-5.209585545973815179e+00 -5.190624125385277843e+00
-5.211111289292808202e+00 -5.192423395784339313e+00
-5.212640557179327949e+00 -5.194227966533493834e+00
-5.214173355495799633e+00 -5.196037852620536412e+00
-5.215709690098683460e+00 -5.197853069071496357e+00
-5.217249566838439989e+00 -5.199673630950918835e+00
-5.218792991559542571e+00 -5.201499553362081585e+00
-5.220339970100477345e+00 -5.203330851447282690e+00
-5.221890508293752120e+00 -5.205167540388073277e+00
-5.223444611965864404e+00 -5.207009635405530190e+00
-5.225002286937360019e+00 -5.208857151760516224e+00
-5.226563539022804683e+00 -5.210710104753951910e+00
-5.228128374030791115e+00 -5.212568509727072197e+00
-5.229696797763965677e+00 -5.214432382061704452e+00
-5.231268816019041701e+00 -5.216301737180554454e+00
-5.232844434586803928e+00 -5.218176590547455973e+00
-5.234423659252116501e+00 -5.220056957667678965e+00
-5.236006495793973592e+00 -5.221942854088188035e+00
-5.237592949985492297e+00 -5.223834295397939975e+00
-5.239183027593951714e+00 -5.225731297228177752e+00
-5.240776734380803603e+00 -5.227633875252693407e+00
-5.242374076101720348e+00 -5.229542045188146027e+00
-5.243975058506596731e+00 -5.231455822794339738e+00
-5.245579687339606778e+00 -5.233375223874536353e+00
-5.247187968339225961e+00 -5.235300264275724480e+00
-5.248799907238268503e+00 -5.237230959888963255e+00
-5.250415509763931787e+00 -5.239167326649636358e+00
-5.252034781637832772e+00 -5.241109380537805507e+00
-5.253657728576045294e+00 -5.243057137578480464e+00
-5.255284356289143588e+00 -5.245010613841951219e+00
-5.256914670482281338e+00 -5.246969825444079305e+00
-5.258548676855194337e+00 -5.248934788546630870e+00
-5.260186381102288422e+00 -5.250905519357569773e+00
-5.261827788912673221e+00 -5.252882034131406641e+00
-5.263472905970235871e+00 -5.254864349169479532e+00
-5.265121737953704084e+00 -5.256852480820300322e+00
-5.266774290536666570e+00 -5.258846445479870013e+00
-5.268430569387705376e+00 -5.260846259591987817e+00
-5.270090580170403882e+00 -5.262851939648594879e+00
-5.271754328543438284e+00 -5.264863502190088695e+00
-5.273421820160677065e+00 -5.266880963805647298e+00
-5.275093060671204093e+00 -5.268904341133577418e+00
-5.276768055719432304e+00 -5.270933650861614694e+00
-5.278446810945175649e+00 -5.272968909727270059e+00
-5.280129331983731689e+00 -5.275010134518161919e+00
-5.281138057562520416e+00 -5.276034259659265757e+00
-5.282150207922271079e+00 -5.277061932391043264e+00
-5.283165794988027741e+00 -5.278093165191370950e+00
-5.284184830702611357e+00 -5.279127970555269833e+00
-5.285207327026283153e+00 -5.280166360994475561e+00
-5.286233295936402676e+00 -5.281208349037074257e+00
-5.287262749427074304e+00 -5.282253947227093960e+00
-5.288295699508831049e+00 -5.283303168124107607e+00
-5.289332158208243762e+00 -5.284356024302838684e+00
-5.290372137567610267e+00 -5.285412528352739336e+00
-5.291415649644547692e+00 -5.286472692877563162e+00
-5.292462706511647852e+00 -5.287536530494957532e+00
-5.293513320256121091e+00 -5.288604053836045260e+00
-5.294567502979385054e+00 -5.289675275544960087e+00
-5.295625266796704089e+00 -5.290750208278442557e+00
-5.296686623836810881e+00 -5.291828864705372837e+00
-5.297751586241489008e+00 -5.292911257506325740e+00
-5.298820166165215895e+00 -5.293997399373116863e+00
-5.299892375774721387e+00 -5.295087303008351398e+00
-5.300968227248590736e+00 -5.296180981124930298e+00
-5.302047732776880906e+00 -5.297278446445619515e+00
-5.303130904560667602e+00 -5.298379711702537520e+00
-5.304217754811660690e+00 -5.299484789636672133e+00
-5.305308295751736125e+00 -5.300593692997425777e+00
-5.306402539612535385e+00 -5.301706434542083457e+00
-5.307500498635027597e+00 -5.302823027035338477e+00
-5.308602185069041468e+00 -5.303943483248761304e+00
-5.309707611172871822e+00 -5.305067815960317290e+00
-5.310816789212747580e+00 -5.306196037953829325e+00
-5.311929731462465831e+00 -5.307328162018457363e+00
-5.313046450202854487e+00 -5.308464200948189493e+00
-5.314166957721357498e+00 -5.309604167541278841e+00
-5.315291266311533924e+00 -5.310748074599726642e+00
-5.316419388272566771e+00 -5.311895934928723584e+00
-5.317551335908854426e+00 -5.313047761336116892e+00
-5.318687121529420025e+00 -5.314203566631833908e+00
-5.319826757447509991e+00 -5.315363363627325199e+00
-5.320970255980023822e+00 -5.316527165135016553e+00
-5.322117629447070897e+00 -5.317694983967710343e+00
-5.323268890171426015e+00 -5.318866832938020650e+00
-5.324424050478028470e+00 -5.320042724857787952e+00
-5.325583122693481997e+00 -5.321222672537497367e+00
-5.326746119145478353e+00 -5.322406688785660478e+00
-5.327913052162333685e+00 -5.323594786408243351e+00
-5.329083934072423645e+00 -5.324786978208036814e+00
-5.330258777203643383e+00 -5.325983276984072035e+00
-5.331437593882881743e+00 -5.327183695530982810e+00
-5.332620396435442167e+00 -5.328388246638378511e+00
-5.333807197184519566e+00 -5.329596943090238348e+00
-5.334998008450652307e+00 -5.330809797664270988e+00
-5.336113098172342362e+00 -5.332086368313384561e+00
-5.337230012665238554e+00 -5.333365351324935055e+00
-5.338348753965242111e+00 -5.334646750480207977e+00
-5.339469324106569381e+00 -5.335930569564247605e+00
-5.340591725121808686e+00 -5.337216812365888963e+00
-5.341715959041857253e+00 -5.338505482677779135e+00
-5.342842027895978063e+00 -5.339796584296414572e+00
-5.343969933711773201e+00 -5.341090121022193493e+00
-5.345099678515205177e+00 -5.342386096659407890e+00
-5.346231264330616462e+00 -5.343684515016327907e+00
-5.347364693180691297e+00 -5.344985379905198286e+00
-5.348499967086521423e+00 -5.346288695142296099e+00
-5.349637088067557222e+00 -5.347594464547948512e+00
-5.350776058141653913e+00 -5.348902691946586963e+00
-5.351916879325053777e+00 -5.350213381166761373e+00
-5.353059553632423473e+00 -5.351526536041199655e+00
-5.354204083076822940e+00 -5.352842160406842353e+00
-5.355350469669741820e+00 -5.354160258104849746e+00
-5.356498715421106560e+00 -5.355480832980672012e+00
-5.357648822339279526e+00 -5.356803888884082099e+00
-5.358800792431068771e+00 -5.358129429669206800e+00
-5.359954627701740471e+00 -5.359457459194561402e+00
-5.361110330155026915e+00 -5.360787981323085205e+00
-5.362267901793146052e+00 -5.362120999922218800e+00
-5.363456518863890743e+00 -5.363456518863888967e+00
-5.364794542024596602e+00 -5.364794542024593937e+00
-5.366135073285409618e+00 -5.366135073285407842e+00
-5.367478116532053534e+00 -5.367478116532049981e+00
-5.368823675654926575e+00 -5.368823675654924799e+00
-5.370171754549126319e+00 -5.370171754549124543e+00
-5.371522357114531410e+00 -5.371522357114526969e+00
-5.372875487255800664e+00 -5.372875487255797111e+00
-5.374231148882455678e+00 -5.374231148882455678e+00
-5.375589345908897698e+00 -5.375589345908893257e+00
-5.376950082254451146e+00 -5.376950082254448482e+00
-5.378313361843424012e+00 -5.378313361843420459e+00
-5.379679188605138940e+00 -5.379679188605136275e+00
-5.381047566473974975e+00 -5.381047566473973198e+00
-5.382418499389432398e+00 -5.382418499389427069e+00
-5.383791991296142498e+00 -5.383791991296142498e+00
-5.385168046143950171e+00 -5.385168046143950171e+00
-5.386546667887943229e+00 -5.386546667887937900e+00
-5.387927860488482601e+00 -5.387927860488478160e+00
-5.389311627911284042e+00 -5.389311627911280489e+00
-5.390697974127430570e+00 -5.390697974127428793e+00
-5.392086903113445295e+00 -5.392086903113445295e+00
-5.393478418851312739e+00 -5.393478418851309186e+00
-5.394872525328552548e+00 -5.394872525328550772e+00
-5.396269226538265684e+00 -5.396269226538261243e+00
-5.397668526479141526e+00 -5.397668526479141526e+00
-5.398979041167274673e+00 -5.398979041167273785e+00
-5.400290404982485803e+00 -5.400290404982484027e+00
-5.401602617162925668e+00 -5.401602617162925668e+00
-5.402915676945974077e+00 -5.402915676945973189e+00
-5.404229583568191053e+00 -5.404229583568189277e+00
-5.405544336265386107e+00 -5.405544336265385219e+00
-5.406859934272564949e+00 -5.406859934272560508e+00
-5.408176376823981890e+00 -5.408176376823976561e+00
-5.409493663153116749e+00 -5.409493663153114973e+00
-5.410811792492712158e+00 -5.410811792492709493e+00
-5.412130764074754907e+00 -5.412130764074754019e+00
-5.413450577130482166e+00 -5.413450577130478614e+00
-5.414771230890403686e+00 -5.414771230890402798e+00
-5.416092724584309792e+00 -5.416092724584307128e+00
-5.417415057441269610e+00 -5.417415057441266057e+00
-5.418738228689628400e+00 -5.418738228689625736e+00
-5.420062237557019991e+00 -5.420062237557019102e+00
-5.421387083270409413e+00 -5.421387083270407636e+00
-5.422712765056036943e+00 -5.422712765056034279e+00
-5.424039282139475837e+00 -5.424039282139474949e+00
-5.425366633745607459e+00 -5.425366633745606570e+00
-5.426694819098652367e+00 -5.426694819098648814e+00
-5.428023837422160547e+00 -5.428023837422154330e+00
-5.429353687939022066e+00 -5.429353687939022066e+00
-5.430684369871481287e+00 -5.430684369871481287e+00
-5.432015882441135979e+00 -5.432015882441133314e+00
-5.433348224868926657e+00 -5.433348224868924881e+00
-5.434681396375196982e+00 -5.434681396375193430e+00
-5.436015396179637804e+00 -5.436015396179634251e+00
-5.437350223501325353e+00 -5.437350223501324464e+00
-5.438685877558739001e+00 -5.438685877558739001e+00
-5.440022357569741729e+00 -5.440022357569738176e+00
-5.441359662751595216e+00 -5.441359662751593440e+00
-5.442697792320973171e+00 -5.442697792320972283e+00
-5.444036745493967544e+00 -5.444036745493965768e+00
-5.445376521486097410e+00 -5.445376521486093857e+00
-5.446717119512282324e+00 -5.446717119512279659e+00
-5.448058538786903604e+00 -5.448058538786900939e+00
-5.449400778523777689e+00 -5.449400778523775912e+00
-5.450743837936165903e+00 -5.450743837936162350e+00
-5.452087716236776238e+00 -5.452087716236772685e+00
-5.453432412637797100e+00 -5.453432412637795323e+00
-5.454777926350860895e+00 -5.454777926350857342e+00
-5.456124256587084886e+00 -5.456124256587080446e+00
-5.457471402557065865e+00 -5.457471402557063200e+00
-5.458819363470885477e+00 -5.458819363470882813e+00
-5.460168138538117333e+00 -5.460168138538114668e+00
-5.461517726967842101e+00 -5.461517726967841213e+00
-5.462868127968638632e+00 -5.462868127968632415e+00
-5.464219340748585729e+00 -5.464219340748581288e+00
