-1.643178123159996229e+00 -1.049657226340175997e+00
-1.631889348487141067e+00 -1.044013506053883988e+00
-1.620600581859932054e+00 -1.038369789794118203e+00
-1.609311823514609996e+00 -1.032726077679076537e+00
-1.598023073696757335e+00 -1.027082369831621378e+00
-1.586734332661760449e+00 -1.021438666379527405e+00
-1.575445600675304592e+00 -1.015794967455718734e+00
-1.564156878013901242e+00 -1.010151273198529820e+00
-1.552868164965450104e+00 -1.004507583751991895e+00
-1.541579461829815090e+00 -9.988638992661248439e-01
-1.530290768919465805e+00 -9.932202198972486240e-01
-1.519002086560151232e+00 -9.875765458083228809e-01
-1.507713415091594067e+00 -9.819328771692988900e-01
-1.496424754868263873e+00 -9.762892141575029159e-01
-1.485136106260184219e+00 -9.706455569580372256e-01
-1.473847469653787767e+00 -9.650019057642109654e-01
-1.462558845452842649e+00 -9.593582607780030136e-01
-1.451270234079435228e+00 -9.537146222105503668e-01
-1.439981635975012608e+00 -9.480709902826748303e-01
-1.428693051601519270e+00 -9.424273652254437916e-01
-1.417404481442592123e+00 -9.367837472807738486e-01
-1.406115926004845029e+00 -9.311401367020695208e-01
-1.394827385819261023e+00 -9.254965337549203586e-01
-1.383538861442664913e+00 -9.198529387178374650e-01
-1.372250353459321781e+00 -9.142093518830489707e-01
-1.360961862482642282e+00 -9.085657735573591243e-01
-1.349673389157028947e+00 -9.029222040630628943e-01
-1.338384934159851936e+00 -8.972786437389399516e-01
-1.327096498203593100e+00 -8.916350929413217052e-01
-1.315808082038141702e+00 -8.859915520452414928e-01
-1.304519686453285754e+00 -8.803480214456785857e-01
-1.293231312281403200e+00 -8.747045015589003381e-01
-1.281942960400369813e+00 -8.690609928239219073e-01
-1.270654631736710227e+00 -8.634174957040700038e-01
-1.259366327269014985e+00 -8.577740106887030702e-01
-1.248078048031652898e+00 -8.521305382950546958e-01
-1.236789795118798052e+00 -8.464870790702517800e-01
-1.225501569688818071e+00 -8.408436335935043360e-01
-1.214213372969048521e+00 -8.352002024784934697e-01
-1.202925206261007407e+00 -8.295567863759711891e-01
-1.191637070946080623e+00 -8.239133859766057943e-01
-1.180348968491747863e+00 -8.182700020140850627e-01
-1.169060900458394947e+00 -8.126266352685261873e-01
-1.157772868506775410e+00 -8.069832865701990210e-01
-1.146484874406223708e+00 -8.013399568036242426e-01
-1.135196920043669788e+00 -7.956966469120791974e-01
-1.123909007433574470e+00 -7.900533579025588171e-01
-1.112621138728881798e+00 -7.844100908512451342e-01
-1.101333316233135351e+00 -7.787668469095540003e-01
-1.090045542413877522e+00 -7.731236273108234025e-01
-1.078757820078296570e+00 -7.674794066329377884e-01
-1.067470151902819575e+00 -7.618352134511415796e-01
-1.056182540942395276e+00 -7.561910486150934529e-01
-1.044894990486089137e+00 -7.505469130911952558e-01
-1.033607504079951722e+00 -7.449028079697821436e-01
-1.022320085552620217e+00 -7.392587344736303301e-01
-1.011032739044027462e+00 -7.336146939679241141e-01
-9.997454690376944564e-01 -7.279706879718296220e-01
-9.884582803971196929e-01 -7.223267181719105201e-01
-9.771711784069021522e-01 -7.166827864375930890e-01
-9.658841688193129382e-01 -7.110388948390016228e-01
-9.545972579071885233e-01 -7.053950456674988878e-01
-9.433104525241700067e-01 -6.997512414593504149e-01
-9.320237601735023025e-01 -6.941074850230267712e-01
-9.207371890868446540e-01 -6.884637794707282321e-01
-9.094507483148408511e-01 -6.828201282548786999e-01
-8.981644478315448099e-01 -6.771765352104642810e-01
-8.868782986552333769e-01 -6.715330046042834455e-01
-8.755923129886926670e-01 -6.658895411924229402e-01
-8.643065043827375948e-01 -6.602461502875576205e-01
-8.530208879275886780e-01 -6.546028378380549517e-01
-8.417354804777712474e-01 -6.489596105213166766e-01
-8.304503009176402717e-01 -6.433164758544120954e-01
-8.191653704763093291e-01 -6.376734423258145767e-01
-8.078807131030737443e-01 -6.320305195530546705e-01
-7.965963559173151465e-01 -6.263877184723810609e-01
-7.853123297507126344e-01 -6.207450515682603198e-01
-7.740286698046288105e-01 -6.151025331527602003e-01
-7.627454164522297075e-01 -6.094601797078946781e-01
-7.514626162239327334e-01 -6.038180103080720285e-01
-7.401803230269488054e-01 -5.981760471453090311e-01
-7.288985996664272271e-01 -5.925343161875002984e-01
-7.176175197589135246e-01 -5.868928480106943013e-01
-7.063371701613355702e-01 -5.812516788612582808e-01
-6.950576540850560425e-01 -5.756108520253625516e-01
-6.837790951312648913e-01 -5.699704196143124957e-01
-6.725016425818870491e-01 -5.643304449202347639e-01
-6.612254784260375162e-01 -5.586910055656422180e-01
-6.499508268236907638e-01 -5.530521977758142693e-01
-6.386779670516750107e-01 -5.474141422676781499e-01
-6.274072515218538371e-01 -5.417769925117843499e-01
-6.161391313468401743e-01 -5.361409465546599362e-01
-6.048741934092716210e-01 -5.305062643139145662e-01
-5.936132154450165510e-01 -5.248732935182416348e-01
-5.823572502168780085e-01 -5.192425097311601512e-01
-5.711077583545598468e-01 -5.136145801419205181e-01
-5.598668260106410832e-01 -5.079904691265039185e-01
-5.486375375994642090e-01 -5.023716207743340600e-01
-5.374246487327410948e-01 -4.967602913820321486e-01
-5.262358816184286026e-01 -4.911601944405818432e-01
-5.262358765611584444e-01 -4.911601916813750357e-01
-5.262358715701108691e-01 -4.911601895005551777e-01
-5.262358666439826971e-01 -4.911601873388223849e-01
-5.262358617815060535e-01 -4.911601851928978357e-01
-5.262358569814477027e-01 -4.911601830619944931e-01
-5.262358522426056062e-01 -4.911601809457473711e-01
-5.262358475638105881e-01 -4.911601788439152183e-01
-5.262358429439217833e-01 -4.911601767563060217e-01
-5.262358383818300789e-01 -4.911601746827481407e-01
-5.262358338764521193e-01 -4.911601726230844234e-01
-5.262358294267311942e-01 -4.911601705771634907e-01
-5.262358250316395702e-01 -4.911601685448398480e-01
-5.262358206901747160e-01 -4.911601665259724414e-01
-5.262358164013549722e-01 -4.911601645204224931e-01
-5.262358121642253250e-01 -4.911601625280546113e-01
-5.262358079778551856e-01 -4.911601605487355693e-01
-5.262358038413339489e-01 -4.911601585823328064e-01
-5.262357997537735477e-01 -4.911601566287190357e-01
-5.262357957143070086e-01 -4.911601546877666924e-01
-5.262357917220876757e-01 -4.911601527593494887e-01
-5.262357877762896541e-01 -4.911601508433455776e-01
-5.262357838761044793e-01 -4.911601489396312803e-01
-5.262357800207426717e-01 -4.911601470480881915e-01
-5.262357762094361791e-01 -4.911601451685966846e-01
-5.262357724414278293e-01 -4.911601433010409079e-01
-5.262357687159859854e-01 -4.911601414453050096e-01
-5.262357650323882252e-01 -4.911601396012743037e-01
-5.262357613899332209e-01 -4.911601377688377124e-01
-5.262357577879316350e-01 -4.911601359478839912e-01
-5.262357542257128928e-01 -4.911601341383033947e-01
-5.262357507026191872e-01 -4.911601323399893415e-01
-5.262357472180074769e-01 -4.911601305528336403e-01
-5.262357437712489316e-01 -4.911601287767319302e-01
-5.262357403617282658e-01 -4.911601270115802942e-01
-5.262357369888432945e-01 -4.911601252572763698e-01
-5.262357336520051554e-01 -4.911601235137182941e-01
-5.262357303506378647e-01 -4.911601217808063136e-01
-5.262357270841767631e-01 -4.911601200584421179e-01
-5.262357238520689595e-01 -4.911601183465281184e-01
-5.262357206537755516e-01 -4.911601166449678368e-01
-5.262357174887655198e-01 -4.911601149536659050e-01
-5.262357143565206119e-01 -4.911601132725296748e-01
-5.262357112565342332e-01 -4.911601116014651103e-01
-5.262357081883092258e-01 -4.911601099403813397e-01
-5.262357051513570916e-01 -4.911601082891879355e-01
-5.262357021452018779e-01 -4.911601066477953026e-01
-5.262356991693767361e-01 -4.911601050161147897e-01
-5.262356962234232549e-01 -4.911601033940602989e-01
-5.262356933068916831e-01 -4.911601017815447334e-01
-5.262356904193432605e-01 -4.911601001784835496e-01
-5.262356853809279089e-01 -4.911558409582326701e-01
-5.262356804084871165e-01 -4.911527423532192627e-01
-5.262356755007328024e-01 -4.911503927286827165e-01
-5.262356706564046416e-01 -4.911485525089004933e-01
-5.262356658742791682e-01 -4.911470735738820426e-01
-5.262356611531627815e-01 -4.911458597403254300e-01
-5.262356564918921897e-01 -4.911448459738047556e-01
-5.262356518893336332e-01 -4.911439867911467916e-01
-5.262356473443823290e-01 -4.911432494610945554e-01
-5.262356428559603616e-01 -4.911426098462937095e-01
-5.262356384230171269e-01 -4.911420497667330354e-01
-5.262356340445274450e-01 -4.911415552745785895e-01
-5.262356297194911159e-01 -4.911411154939546164e-01
-5.262356254469338079e-01 -4.911407218215624315e-01
-5.262356212259029498e-01 -4.911403673639739842e-01
-5.262356170554686186e-01 -4.911400465338731647e-01
-5.262356129347257605e-01 -4.911397547553191800e-01
-5.262356088627879735e-01 -4.911394882452284616e-01
-5.262356048387919483e-01 -4.911392438490762014e-01
-5.262356008618934711e-01 -4.911390189157569530e-01
-5.262355969312679793e-01 -4.911388112011594864e-01
-5.262355930461101172e-01 -4.911386187930574798e-01
-5.262355892056342910e-01 -4.911384400520162341e-01
-5.262355854090716711e-01 -4.911382735644820308e-01
-5.262355816556716359e-01 -4.911381181052157929e-01
-5.262355779446993287e-01 -4.911379726069777796e-01
-5.262355742754389887e-01 -4.911378361358771927e-01
-5.262355706471879557e-01 -4.911377078711977595e-01
-5.262355670592623325e-01 -4.911375870887700334e-01
-5.262355635109899898e-01 -4.911374731471920274e-01
-5.262355600017164514e-01 -4.911373654763451224e-01
-5.262355565307997862e-01 -4.911372635677647702e-01
-5.262355530976142726e-01 -4.911371669665339779e-01
-5.262355497015446248e-01 -4.911370752644216298e-01
-5.262355463419926549e-01 -4.911369880940490429e-01
-5.262355430183688343e-01 -4.911369051239121153e-01
-5.262355397300991777e-01 -4.911368260541158492e-01
-5.262355364766218013e-01 -4.911367506126996241e-01
-5.262355332573845912e-01 -4.911366785524767797e-01
-5.262355300718497553e-01 -4.911366096482898125e-01
-5.262355269194880503e-01 -4.911365436946356078e-01
-5.262355237997830004e-01 -4.911364805036031456e-01
-5.262355207122290102e-01 -4.911364199030909816e-01
-5.262355176563291437e-01 -4.911363617352776934e-01
-5.262355146315995658e-01 -4.911363058553516736e-01
-5.262355116375626585e-01 -4.911362521305430717e-01
-5.262355086737529053e-01 -4.911362004396512826e-01
-5.262355057397143376e-01 -4.911361506736490190e-01
-5.262355028349986474e-01 -4.911361027396946022e-01
-5.262354999591671856e-01 -4.911360565806754397e-01
-5.283260767329802654e-01 -4.921910761411791291e-01
-5.304177039224808876e-01 -4.932467126125358314e-01
-5.325102974098464559e-01 -4.943028945172970867e-01
-5.346037817425310923e-01 -4.953596370678599592e-01
-5.366980890555134165e-01 -4.964169622403585835e-01
-5.387931581490694732e-01 -4.974748993891376925e-01
-5.408889336967321881e-01 -4.985334860890693331e-01
-5.429853655626755149e-01 -4.995927692499552708e-01
-5.450824082114116287e-01 -5.006528065639839209e-01
-5.471800201956801279e-01 -5.017136683692876575e-01
-5.492781637107796433e-01 -5.027754400424099268e-01
-5.513768042055749996e-01 -5.038382250732557077e-01
-5.534759100420031386e-01 -5.049021490329217432e-01
-5.555754521961973058e-01 -5.059673647248779105e-01
-5.576754039954601172e-01 -5.070340589247188667e-01
-5.597757408861981920e-01 -5.081024612798922258e-01
-5.618764402286547943e-01 -5.091728561853118284e-01
-5.639774811149357303e-01 -5.102455988149925403e-01
-5.660788442073088067e-01 -5.113211370404043832e-01
-5.681805115941999107e-01 -5.124000418093560549e-01
-5.702824666616840288e-01 -5.134830498671483223e-01
-5.723846939785616206e-01 -5.145711247518434117e-01
-5.744871791933910954e-01 -5.156655452298991582e-01
-5.765899089420427615e-01 -5.167680354328660908e-01
-5.786928707645611070e-01 -5.178809588387258689e-01
-5.807960530302513913e-01 -5.190076098100048219e-01
-5.828994448700690612e-01 -5.201526510618355026e-01
-5.850030361154953118e-01 -5.213227558100890224e-01
-5.871068172431822552e-01 -5.225274893638650608e-01
-5.892107793247514103e-01 -5.237803167243907376e-01
-5.913149139811915145e-01 -5.250991622825289529e-01
-5.934192133413750403e-01 -5.265050626608678286e-01
-5.955236700042637610e-01 -5.280170332862588189e-01
-5.976282770044364367e-01 -5.296439573080838903e-01
-5.997330277805874577e-01 -5.313796766923827297e-01
-6.018379161467245497e-01 -5.332064775112114186e-01
-6.039429362657784406e-01 -5.351031925678220169e-01
-6.060480826254055486e-01 -5.370511199769192334e-01
-6.081533500157780825e-01 -5.390359646423669160e-01
-6.102587335091579357e-01 -5.410474982626694018e-01
-6.123642284411083825e-01 -5.430785718785667848e-01
-6.144698303931741545e-01 -5.451241941686243431e-01
-6.165755351769210968e-01 -5.471808451460536959e-01
-6.186813388191896301e-01 -5.492460048119020000e-01
-6.207872375484668748e-01 -5.513178383725676479e-01
-6.228932277822825103e-01 -5.533949869374189534e-01
-6.249993061155380003e-01 -5.554764273885564041e-01
-6.271054693096786981e-01 -5.575613774023177038e-01
-6.292117142826604281e-01 -5.596492301227132815e-01
-6.313180380996229468e-01 -5.617395085291853052e-01
-6.376374394361662423e-01 -5.618049644188364278e-01
-6.439574616951562192e-01 -5.619030018036815788e-01
-6.502780436566785172e-01 -5.620638140842131314e-01
-6.565991320122932517e-01 -5.623639139885976412e-01
-6.629206800902531782e-01 -5.630176554353155671e-01
-6.692426468316816646e-01 -5.644636523253759863e-01
-6.755649959576610630e-01 -5.668062157039825966e-01
-6.818876952845643880e-01 -5.696085166899758079e-01
-6.882107161563829623e-01 -5.725895395660451914e-01
-6.945340329705300686e-01 -5.756472715676621554e-01
-7.008576227791810664e-01 -5.787430956663535131e-01
-7.071814649521485086e-01 -5.818601448640140505e-01
-7.135055408903123730e-01 -5.849900790665972794e-01
-7.198298337808402003e-01 -5.881283587729977391e-01
-7.261543283871808585e-01 -5.912723227714437035e-01
-7.324790108681523693e-01 -5.944203170050323948e-01
-7.388038686214756234e-01 -5.975712638216463812e-01
-7.451288901479818927e-01 -6.007244333978715156e-01
-7.514540649333392164e-01 -6.038793152108851148e-01
-7.577793833447178384e-01 -6.070355421938712359e-01
-7.641048365402195452e-01 -6.101928441171710071e-01
-7.704304163892750079e-01 -6.133510179155017283e-01
-7.767561154024743564e-01 -6.165099082217976312e-01
-7.830819266695521197e-01 -6.196693942548494594e-01
-7.894078438044498380e-01 -6.228293807785018066e-01
-7.957338608965082161e-01 -6.259897917375664145e-01
-8.020599724670306463e-01 -6.291505656940619140e-01
-8.083861734305156643e-01 -6.323116524993630527e-01
-8.147124590600011151e-01 -6.354730108305584046e-01
-8.210388249560087726e-01 -6.386346063413366192e-01
-8.273652670186628644e-01 -6.417964102565490991e-01
-8.336917814226100232e-01 -6.449583982916002878e-01
-8.400183645944214739e-01 -6.481205498127265985e-01
-8.463450131921891328e-01 -6.512828471780244266e-01
-8.526717240870724801e-01 -6.544452752156135755e-01
-8.589984943465841516e-01 -6.576078208068827369e-01
-8.653253212194281785e-01 -6.607704725510384902e-01
-8.716522021217149030e-01 -6.639332204930935566e-01
-8.779791346244223416e-01 -6.670960559017928837e-01
-8.843061164419639963e-01 -6.702589710871214024e-01
-8.906331454217564225e-01 -6.734219592494343765e-01
-8.969602195346846329e-01 -6.765850143540232953e-01
-9.032873368663746350e-01 -6.797481310262487586e-01
-9.096144956091946066e-01 -6.829113044634451679e-01
-9.159416940549224284e-01 -6.860745303605330081e-01
-9.222689305880026334e-01 -6.892378048469460783e-01
-9.285962036793454777e-01 -6.924011244328929227e-01
-9.349235118806243916e-01 -6.955644859634056987e-01
-9.412508538190078600e-01 -6.987278865788791871e-01
-9.475782281923084138e-01 -7.018913236810653267e-01
-9.475782281923090800e-01 -7.101704280995149166e-01
-9.475782281923083028e-01 -7.186320001788815137e-01
-9.475782281923085248e-01 -7.270941973223017385e-01
-9.475782281923085248e-01 -7.355565513990377502e-01
-9.475782281923084138e-01 -7.440189685643316952e-01
-9.475782281923084138e-01 -7.524814174966149016e-01
-9.475782281923077477e-01 -7.609438847550871188e-01
-9.475782281923083028e-01 -7.694063636083902091e-01
-9.475782281923079697e-01 -7.778688503087209938e-01
-9.475782281923084138e-01 -7.863313426008982088e-01
-9.475782281923081918e-01 -7.947938390444421186e-01
-9.475782281923083028e-01 -8.032563386745272815e-01
-9.475782281923083028e-01 -8.117188408193556359e-01
-9.475782281923083028e-01 -8.201813449957644497e-01
-9.475782281923081918e-01 -8.286438508465665542e-01
-9.475782281923086359e-01 -8.371063581013720167e-01
-9.475782281923089689e-01 -8.455688665512193225e-01
-9.475782281923083028e-01 -8.540313760316461389e-01
-9.475782281923081918e-01 -8.624938864111002523e-01
-9.475782281923083028e-01 -8.709563975828212845e-01
-9.475782281923087469e-01 -8.794189094590247890e-01
-9.475782281923079697e-01 -8.878814219666730789e-01
-9.475782281923076367e-01 -8.963439350443419551e-01
-9.475782281923081918e-01 -9.048064486398655903e-01
-9.475782281923084138e-01 -9.132689627085381900e-01
-9.475782281923079697e-01 -9.217314772117348731e-01
-9.475782281923091910e-01 -9.301939921158260960e-01
-9.475782281923081918e-01 -9.386565073913316626e-01
-9.475782281923087469e-01 -9.471190230122358278e-01
-9.555815389554478401e-01 -9.475782281923086359e-01
-9.640440552003586294e-01 -9.475782281923084138e-01
-9.725065717284773203e-01 -9.475782281923074146e-01
-9.809690885231383550e-01 -9.475782281923081918e-01
-9.894316055692523593e-01 -9.475782281923086359e-01
-9.978941228531016394e-01 -9.475782281923086359e-01
-1.006356640362169097e+00 -9.475782281923076367e-01
-1.014819158084992567e+00 -9.475782281923081918e-01
-1.023281676011038144e+00 -9.475782281923086359e-01
-1.031744194130597814e+00 -9.475782281923083028e-01
-1.040206712434701863e+00 -9.475782281923090800e-01
-1.048669230915033168e+00 -9.475782281923084138e-01
-1.057131749563864354e+00 -9.475782281923076367e-01
-1.065594268374000730e+00 -9.475782281923078587e-01
-1.074056787338725227e+00 -9.499400560159892981e-01
-1.082519306451755536e+00 -9.555817332366846051e-01
-1.090981825707203701e+00 -9.612234106131617439e-01
-1.099444345099543918e+00 -9.668650881370575156e-01
-1.107906864623575682e+00 -9.725067658006769644e-01
-1.116369384274402021e+00 -9.781484435969296509e-01
-1.124831904047403075e+00 -9.837901215192655924e-01
-1.124831908823862081e+00 -9.866109665634346104e-01
-1.124831913690491181e+00 -9.894318116375352412e-01
-1.124831918649871865e+00 -9.922526567419749366e-01
-1.124831923704678882e+00 -9.950735018771669216e-01
-1.124831928857693342e+00 -9.978943470435360785e-01
-1.124831934111806486e+00 -1.000715192241511842e+00
-1.124831939470021247e+00 -1.003536037471533637e+00
-1.124831944935464678e+00 -1.006356882734046776e+00
-1.124831950511387291e+00 -1.009177728029508225e+00
-1.124831956201171934e+00 -1.011998573358380504e+00
-1.124831962008343345e+00 -1.014819418721138788e+00
-1.124831967936572363e+00 -1.017640264118262694e+00
-1.124831973989683709e+00 -1.020461109550246714e+00
-1.124831980171665302e+00 -1.023281955017590894e+00
-1.124831986486677149e+00 -1.026102800520805047e+00
-1.124831992939059777e+00 -1.028923646060410979e+00
-1.124831999533345339e+00 -1.031744491636942040e+00
-1.124832006274266938e+00 -1.034565337250940464e+00
-1.124832013166769951e+00 -1.037386182902960030e+00
-1.124832020216026685e+00 -1.040207028593566507e+00
-1.124832027427444370e+00 -1.043027874323337434e+00
-1.124832034806684922e+00 -1.045848720092865003e+00
-1.124832042359676265e+00 -1.048669565902748513e+00
-1.124832050092626323e+00 -1.051490411753607468e+00
-1.124832058012044333e+00 -1.054311257646071809e+00
-1.124832066124758612e+00 -1.057132103580787685e+00
-1.124832074437932317e+00 -1.059952949558416568e+00
-1.124832082959089874e+00 -1.062773795579637026e+00
-1.124832091696133629e+00 -1.065594641645145391e+00
-1.124832100657373601e+00 -1.068415487755657534e+00
-1.124832109851551243e+00 -1.071236333911909311e+00
-1.124832119287869192e+00 -1.074057180114663668e+00
-1.124832128976020362e+00 -1.076878026364710639e+00
-1.124832138926221914e+00 -1.079698872662865128e+00
-1.124832149149252558e+00 -1.082519719009986447e+00
-1.124832159656488528e+00 -1.085340565406975433e+00
-1.124832170459949765e+00 -1.088161411854793759e+00
-1.124832181572340550e+00 -1.090982258354469714e+00
-1.124832193007105685e+00 -1.093803104907144164e+00
-1.124832204778479117e+00 -1.096623951514098749e+00
-1.124832216901546333e+00 -1.099444798176836269e+00
-1.124832229392308314e+00 -1.102265644897214569e+00
-1.124832242267748583e+00 -1.105086491677687244e+00
-1.124832255545918924e+00 -1.107907338521820551e+00
-1.124832269246011762e+00 -1.110728185435443605e+00
-1.124832283388463861e+00 -1.113549032429646202e+00
-1.124832297995052688e+00 -1.116369879530425768e+00
-1.124832313089003888e+00 -1.119190726821774229e+00
-1.124832328695127392e+00 -1.122011574845329429e+00
-1.125606988463224489e+00 -1.125606973888959805e+00
-1.127652870969405585e+00 -1.127652870969404697e+00
-1.130473329786350511e+00 -1.130473329786350511e+00
-1.133293796097885497e+00 -1.133293796097885275e+00
-1.136114269787523501e+00 -1.136114269787523501e+00
-1.138934750741606550e+00 -1.138934750741606106e+00
-1.141755238849205378e+00 -1.141755238849205378e+00
-1.144575734002030387e+00 -1.144575734002030165e+00
-1.147396236094336386e+00 -1.147396236094335720e+00
-1.150216745022847764e+00 -1.150216745022846210e+00
-1.153037260686667453e+00 -1.153037260686667231e+00
-1.155857782987212978e+00 -1.155857782987212756e+00
-1.158678311828138074e+00 -1.158678311828136964e+00
-1.161498847115261634e+00 -1.161498847115261412e+00
-1.164319388756506868e+00 -1.164319388756506424e+00
-1.167139936661836019e+00 -1.167139936661836019e+00
-1.169960490743188641e+00 -1.169960490743187087e+00
-1.172781050914423195e+00 -1.172781050914422529e+00
-1.175601617091269535e+00 -1.175601617091269535e+00
-1.178422189191263181e+00 -1.178422189191261404e+00
-1.181242767133698912e+00 -1.181242767133698912e+00
-1.184063350839590578e+00 -1.184063350839589246e+00
-1.186883940231606926e+00 -1.186883940231606926e+00
-1.189704535234040739e+00 -1.189704535234040295e+00
-1.192525135772754430e+00 -1.192525135772754208e+00
-1.195345741775143855e+00 -1.195345741775143633e+00
-1.198166353170095233e+00 -1.198166353170094789e+00
-1.200986969887945843e+00 -1.200986969887945843e+00
-1.203807591860446280e+00 -1.203807591860446280e+00
-1.206628219020719595e+00 -1.206628219020719595e+00
-1.209448851303233097e+00 -1.209448851303232431e+00
-1.212269488643758830e+00 -1.212269488643758164e+00
-1.215090130979339600e+00 -1.215090130979339156e+00
-1.217910778248260995e+00 -1.217910778248260772e+00
-1.220731430390016081e+00 -1.220731430390016081e+00
-1.223552087345277206e+00 -1.223552087345277206e+00
-1.226372749055865352e+00 -1.226372749055865352e+00
-1.229193415464725936e+00 -1.229193415464725936e+00
-1.232014086515894613e+00 -1.232014086515893947e+00
-1.234834762154473742e+00 -1.234834762154473742e+00
-1.237655442326611066e+00 -1.237655442326610844e+00
-1.240476126979467741e+00 -1.240476126979467741e+00
-1.243296816061196797e+00 -1.243296816061196797e+00
-1.246117509520921596e+00 -1.246117509520920041e+00
-1.248938207308708970e+00 -1.248938207308707860e+00
-1.251758909375550344e+00 -1.251758909375549234e+00
-1.254579615673340198e+00 -1.254579615673339310e+00
-1.257400326154850978e+00 -1.257400326154849424e+00
-1.260221040773716439e+00 -1.260221040773715995e+00
-1.263041759484413440e+00 -1.263041759484412996e+00
-1.265862482242238185e+00 -1.265862482242237297e+00
-1.265862525491026069e+00 -1.265862525491025625e+00
-1.265862569129766468e+00 -1.265862569129766024e+00
-1.265862613163757144e+00 -1.265862613163756922e+00
-1.265862657598392449e+00 -1.265862657598392449e+00
-1.265862702439165544e+00 -1.265862702439165322e+00
-1.265862747691669066e+00 -1.265862747691668844e+00
-1.265862793361600236e+00 -1.265862793361599126e+00
-1.265862839454762412e+00 -1.265862839454761524e+00
-1.265862885977066643e+00 -1.265862885977064867e+00
-1.265862932934532559e+00 -1.265862932934531004e+00
-1.265862980333294807e+00 -1.265862980333294807e+00
-1.265863028179604610e+00 -1.265863028179604610e+00
-1.265863076479831317e+00 -1.265863076479831095e+00
-1.265863125240463960e+00 -1.265863125240463294e+00
-1.265863174468117913e+00 -1.265863174468117913e+00
-1.265863224169534673e+00 -1.265863224169534007e+00
-1.265863274351586520e+00 -1.265863274351585632e+00
-1.265863325021278740e+00 -1.265863325021278074e+00
-1.265863376185755396e+00 -1.265863376185754285e+00
-1.265863427852298218e+00 -1.265863427852297773e+00
-1.265863480028335708e+00 -1.265863480028335486e+00
-1.265863532721439588e+00 -1.265863532721437590e+00
-1.265863585939335012e+00 -1.265863585939334124e+00
-1.265863639689902342e+00 -1.265863639689901454e+00
-1.265863693981177374e+00 -1.265863693981177374e+00
-1.265863748821362655e+00 -1.265863748821362655e+00
-1.265863804218825717e+00 -1.265863804218825051e+00
-1.265863860182102396e+00 -1.265863860182101730e+00
-1.265863916719907056e+00 -1.265863916719907056e+00
-1.265863973841134360e+00 -1.265863973841133694e+00
-1.265864031554857938e+00 -1.265864031554857716e+00
-1.265864089870350817e+00 -1.265864089870349707e+00
-1.265864148797068767e+00 -1.265864148797068545e+00
-1.265864208344676056e+00 -1.265864208344676056e+00
-1.265864268523038572e+00 -1.265864268523038350e+00
-1.265864329342229810e+00 -1.265864329342229588e+00
-1.265864390812541540e+00 -1.265864390812541540e+00
-1.265864452944489349e+00 -1.265864452944487795e+00
-1.265864515748810870e+00 -1.265864515748810648e+00
-1.265864579236482212e+00 -1.265864579236481546e+00
-1.265864643418717517e+00 -1.265864643418717295e+00
-1.265864708306979614e+00 -1.265864708306978947e+00
-1.265864773912981578e+00 -1.265864773912980912e+00
-1.265864840248701606e+00 -1.265864840248700718e+00
-1.265864907326382793e+00 -1.265864907326382349e+00
-1.265864975158543571e+00 -1.265864975158542904e+00
-1.265865043757988362e+00 -1.265865043757987252e+00
-1.265865113137810471e+00 -1.265865113137809583e+00
-1.265865183311403852e+00 -1.265865183311403852e+00
-1.265865254727691847e+00 -1.265865254686722396e+00
-1.269203513720244869e+00 -1.269203513720244647e+00
-1.272541773240885021e+00 -1.272541773240883689e+00
-1.275880032855343016e+00 -1.275880032855342794e+00
-1.279218292564612725e+00 -1.279218292564611836e+00
-1.282556552369723768e+00 -1.282556552369723546e+00
-1.285894812271755727e+00 -1.285894812271754617e+00
-1.289233072271829039e+00 -1.289233072271828595e+00
-1.292571332371117654e+00 -1.292571332371116544e+00
-1.295909592570843039e+00 -1.295909592570842594e+00
-1.299247852872285502e+00 -1.299247852872283726e+00
-1.302586113276780200e+00 -1.302586113276779312e+00
-1.305924373785726900e+00 -1.305924373785726234e+00
-1.309262634400589542e+00 -1.309262634400588654e+00
-1.312600895122903566e+00 -1.312600895122903566e+00
-1.315939155954278350e+00 -1.315939155954277906e+00
-1.319277416896400767e+00 -1.319277416896400545e+00
-1.322615677951046287e+00 -1.322615677951046287e+00
-1.325953939120075864e+00 -1.325953939120075642e+00
-1.329292200405452373e+00 -1.329292200405451707e+00
-1.332630461809238387e+00 -1.332630461809238165e+00
-1.335968723333609720e+00 -1.335968723333609498e+00
-1.339306984980860316e+00 -1.339306984980859649e+00
-1.342645246753412458e+00 -1.342645246753412236e+00
-1.345983508653826766e+00 -1.345983508653826766e+00
-1.349321770684811961e+00 -1.349321770684811961e+00
-1.352660032849234417e+00 -1.352660032849234417e+00
-1.355998295150137700e+00 -1.355998295150136146e+00
-1.359336557590748784e+00 -1.359336557590748340e+00
-1.362674820174499590e+00 -1.362674820174498480e+00
-1.369478096783926180e+00 -1.366013082905040088e+00
-1.379102932876041354e+00 -1.369351345786263385e+00
-1.388822068745552141e+00 -1.372689608822317942e+00
-1.398634969190377220e+00 -1.376027872017639764e+00
-1.408541068893846449e+00 -1.379366135376976166e+00
-1.418539773388166170e+00 -1.382704398905411969e+00
-1.428630460020887005e+00 -1.386042662608405251e+00
-1.438812478923766403e+00 -1.389380926491828649e+00
-1.449085153984462693e+00 -1.392719190562002662e+00
-1.459447783822297229e+00 -1.396057454825750499e+00
-1.469899642769999071e+00 -1.399395719290447149e+00
-1.480439981863648446e+00 -1.402733983964079778e+00
-1.491068029843191534e+00 -1.406072518028343099e+00
-1.501782994165684393e+00 -1.414291506043280577e+00
-1.512584062033172305e+00 -1.424308263159944188e+00
-1.523470401436410882e+00 -1.434325325010088470e+00
-1.534441162215179899e+00 -1.444342654580741403e+00
-1.545495477134958273e+00 -1.454360216945952189e+00
-1.556632462979173237e+00 -1.464377979247502903e+00
-1.567851221655282012e+00 -1.474395910683620636e+00
-1.579150841312384479e+00 -1.484413982498189677e+00
-1.579427032626044225e+00 -1.487742413100404892e+00
-1.579713087490914214e+00 -1.491070228972989131e+00
-1.580009539204566105e+00 -1.494397367673858446e+00
-1.580316960677754290e+00 -1.497723758458233911e+00
-1.580635968363641064e+00 -1.501049320876939097e+00
-1.580967226711706974e+00 -1.504373963085401167e+00
-1.581311453241738940e+00 -1.507697579792140363e+00
-1.581669424356342279e+00 -1.511020049754953076e+00
-1.582041982040614414e+00 -1.514341232705709972e+00
-1.582430041637435725e+00 -1.517660965547924290e+00
-1.582834600939963199e+00 -1.520979057621451025e+00
-1.583256750914785238e+00 -1.524295284760583957e+00
-1.583697688467135878e+00 -1.527609381777631947e+00
-1.584158731795314523e+00 -1.530921032872745169e+00
-1.584641339071173549e+00 -1.534229859285250352e+00
-1.585147131452711244e+00 -1.537535403237433318e+00
-1.585677921821062375e+00 -1.540837106840044823e+00
-1.586235751195639532e+00 -1.544134284072124830e+00
-1.586822935607300700e+00 -1.547426083126065333e+00
-1.587442127438962958e+00 -1.550711435183348641e+00
-1.588096397091054435e+00 -1.553988983841618321e+00
-1.588789343626762385e+00 -1.557256986618009709e+00
-1.589525247295586530e+00 -1.560513175710113165e+00
-1.590309283224503600e+00 -1.563754558802105121e+00
-1.591147824948262013e+00 -1.566977131314619909e+00
-1.592048879354508228e+00 -1.570175458580505445e+00
-1.593022709512820878e+00 -1.573342071515619001e+00
-1.594082709648756202e+00 -1.576466611532887141e+00
-1.595246565549800266e+00 -1.579534691380558797e+00
-1.596537576237986977e+00 -1.582526595980384476e+00
-1.597985542719076557e+00 -1.585416417288970425e+00
-1.599625649964980800e+00 -1.588173196756636818e+00
-1.601492754699986643e+00 -1.590766662412194332e+00
-1.603609925766591227e+00 -1.593178713229187027e+00
-1.605976527211175009e+00 -1.595415359856578341e+00
-1.608566228688319999e+00 -1.597508736085677672e+00
-1.611337577891881478e+00 -1.599506545017218340e+00
-1.614247705517270370e+00 -1.601458367754706291e+00
-1.617260502109176823e+00 -1.603407493226320479e+00
-1.620348640289590580e+00 -1.605388893210381029e+00
-1.623492470633145723e+00 -1.607430311502271447e+00
-1.626678140434033804e+00 -1.609554114891366128e+00
-1.629895917513032755e+00 -1.611778920563444073e+00
-1.633138942339786626e+00 -1.614120773501230843e+00
-1.636402363480895295e+00 -1.616593916138694187e+00
-1.639682757176331496e+00 -1.619211247588404845e+00
-1.642977744468634871e+00 -1.621984558513174468e+00
-1.646285744153475505e+00 -1.624924604791331051e+00
-1.649605821525554905e+00 -1.628041063834233748e+00
-1.652937609289645282e+00 -1.631342403753564874e+00
-1.653019711595694829e+00 -1.632298454069609051e+00
-1.653113254871176441e+00 -1.633284152464392402e+00
-1.653220649562739286e+00 -1.634299105462538648e+00
-1.653344977435350582e+00 -1.635342347855935463e+00
-1.653490215846532330e+00 -1.636412121483172610e+00
-1.653661542076081403e+00 -1.637505573684184590e+00
-1.653865740691530917e+00 -1.638618352379977994e+00
-1.654111732265928447e+00 -1.639744079383996134e+00
-1.654411217392770750e+00 -1.640873707917208435e+00
-1.654779361916762115e+00 -1.641994838319497108e+00
-1.655235304125696638e+00 -1.643091211118748118e+00
-1.655802031621349091e+00 -1.644142829643543857e+00
-1.656504967592197897e+00 -1.645127372359402207e+00
-1.657368785673694500e+00 -1.646023375647053255e+00
-1.658412963095723169e+00 -1.646814677231776214e+00
-1.659648006770565010e+00 -1.647494185526899191e+00
-1.661074536075719754e+00 -1.648064791065125601e+00
-1.662685594274079692e+00 -1.648537048018797524e+00
-1.664470465564150459e+00 -1.648925348779864075e+00
-1.666417993300047806e+00 -1.649244596047126254e+00
-1.668518529418454133e+00 -1.649508242398672664e+00
-1.670764669713562967e+00 -1.649727542754429566e+00
-1.673151266624974376e+00 -1.649911528143174211e+00
-1.675675127550017907e+00 -1.650067292876275182e+00
-1.678334632388061465e+00 -1.650200361568666896e+00
-1.681129374795556908e+00 -1.650315031708851299e+00
-1.684059861413700121e+00 -1.650414657725590706e+00
-1.687127272016394341e+00 -1.650501873836946354e+00
-1.690333272298118361e+00 -1.653196278656430263e+00
-1.693679868669835775e+00 -1.659872836382484840e+00
-1.697169295413123002e+00 -1.666549394113489901e+00
-1.700803926430930701e+00 -1.673225951849267590e+00
-1.704586205689247347e+00 -1.679902509589648485e+00
-1.708518591975339396e+00 -1.686579067334470494e+00
-1.712603514768884949e+00 -1.693255625083580407e+00
-1.716843338881642422e+00 -1.699932182836830563e+00
-1.721240336137519256e+00 -1.706608740594084406e+00
-1.725796662800548997e+00 -1.713285298355207376e+00
-1.730514341763465413e+00 -1.719961856120071797e+00
-1.735395248723152539e+00 -1.726638413888558210e+00
-1.740441101719004902e+00 -1.733314971660549819e+00
-1.745653453517002740e+00 -1.739991529435935158e+00
-1.751033686400369271e+00 -1.746668087214609866e+00
-1.756583008987274486e+00 -1.753344644996470914e+00
-1.762302454743956304e+00 -1.760021202781421046e+00
-1.768192881902403313e+00 -1.766697760569368780e+00
-1.774254974528077788e+00 -1.773374318360221302e+00
-1.780489244516664016e+00 -1.780050876153896233e+00
-1.786896034330280880e+00 -1.786727433950307420e+00
-1.793475520313076554e+00 -1.793403991749379811e+00
-1.793475521302916098e+00 -1.793403991784528140e+00
-1.793475522332500294e+00 -1.793403991820156307e+00
-1.793475523404331806e+00 -1.793403991856270308e+00
-1.793475524521134012e+00 -1.793403991892885463e+00
-1.793475525685866767e+00 -1.793403991930008434e+00
-1.793475526901761263e+00 -1.793403991967651656e+00
-1.793475528172347122e+00 -1.793403992005827119e+00
-1.793475529501487031e+00 -1.793403992044544815e+00
-1.793475530893423819e+00 -1.793403992083817622e+00
-1.793475532352817314e+00 -1.793403992123655755e+00
-1.793475533884807405e+00 -1.793403992164074312e+00
-1.793475535495070217e+00 -1.793403992205085506e+00
-1.793475537189898494e+00 -1.793403992246702439e+00
-1.793475538976278205e+00 -1.793403992288938653e+00
-1.793475540861992235e+00 -1.793403992331808805e+00
-1.793475542855735849e+00 -1.793403992375326439e+00
-1.793475544967256363e+00 -1.793403992419507542e+00
-1.793475547207517673e+00 -1.793403992464368990e+00
-1.793475549588894991e+00 -1.793403992509922995e+00
-1.793475552125407546e+00 -1.793403992556188875e+00
-1.793475554833002805e+00 -1.793403992603184172e+00
-1.793475557729909964e+00 -1.793403992650925316e+00
-1.793475560837044958e+00 -1.793403992699429406e+00
-1.793475564178538484e+00 -1.793403992748717535e+00
-1.793475567782374824e+00 -1.793403992798806579e+00
-1.793475571681197644e+00 -1.793403992849718964e+00
-1.793475575913310749e+00 -1.793403992901474009e+00
-1.793475580523977042e+00 -1.793403992954093695e+00
-1.793475585567067432e+00 -1.793403993007599562e+00
-1.793475591107202005e+00 -1.793403993062012924e+00
-1.793475597222592199e+00 -1.793403993117360429e+00
-1.793475604008797353e+00 -1.793403993173666056e+00
-1.793475611583826623e+00 -1.793403993230954896e+00
-1.793475620095142942e+00 -1.793403993289251153e+00
-1.793475629729465615e+00 -1.793403993348585690e+00
-1.793475640726776232e+00 -1.793403993408983599e+00
-1.793475653400749881e+00 -1.793403993470475521e+00
-1.793475668169431048e+00 -1.793403993533090324e+00
-1.793475685602558878e+00 -1.793403993596862867e+00
-1.793475706497262623e+00 -1.793403993661823570e+00
-1.793475732004084611e+00 -1.793403993728004631e+00
-1.793475763847250271e+00 -1.793403993795445350e+00
-1.793475804733197121e+00 -1.793403993864179036e+00
-1.793475859166111963e+00 -1.793403993934245655e+00
-1.793475935237899943e+00 -1.793403994005686286e+00
-1.793476049088490232e+00 -1.793403994078543118e+00
-1.793476238222053043e+00 -1.793403994152862779e+00
-1.793476614336003694e+00 -1.793403994228701004e+00
-1.793477726193122068e+00 -1.793403994306166149e+00
-1.793546878937664513e+00 -1.793403994390908363e+00
-1.803861083310785318e+00 -1.803860202369121257e+00
-1.814388709926975762e+00 -1.814388312331149722e+00
-1.824917595736335052e+00 -1.824917348253278782e+00
-1.835447235160440504e+00 -1.835447057261720971e+00
-1.845977451875084219e+00 -1.845977312440560958e+00
-1.856508140099071280e+00 -1.856508024176434901e+00
-1.867039223980104801e+00 -1.867039123403125611e+00
-1.877570645085245182e+00 -1.877570554998591934e+00
-1.888102356768968981e+00 -1.888102274105379008e+00
-1.898634320992848012e+00 -1.898634243724275805e+00
-1.909166506276668951e+00 -1.909166433013597564e+00
-1.919698886272446003e+00 -1.919698816035234179e+00
-1.930231438723700066e+00 -1.930231370805237656e+00
-1.940764144681776049e+00 -1.940764078561530326e+00
-1.951296987902582991e+00 -1.951296923190898758e+00
-1.961829954374340268e+00 -1.961829890775317775e+00
-1.972363031943002332e+00 -1.972362969229119134e+00
-1.982896210011818150e+00 -1.982896148006208614e+00
-1.993429479298060913e+00 -1.993429417861913633e+00
-2.003962831634416908e+00 -2.003962770657853110e+00
-2.014496259805597767e+00 -2.014496199200997761e+00
-2.025029757413044695e+00 -2.025029697110059423e+00
-2.035563318762168450e+00 -2.035563258703977141e+00
-2.046096938767850038e+00 -2.046096878908324257e+00
-2.056630612874830177e+00 -2.056630553176334253e+00
-2.067164336990270357e+00 -2.067164277421984941e+00
-2.077698107426415586e+00 -2.077698047963000949e+00
-2.088231920851579826e+00 -2.088231861472138462e+00
-2.098765774248095628e+00 -2.098765714935353799e+00
-2.109299664876111535e+00 -2.109299605615752693e+00
-2.119833590242274024e+00 -2.119833531022412565e+00
-2.130367548072563011e+00 -2.130367488883322835e+00
-2.140901536288656981e+00 -2.140901477121825103e+00
-2.151435552987281952e+00 -2.151435493836018953e+00
-2.161969596422125939e+00 -2.161969537280748810e+00
-2.172503664987960104e+00 -2.172503605851746400e+00
-2.183037757206645946e+00 -2.183037698071667698e+00
-2.193571871714768751e+00 -2.193571812577783664e+00
-2.204106007252705890e+00 -2.204105948111029889e+00
-2.214640162654905708e+00 -2.214640103506344992e+00
-2.225174336841258427e+00 -2.225174277684009105e+00
-2.235708528809381423e+00 -2.235708469641986884e+00
-2.246242737627733188e+00 -2.246242678449026808e+00
-2.256776962429461353e+00 -2.256776903238509657e+00
-2.267311202406849358e+00 -2.267311143202937362e+00
-2.277845456806365299e+00 -2.277845397588938336e+00
-2.288379724924163749e+00 -2.288379665692827469e+00
-2.298914006102060092e+00 -2.298913946856534718e+00
-2.309448299723863673e+00 -2.309448240463980451e+00
-2.319982605212075555e+00 -2.319982545937750107e+00
-2.320010441471449969e+00 -2.320010382193815612e+00
-2.320038280470399172e+00 -2.320038221189534067e+00
-2.320066122300817657e+00 -2.320066063016799962e+00
-2.320093967058751261e+00 -2.320093907771671571e+00
-2.320121814844645858e+00 -2.320121755554594323e+00
-2.320149665763582725e+00 -2.320149606470665482e+00
-2.320177519925579190e+00 -2.320177460629903710e+00
-2.320205377445852424e+00 -2.320205318147535056e+00
-2.320233238445149837e+00 -2.320233179144314928e+00
-2.320261103050071938e+00 -2.320261043746857155e+00
-2.320288971393446253e+00 -2.320288912087992816e+00
-2.320316843614699476e+00 -2.320316784307159264e+00
-2.320344719860271354e+00 -2.320344660550815785e+00
-2.320372600284091202e+00 -2.320372540972891695e+00
-2.320400485048020656e+00 -2.320400425735263283e+00
-2.320428374322395459e+00 -2.320428315008286280e+00
-2.320456268286592127e+00 -2.320456208971340750e+00
-2.320484167129614583e+00 -2.320484107813452379e+00
-2.320512071050772729e+00 -2.320512011733941726e+00
-2.320539980260373003e+00 -2.320539920943132106e+00
-2.320567894980505752e+00 -2.320567835663131184e+00
-2.320595815445867682e+00 -2.320595756128650766e+00
-2.320623741904677573e+00 -2.320623682587932279e+00
-2.320651674619667482e+00 -2.320651615303726878e+00
-2.320679613869145896e+00 -2.320679554554359036e+00
-2.320707559948180787e+00 -2.320707500634928255e+00
-2.320735513169881692e+00 -2.320735453858556507e+00
-2.320763473866789273e+00 -2.320763414557815096e+00
-2.320791442392415860e+00 -2.320791383086239446e+00
-2.320819419122924554e+00 -2.320819359820019745e+00
-2.320847404458962870e+00 -2.320847345159831931e+00
-2.320875398827701552e+00 -2.320875339532880055e+00
-2.320903402685064343e+00 -2.320903343395106511e+00
-2.320931416518179802e+00 -2.320931357233680270e+00
-2.320959440848094246e+00 -2.320959381569676960e+00
-2.320987476232799551e+00 -2.320987416961120431e+00
-2.321015523270542502e+00 -2.321015464006293882e+00
-2.321043582603533828e+00 -2.321043523347436910e+00
-2.321071654922056471e+00 -2.321071595674874644e+00
-2.321099740969053915e+00 -2.321099681731576769e+00
-2.321127841545252757e+00 -2.321127782318302302e+00
-2.321155957514875023e+00 -2.321155898299307907e+00
-2.321184089812091234e+00 -2.321184030608788973e+00
-2.321212239448202652e+00 -2.321212180258070301e+00
-2.321240407519807203e+00 -2.321240348343769799e+00
-2.321268595217965469e+00 -2.321268536056948495e+00
-2.321296803838603484e+00 -2.321296744693539971e+00
-2.321325034794313069e+00 -2.321324975666104073e+00
-2.321353289627837935e+00 -2.321353230517322785e+00
-2.321381621207444734e+00 -2.321381582269219201e+00
