-2.356322032223254759e+00 -2.255206358634594732e+00 -2.197279633179508807e+00 -2.005149623425032335e+00 -1.937278408114028183e+00 -1.879351682658943812e+00 -1.778236009070281121e+00 -1.687221672904466452e+00 -1.586105999315804871e+00 -1.528179273860720278e+00 -9.899152684387204637e-01 -9.319885429836354263e-01 -8.308728693949746225e-01 -7.398585332291582883e-01 -6.387428596404972625e-01 -5.808161341854116699e-01 -5.129449188744085175e-01 -3.208149091199320457e-01 -2.628881836648472858e-01 -1.617725100761857882e-01
-2.356322032223255647e+00 -2.255206358634592956e+00 -2.197279633179507030e+00 -2.005149623425032779e+00 -1.937278408114025963e+00 -1.879351682658943590e+00 -1.778236009070282675e+00 -1.687221672904466230e+00 -1.586105999315804649e+00 -1.528179273860720055e+00 -9.899152684387207968e-01 -9.319885429836357593e-01 -8.308728693949741784e-01 -7.398585332291587324e-01 -6.387428596404967074e-01 -5.808161341854116699e-01 -5.129449188744087396e-01 -3.208149091199317127e-01 -2.628881836648470638e-01 -1.617725100761856216e-01
-2.352715799544384812e+00 -2.252376804444874203e+00 -2.190147108085531702e+00 -2.002648714835141952e+00 -1.934547144079342251e+00 -1.862462077344226419e+00 -1.768016220953671835e+00 -1.679396623562837254e+00 -1.558245691448372661e+00 -1.525369428855717580e+00 -9.860574939235504655e-01 -9.074158954439033309e-01 -8.150580854865631109e-01 -7.321310716037843225e-01 -6.136722309545903364e-01 -5.733235668395223472e-01 -4.887231665264412106e-01 -2.925080695393033614e-01 -2.441391315127863226e-01 -1.272334114756943357e-01
-2.349153211751450865e+00 -2.238803005094292864e+00 -2.184604904157139593e+00 -2.000539769384161559e+00 -1.926119840960966112e+00 -1.848983574683343623e+00 -1.751839971898442316e+00 -1.655000204793941831e+00 -1.542897186186690472e+00 -1.518552778883102139e+00 -9.664376428546491704e-01 -8.911384495009336826e-01 -7.844559372541178854e-01 -7.081042474399021902e-01 -5.895460209810942098e-01 -5.589938071487754456e-01 -4.549060220227755802e-01 -2.490163498657642083e-01 -2.179329232265510563e-01 -7.723684756869819701e-02
-2.337353196751363438e+00 -2.232162406643598551e+00 -2.174653413019575154e+00 -1.989698399761709702e+00 -1.899482989558676671e+00 -1.844683614825587625e+00 -1.727696963469815827e+00 -1.648863560850491794e+00 -1.537085475108594723e+00 -1.496379581688105587e+00 -9.326471143674833764e-01 -8.751293125800843065e-01 -7.570801852447871516e-01 -6.828608210236638554e-01 -5.760459537819895282e-01 -5.255331602417011583e-01 -4.188409579676281580e-01 -2.086692830489350614e-01 -1.867279015767878414e-01 -3.982297492162800712e-02
-2.335635539855815956e+00 -2.228772194850053623e+00 -2.173657050677632263e+00 -1.987796069182225622e+00 -1.897388347156962807e+00 -1.795974404430676241e+00 -1.715506401819238302e+00 -1.582619506569543422e+00 -1.499665548965892992e+00 -1.456459011236320933e+00 -9.266713023731240062e-01 -8.357300549838690973e-01 -7.448655679276994235e-01 -6.228553620962593573e-01 -5.328743096424393144e-01 -4.807368687254181538e-01 -3.413418877173168275e-01 -9.728225222305073028e-02 -6.443450230481903573e-02 3.508419054044451674e-02
-2.291468271729654838e+00 -2.173073396935186530e+00 -2.161803230237981488e+00 -1.980049682153427026e+00 -1.755723979357801445e+00 -1.747298962872749772e+00 -1.584637721863700222e+00 -1.557683190186702316e+00 -1.490140574272611040e+00 -1.391231017241545409e+00 -8.197768380883762029e-01 -7.651692741167057665e-01 -6.172106420162085660e-01 -6.002495925015876033e-01 -5.253349356978345153e-01 -4.141148091747312021e-01 -1.327833957865081627e-01 -5.397459574583537284e-02 2.917661472150833574e-02 1.995264873835297104e-01
-2.330817764737854958e+00 -2.217037008538603970e+00 -2.191092339276757617e+00 -2.011667643692436780e+00 -1.782457754830175878e+00 -1.762132384010608677e+00 -1.598106203782027723e+00 -1.573097679471846533e+00 -1.504457382166453305e+00 -1.404048912292710449e+00 -8.269401297874617862e-01 -7.720809479657619878e-01 -6.242621994217842918e-01 -6.052672994107739513e-01 -5.284224374565358318e-01 -4.160814727533255208e-01 -1.346707939241143515e-01 -6.046785022431719336e-02 2.529285054994368648e-02 1.925363765431212515e-01
-2.350788446359223904e+00 -2.241031376327391911e+00 -2.200849757322882017e+00 -2.021459162337564841e+00 -1.795907796281094981e+00 -1.772388675449642514e+00 -1.606897647027544895e+00 -1.581703416726411238e+00 -1.511086021899096021e+00 -1.405924259221253081e+00 -8.324638245341551279e-01 -7.811025813909895366e-01 -6.314999612984709687e-01 -6.107282361974625262e-01 -5.330198574804203560e-01 -4.190386733515418793e-01 -1.354787574132479688e-01 -6.183303598665471079e-02 2.516567240917333761e-02 1.911076912939421446e-01
-2.343369453065101027e+00 -2.206456054156900048e+00 -2.147135376200648871e+00 -1.916896129523774528e+00 -1.785660290321905874e+00 -1.734721964483516565e+00 -1.591817530493417676e+00 -1.566069880509886492e+00 -1.487900043523679994e+00 -1.388155950632382396e+00 -7.955421470538698303e-01 -7.311960626691448306e-01 -5.413585405405357820e-01 -5.157978410070485076e-01 -3.785143852799773834e-01 -3.077116675531000323e-01 -1.048250262811254718e-01 -5.043140352153904771e-02 3.635867898407176002e-02 2.023186651756593846e-01
-2.341431344875683163e+00 -2.180547403315846289e+00 -2.145046522511111942e+00 -1.907103740925073065e+00 -1.767574163873303128e+00 -1.731856274748435620e+00 -1.586947879808742856e+00 -1.560479606250503304e+00 -1.483709496267944461e+00 -1.382478587119190028e+00 -7.733633032273606878e-01 -7.133192795764803362e-01 -5.193761669055836361e-01 -5.055204043332327535e-01 -3.698593576239109781e-01 -2.816729076173160595e-01 -9.442998362724280836e-02 -4.552032671584520934e-02 5.125572103002164204e-02 2.082255556652567730e-01
-2.331769883347229122e+00 -2.178638030726499419e+00 -2.118379040753258558e+00 -1.895686925901468811e+00 -1.749638928364170010e+00 -1.720729365318089954e+00 -1.569646877718300804e+00 -1.513729510998694572e+00 -1.391107730360490180e+00 -1.256016518269204685e+00 -7.591007871145596386e-01 -6.956502455063033885e-01 -4.905404303235261776e-01 -4.539572354649376584e-01 -2.728516527711173367e-01 -1.396917011287157340e-01 -6.792981558434506295e-02 1.306273475983441568e-01 2.330579141083460593e-01 3.816876972989594052e-01
-2.421672675605723857e+00 -2.209716765967013163e+00 -2.128528600009547134e+00 -1.903161825932964568e+00 -1.863520876436535634e+00 -1.801394646825028367e+00 -1.642156948941870587e+00 -1.587168452064432911e+00 -1.393639728626049346e+00 -1.256686435588362238e+00 -7.637225164248507836e-01 -6.987026031753748034e-01 -4.916937235518963889e-01 -4.581436609350209022e-01 -2.736492399616441973e-01 -1.414935527571593576e-01 -7.048085509513037084e-02 1.275761954709793145e-01 2.324008824652512573e-01 3.816440099112678452e-01
-2.423347563789980175e+00 -2.215287167917467936e+00 -2.137516344510153044e+00 -1.941854307147800274e+00 -1.864806327372714900e+00 -1.809821078577874331e+00 -1.683784909893038861e+00 -1.596400684802853354e+00 -1.438657607154902651e+00 -1.304098151751962309e+00 -7.673926958203074467e-01 -7.000939633264644524e-01 -4.961117407083873720e-01 -4.592548375085352408e-01 -2.766775343475696980e-01 -1.454672710925962453e-01 -7.404831379990710338e-02 1.269123231975535504e-01 2.306970552949636766e-01 3.763805560643481707e-01
-2.418770348737988130e+00 -2.204380870683322780e+00 -2.079816454127031644e+00 -1.908251459977464037e+00 -1.863206922749145455e+00 -1.794328148617027052e+00 -1.675990692212703692e+00 -1.590373744032606007e+00 -1.433112325094519024e+00 -1.294875295846356522e+00 -7.254785457644521429e-01 -6.701202577856762987e-01 -4.515492484584172628e-01 -4.056474521125011390e-01 -2.229428702912917004e-01 -9.580029503140798097e-02 -5.063610601365110125e-02 1.498679527080323259e-01 2.507402151509567356e-01 3.820779202472058267e-01
-2.418760016020847115e+00 -2.204205502250280446e+00 -2.079507339971384816e+00 -1.908174557731916687e+00 -1.863183967187052925e+00 -1.793873671314108575e+00 -1.675915922223349064e+00 -1.589939647457417893e+00 -1.432890482167817225e+00 -1.294584905043606460e+00 -7.254562800239833242e-01 -6.700875134788319976e-01 -4.514692924938186191e-01 -4.056182653008091887e-01 -2.229153827725783021e-01 -9.574402357182758283e-02 -5.057326495422850843e-02 1.499049926788607601e-01 2.507453253927345860e-01 3.821286204804462128e-01
-2.301655245941462535e+00 -2.156789841607090974e+00 -2.029600650177777688e+00 -1.876552962491772059e+00 -1.852042221857497450e+00 -1.787079872170931560e+00 -1.670014365588012195e+00 -1.587094836337143322e+00 -1.430274748107677185e+00 -1.292589805336871844e+00 -6.228880543762262967e-01 -5.593256702799593860e-01 -4.327900917311285345e-01 -3.375518717772491017e-01 -2.114398346175520027e-01 -8.226459529882806931e-02 -1.557582408432344606e-02 1.572208564939953646e-01 2.525458684540624055e-01 3.920354670228466398e-01
-2.301655245941461647e+00 -2.156789841607090086e+00 -2.029600650177776799e+00 -1.876552962491771170e+00 -1.852042221857497006e+00 -1.787079872170930672e+00 -1.670014365588013305e+00 -1.587094836337143322e+00 -1.430274748107677185e+00 -1.292589805336869402e+00 -6.228880543762262967e-01 -5.593256702799589419e-01 -4.327900917311284235e-01 -3.375518717772490462e-01 -2.114398346175514198e-01 -8.226459529882809707e-02 -1.557582408432014315e-02 1.572208564939954201e-01 2.525458684540655141e-01 3.920354670228493044e-01
-2.301655245941462535e+00 -2.156789841607090974e+00 -2.029600650177776355e+00 -1.876552962491771392e+00 -1.852042221857498117e+00 -1.787079872170930672e+00 -1.670014365588012861e+00 -1.587094836337143544e+00 -1.430274748107676963e+00 -1.292589805336868514e+00 -6.228880543762264077e-01 -5.593256702799592750e-01 -4.327900917311289231e-01 -3.375518717772491573e-01 -2.114398346175501986e-01 -8.226459529882812483e-02 -1.557582408432018652e-02 1.572208564939951980e-01 2.525458684540656251e-01 3.920354670228495264e-01
-2.301655245941461203e+00 -2.156789841607089198e+00 -2.029600650177776355e+00 -1.876552962491770726e+00 -1.852042221857497450e+00 -1.787079872170930672e+00 -1.670014365588012195e+00 -1.587094836337142878e+00 -1.430274748107676519e+00 -1.292589805336868736e+00 -6.228880543762261857e-01 -5.593256702799587199e-01 -4.327900917311288120e-01 -3.375518717772484911e-01 -2.114398346175515031e-01 -8.226459529882747257e-02 -1.557582408432028886e-02 1.572208564939952535e-01 2.525458684540657361e-01 3.920354670228494709e-01
-2.301655245941462091e+00 -2.156789841607090530e+00 -2.029600650177777243e+00 -1.876552962491770504e+00 -1.852042221857497672e+00 -1.787079872170929784e+00 -1.670014365588013083e+00 -1.587094836337143322e+00 -1.430274748107676963e+00 -1.292589805336869180e+00 -6.228880543762265187e-01 -5.593256702799583868e-01 -4.327900917311282014e-01 -3.375518717772483801e-01 -2.114398346175516974e-01 -8.226459529882891586e-02 -1.557582408431997661e-02 1.572208564939954478e-01 2.525458684540661247e-01 3.920354670228497485e-01
-2.301655245941462091e+00 -2.156789841607090974e+00 -2.029600650177777688e+00 -1.876552962491771170e+00 -1.852042221857497450e+00 -1.787079872170931116e+00 -1.670014365588012861e+00 -1.587094836337143100e+00 -1.430274748107675853e+00 -1.292589805336868958e+00 -6.228880543762271849e-01 -5.593256702799584978e-01 -4.327900917311285345e-01 -3.375518717772489352e-01 -2.114398346175512811e-01 -8.226459529882892974e-02 -1.557582408432025591e-02 1.572208564939949205e-01 2.525458684540658472e-01 3.920354670228490268e-01
-2.301655245941463424e+00 -2.156789841607091418e+00 -2.029600650177777243e+00 -1.876552962491770282e+00 -1.852042221857496340e+00 -1.787079872170930450e+00 -1.670014365588011973e+00 -1.587094836337143100e+00 -1.430274748107676297e+00 -1.292589805336868958e+00 -6.228880543762262967e-01 -5.593256702799588309e-01 -4.327900917311288120e-01 -3.375518717772489907e-01 -2.114398346175511978e-01 -8.226459529882750032e-02 -1.557582408432035131e-02 1.572208564939955866e-01 2.525458684540658472e-01 3.920354670228491933e-01
-2.301655245941462979e+00 -2.156789841607092750e+00 -2.029600650177775911e+00 -1.876552962491771170e+00 -1.852042221857497450e+00 -1.787079872170930228e+00 -1.670014365588012639e+00 -1.587094836337142878e+00 -1.430274748107677185e+00 -1.292589805336868736e+00 -6.228880543762270738e-01 -5.593256702799580538e-01 -4.327900917311285345e-01 -3.375518717772476029e-01 -2.114398346175508647e-01 -8.226459529882688970e-02 -1.557582408431902599e-02 1.572208564939968078e-01 2.525458684540667909e-01 3.920354670228497485e-01
-2.301655245941462979e+00 -2.156789841607091418e+00 -2.029600650177775911e+00 -1.876552962491771614e+00 -1.852042221857498117e+00 -1.787079872170930672e+00 -1.670014365588011307e+00 -1.587094836337143322e+00 -1.430274748107676741e+00 -1.292589805336869180e+00 -6.228880543762264077e-01 -5.593256702799589419e-01 -4.327900917311281459e-01 -3.375518717772473254e-01 -2.114398346175507259e-01 -8.226459529882729216e-02 -1.557582408431936252e-02 1.572208564939959752e-01 2.525458684540665688e-01 3.920354670228491378e-01
-2.301655245941463868e+00 -2.156789841607092750e+00 -2.029600650177775023e+00 -1.876552962491771837e+00 -1.852042221857497672e+00 -1.787079872170931116e+00 -1.670014365588011751e+00 -1.587094836337143322e+00 -1.430274748107677185e+00 -1.292589805336867625e+00 -6.228880543762271849e-01 -5.593256702799582758e-01 -4.327900917311279239e-01 -3.375518717772478250e-01 -2.114398346175511700e-01 -8.226459529882819421e-02 -1.557582408431928446e-02 1.572208564939965858e-01 2.525458684540665688e-01 3.920354670228489713e-01
-2.301655245941463424e+00 -2.156789841607091862e+00 -2.029600650177775467e+00 -1.876552962491771392e+00 -1.852042221857497006e+00 -1.787079872170930672e+00 -1.670014365588011529e+00 -1.587094836337142656e+00 -1.430274748107676519e+00 -1.292589805336869624e+00 -6.228880543762279620e-01 -5.593256702799592750e-01 -4.327900917311284235e-01 -3.375518717772477695e-01 -2.114398346175512255e-01 -8.226459529882786115e-02 -1.557582408431900170e-02 1.572208564939960584e-01 2.525458684540669574e-01 3.920354670228495264e-01
-2.301655245941462979e+00 -2.156789841607091418e+00 -2.029600650177775911e+00 -1.876552962491771614e+00 -1.852042221857497672e+00 -1.787079872170931338e+00 -1.670014365588011307e+00 -1.587094836337143100e+00 -1.430274748107676519e+00 -1.292589805336869402e+00 -6.228880543762267408e-01 -5.593256702799581648e-01 -4.327900917311287010e-01 -3.375518717772479360e-01 -2.114398346175509480e-01 -8.226459529882770849e-02 -1.557582408431937293e-02 1.572208564939956699e-01 2.525458684540669019e-01 3.920354670228495819e-01
-2.301655245941462091e+00 -2.156789841607091418e+00 -2.029600650177774579e+00 -1.876552962491770726e+00 -1.852042221857497006e+00 -1.787079872170931338e+00 -1.670014365588010863e+00 -1.587094836337141990e+00 -1.430274748107675853e+00 -1.292589805336868070e+00 -6.228880543762278510e-01 -5.593256702799582758e-01 -4.327900917311283124e-01 -3.375518717772480470e-01 -2.114398346175514198e-01 -8.226459529882840238e-02 -1.557582408431940069e-02 1.572208564939957254e-01 2.525458684540670684e-01 3.920354670228496374e-01
-2.301655245941463868e+00 -2.156789841607092306e+00 -2.029600650177775467e+00 -1.876552962491771392e+00 -1.852042221857496784e+00 -1.787079872170932449e+00 -1.670014365588013527e+00 -1.587094836337143100e+00 -1.430274748107677407e+00 -1.292589805336868070e+00 -6.228880543762278510e-01 -5.593256702799586089e-01 -4.327900917311288675e-01 -3.375518717772473809e-01 -2.114398346175502541e-01 -8.226459529882784727e-02 -1.557582408431944405e-02 1.572208564939963082e-01 2.525458684540667909e-01 3.920354670228494154e-01
-2.301655245941462535e+00 -2.156789841607092306e+00 -2.029600650177776355e+00 -1.876552962491771392e+00 -1.852042221857497450e+00 -1.787079872170931338e+00 -1.670014365588010419e+00 -1.587094836337144210e+00 -1.430274748107677185e+00 -1.292589805336868070e+00 -6.228880543762270738e-01 -5.593256702799579427e-01 -4.327900917311280904e-01 -3.375518717772469923e-01 -2.114398346175500043e-01 -8.226459529882672317e-02 -1.557582408431920813e-02 1.572208564939962527e-01 2.525458684540667909e-01 3.920354670228494154e-01
-2.301655245941462091e+00 -2.156789841607090974e+00 -2.029600650177775023e+00 -1.876552962491770726e+00 -1.852042221857497006e+00 -1.787079872170930450e+00 -1.670014365588013083e+00 -1.587094836337142212e+00 -1.430274748107675187e+00 -1.292589805336868514e+00 -6.228880543762277400e-01 -5.593256702799584978e-01 -4.327900917311287010e-01 -3.375518717772482691e-01 -2.114398346175510313e-01 -8.226459529882793054e-02 -1.557582408431946314e-02 1.572208564939958364e-01 2.525458684540664023e-01 3.920354670228493044e-01
-2.301655245941462091e+00 -2.156789841607090974e+00 -2.029600650177775023e+00 -1.876552962491770060e+00 -1.852042221857495896e+00 -1.787079872170930450e+00 -1.670014365588011529e+00 -1.587094836337141990e+00 -1.430274748107675631e+00 -1.292589805336868070e+00 -6.228880543762277400e-01 -5.593256702799586089e-01 -4.327900917311285900e-01 -3.375518717772477140e-01 -2.114398346175513088e-01 -8.226459529882666766e-02 -1.557582408431949263e-02 1.572208564939959197e-01 2.525458684540666243e-01 3.920354670228494154e-01
-2.301655245941462535e+00 -2.156789841607092306e+00 -2.029600650177776799e+00 -1.876552962491770504e+00 -1.852042221857497672e+00 -1.787079872170930894e+00 -1.670014365588012417e+00 -1.587094836337143322e+00 -1.430274748107676963e+00 -1.292589805336869180e+00 -6.228880543762267408e-01 -5.593256702799578317e-01 -4.327900917311287565e-01 -3.375518717772478250e-01 -2.114398346175503096e-01 -8.226459529882773625e-02 -1.557582408431932956e-02 1.572208564939955588e-01 2.525458684540667909e-01 3.920354670228491933e-01
-2.301655245941462535e+00 -2.156789841607092306e+00 -2.029600650177776799e+00 -1.876552962491770726e+00 -1.852042221857497672e+00 -1.787079872170930894e+00 -1.670014365588012639e+00 -1.587094836337142212e+00 -1.430274748107676519e+00 -1.292589805336869402e+00 -6.228880543762270738e-01 -5.593256702799572766e-01 -4.327900917311288120e-01 -3.375518717772476029e-01 -2.114398346175509202e-01 -8.226459529882727828e-02 -1.557582408431922721e-02 1.572208564939965580e-01 2.525458684540669574e-01 3.920354670228488603e-01
-2.301655245941463424e+00 -2.156789841607091862e+00 -2.029600650177775023e+00 -1.876552962491770504e+00 -1.852042221857497006e+00 -1.787079872170930672e+00 -1.670014365588011529e+00 -1.587094836337142878e+00 -1.430274748107676075e+00 -1.292589805336869180e+00 -6.228880543762267408e-01 -5.593256702799580538e-01 -4.327900917311288675e-01 -3.375518717772478805e-01 -2.114398346175508092e-01 -8.226459529882838850e-02 -1.557582408431935038e-02 1.572208564939958086e-01 2.525458684540665688e-01 3.920354670228489713e-01
-2.301655245941462979e+00 -2.156789841607091418e+00 -2.029600650177775023e+00 -1.876552962491770060e+00 -1.852042221857497006e+00 -1.787079872170930450e+00 -1.670014365588012417e+00 -1.587094836337142656e+00 -1.430274748107677407e+00 -1.292589805336868070e+00 -6.228880543762281841e-01 -5.593256702799587199e-01 -4.327900917311285900e-01 -3.375518717772478250e-01 -2.114398346175506149e-01 -8.226459529882713950e-02 -1.557582408431942844e-02 1.572208564939969466e-01 2.525458684540667909e-01 3.920354670228489713e-01
