-1.148054452438801443e+00 8.587048230955186823e-02 1.319795417057905151e+00
-1.148099141723170957e+00 8.580652378230339827e-02 1.319708744484023422e+00
-1.148232731616018798e+00 8.561533224897775740e-02 1.319449653741777917e+00
-1.148454505176953910e+00 8.529793378220459910e-02 1.319019535300268497e+00
-1.148763745465585462e+00 8.485535445461357684e-02 1.318419779628594801e+00
-1.149159735541522620e+00 8.428862033883434413e-02 1.317651777195856688e+00
-1.149641758464374330e+00 8.359875750749655443e-02 1.316716918471153575e+00
-1.150209097293749538e+00 8.278679203322986124e-02 1.315616593923585320e+00
-1.150861035089257411e+00 8.185374998866393192e-02 1.314352194022251785e+00
-1.151596854910506895e+00 8.080065744642840608e-02 1.312925109236252386e+00
-1.152415839817106935e+00 7.962854047915293720e-02 1.311336730034686981e+00
-1.153317272868666699e+00 7.833842515946719265e-02 1.309588446886655433e+00
-1.154300437124795353e+00 7.693133756000082590e-02 1.307681650261257156e+00
-1.155364615645101845e+00 7.540830375338347658e-02 1.305617730627592010e+00
-1.156509091489195118e+00 7.377034981224481203e-02 1.303398078454759634e+00
-1.157733147716684341e+00 7.201850180921448574e-02 1.301024084211859888e+00
-1.159036067387178681e+00 7.015378581692215121e-02 1.298497138367992410e+00
-1.160417133560286862e+00 6.817722790799746191e-02 1.295818631392256837e+00
-1.161875629295618273e+00 6.608985415507007133e-02 1.292989953753752808e+00
-1.163410837652781638e+00 6.389269063076964683e-02 1.290012495921580182e+00
-1.165022041691386345e+00 6.158676340772582802e-02 1.286887648364838599e+00
-1.166708524471041120e+00 5.917309855856826839e-02 1.283616801552627695e+00
-1.168469569051355128e+00 5.665272215592662836e-02 1.280201345954047332e+00
-1.170304458491937538e+00 5.402666027243056140e-02 1.276642672038197146e+00
-1.172212475852397295e+00 5.129593898070972796e-02 1.272942170274176776e+00
-1.174192904192343345e+00 4.846158435339377457e-02 1.269101231131086083e+00
-1.176245026571384855e+00 4.552462246311236166e-02 1.265121245078024703e+00
-1.178368126049130771e+00 4.248607938249514271e-02 1.261003602584092276e+00
-1.180561485685190259e+00 3.934698118417175733e-02 1.256749694118388661e+00
-1.182824388539172267e+00 3.610835394077188676e-02 1.252360910150013273e+00
-1.185156117670685960e+00 3.277122372492516367e-02 1.247838641148066197e+00
-1.187555956139340285e+00 2.933661660926126583e-02 1.243184277581646846e+00
-1.190023187004744409e+00 2.580555866640982590e-02 1.238399209919855082e+00
-1.192557093326507278e+00 2.217907596900049391e-02 1.233484828631790542e+00
-1.195156958164237837e+00 1.845819458966294416e-02 1.228442524186552864e+00
-1.197822064577545254e+00 1.464394060102683880e-02 1.223273687053241909e+00
-1.200551695626038473e+00 1.073734007572179662e-02 1.217979707700957315e+00
-1.203345134369326663e+00 6.739419086377502338e-03 1.212561976598798719e+00
-1.206201663867018992e+00 2.651203705623589920e-03 1.207021884215865981e+00
-1.209120567178724182e+00 -1.526279993910271754e-03 1.201360821021258740e+00
-1.212101127364051401e+00 -5.792005939594410333e-03 1.195580177484076634e+00
-1.215142627482609816e+00 -1.014494805879921288e-02 1.189681344073419522e+00
-1.218244350594008374e+00 -1.458408027889498797e-02 1.183665711258387043e+00
-1.221405579757856241e+00 -1.910837652725212027e-02 1.177534669508078835e+00
-1.224625598033762364e+00 -2.371681073124091987e-02 1.171289609291594758e+00
-1.227903688481335687e+00 -2.840835681823175932e-02 1.164931921078034227e+00
-1.231239134160185378e+00 -3.318198871559494001e-02 1.158462995336497325e+00
-1.234631218129920383e+00 -3.803668035070085357e-02 1.151884222536083469e+00
-1.238079223450149868e+00 -4.297140565091980835e-02 1.145196993145892517e+00
-1.241582433180482781e+00 -4.798513854362219250e-02 1.138402697635024108e+00
-1.245140130380528287e+00 -5.307685295617833171e-02 1.131502726472577880e+00
-1.248751598109895333e+00 -5.824552281595853781e-02 1.124498470127653693e+00
-1.252416119428193086e+00 -6.349012205033317813e-02 1.117391319069351185e+00
-1.256132977395030492e+00 -6.880962458667265469e-02 1.110182663766769995e+00
-1.259901455070016496e+00 -7.420300435234719605e-02 1.102873894689009981e+00
-1.263720835512760265e+00 -7.966923527472727362e-02 1.095466402305170783e+00
-1.267590401782870968e+00 -8.520729128118319229e-02 1.087961577084352038e+00
-1.271509436939957327e+00 -9.081614629908524305e-02 1.080360809495653607e+00
-1.275477224043628732e+00 -9.649477425580375856e-02 1.072665490008175126e+00
-1.279493046153494129e+00 -1.022421490787091963e-01 1.064877009091016236e+00
-1.283556186329162463e+00 -1.080572446951718335e-01 1.056996757213276572e+00
-1.287665927630242679e+00 -1.139390350325619750e-01 1.049026124844055996e+00
-1.291821553116344168e+00 -1.198864940182500366e-01 1.040966502452454145e+00
-1.296022345847075652e+00 -1.258985955796063927e-01 1.032819280507570658e+00
-1.300267588882046299e+00 -1.319743136440012787e-01 1.024585849478505395e+00
-1.304556565280865277e+00 -1.381126221388051245e-01 1.016267599834357993e+00
-1.308888558103141309e+00 -1.443124949913882071e-01 1.007865922044228313e+00
-1.313262850408483784e+00 -1.505729061291209980e-01 9.993822065772157703e-01
-1.317678725256501648e+00 -1.568928294793736911e-01 9.908178439024203366e-01
-1.322135465706803847e+00 -1.632712389695166744e-01 9.821742244889415385e-01
-1.326632354818999548e+00 -1.697071085269203639e-01 9.734527388058791253e-01
-1.331168675652697697e+00 -1.761994120789550922e-01 9.646547773223327349e-01
-1.335743711267507239e+00 -1.827471235529910809e-01 9.557817305074023384e-01
-1.340356744723037563e+00 -1.893492168763987737e-01 9.468349888301874628e-01
-1.345007059078897393e+00 -1.960046659765485311e-01 9.378159427597877462e-01
-1.349693937394695897e+00 -2.027124447808107688e-01 9.287259827653029376e-01
-1.354416662730042020e+00 -2.094715272165555697e-01 9.195664993158328970e-01
-1.359174518144545152e+00 -2.162808872111535718e-01 9.103388828804770405e-01
-1.363966786697814015e+00 -2.231394986919749412e-01 9.010445239283354502e-01
-1.368792751449457556e+00 -2.300463355863900383e-01 8.916848129285075419e-01
-1.373651695459085165e+00 -2.370003718217693622e-01 8.822611403500930649e-01
-1.378542901786305563e+00 -2.440005813254830236e-01 8.727748966621918791e-01
-1.383465653490728142e+00 -2.510459380249016048e-01 8.632274723339034006e-01
-1.388419233631961625e+00 -2.581354158473952998e-01 8.536202578343276004e-01
-1.393402925269615178e+00 -2.652679887203344689e-01 8.439546436325641166e-01
-1.398416011463297970e+00 -2.724426305710894725e-01 8.342320201977126981e-01
-1.403457775272618946e+00 -2.796583153270306710e-01 8.244537779988729831e-01
-1.408527499757187051e+00 -2.869140169155283693e-01 8.146213075051447206e-01
-1.413624467976611454e+00 -2.942087092639529278e-01 8.047359991856275485e-01
-1.418747962990501099e+00 -3.015413662996748179e-01 7.947992435094211050e-01
-1.423897267858465154e+00 -3.089109619500641224e-01 7.848124309456254721e-01
-1.429071665640112565e+00 -3.163164701424914238e-01 7.747769519633399549e-01
-1.434270439395052499e+00 -3.237568648043269715e-01 7.646941970316644133e-01
-1.439492872182893901e+00 -3.312311198629412368e-01 7.545655566196983743e-01
-1.444738247063245717e+00 -3.387382092457043026e-01 7.443924211965419202e-01
-1.450005847095717337e+00 -3.462771068799867513e-01 7.341761812312944668e-01
-1.455294955339917484e+00 -3.538467866931587213e-01 7.239182271930558743e-01
-1.460604854855455326e+00 -3.614462226125907951e-01 7.136199495509256696e-01
-1.465934828701939807e+00 -3.690743885656531664e-01 7.032827387740036018e-01
-1.471284159938980096e+00 -3.767302584797161402e-01 6.929079853313896420e-01
-1.476652131626185360e+00 -3.844128062821502989e-01 6.824970796921830951e-01
-1.482038026823164323e+00 -3.921210059003257253e-01 6.720514123254840433e-01
-1.487441128589526151e+00 -3.998538312616127799e-01 6.615723737003920135e-01
-1.492860719984880014e+00 -4.076102562933819895e-01 6.510613542860066438e-01
-1.498296084068834633e+00 -4.153892549230033815e-01 6.405197445514279053e-01
-1.503746503900999398e+00 -4.231898010778475938e-01 6.299489349657553250e-01
-1.509211262540983478e+00 -4.310108686852852644e-01 6.193503159980882078e-01
-1.514689643048395373e+00 -4.388514316726858655e-01 6.087252781175271910e-01
-1.520180928482844696e+00 -4.467104639674205346e-01 5.980752117931711354e-01
-1.525684401903940168e+00 -4.545869394968591881e-01 5.874015074941202341e-01
-1.531199346371290959e+00 -4.624798321883726304e-01 5.767055556894736812e-01
-1.536725044944506013e+00 -4.703881159693306113e-01 5.659887468483316697e-01
-1.542260780683194499e+00 -4.783107647671039353e-01 5.552524714397937267e-01
-1.547805836646965139e+00 -4.862467525090624632e-01 5.444981199329598232e-01
-1.553359495895427322e+00 -4.941950531225771104e-01 5.337270827969292641e-01
-1.558921041488190218e+00 -5.021546405350179043e-01 5.229407505008019097e-01
-1.564489756484862548e+00 -5.101244886737552608e-01 5.121405135136775089e-01
-1.570064923945053481e+00 -5.181035714661595959e-01 5.013277623046555886e-01
-1.575645826928371962e+00 -5.260908628396010478e-01 4.905038873428362312e-01
-1.581231748494427158e+00 -5.340853367214500880e-01 4.796702790973188524e-01
-1.586821971702828238e+00 -5.420859670390772989e-01 4.688283280372028683e-01
-1.592415779613183924e+00 -5.500917277198523747e-01 4.579794246315889161e-01
-1.598012455285103384e+00 -5.581015926911461200e-01 4.471249593495760788e-01
-1.603611281778195785e+00 -5.661145358803290062e-01 4.362663226602639943e-01
-1.609211542152070074e+00 -5.741295312147710606e-01 4.254049050327525228e-01
-1.614812519466335416e+00 -5.821455526218429766e-01 4.145420969361411911e-01
-1.620413496780600759e+00 -5.901615740289148926e-01 4.036792888395298595e-01
-1.626013757154475048e+00 -5.981765693633569470e-01 3.928178712120184990e-01
-1.631612583647567449e+00 -6.061895125525398331e-01 3.819592345227063035e-01
-1.637209259319486909e+00 -6.141993775238334674e-01 3.711047692406936327e-01
-1.642803067229842817e+00 -6.222051382046089874e-01 3.602558658350790699e-01
-1.648393290438243675e+00 -6.302057685222359762e-01 3.494139147749634189e-01
-1.653979212004298871e+00 -6.382002424040849053e-01 3.385803065294462622e-01
-1.659560114987617574e+00 -6.461875337775264683e-01 3.277564315676267381e-01
-1.665135282447808507e+00 -6.541666165699306923e-01 3.169436803586050400e-01
-1.670703997444480615e+00 -6.621364647086678268e-01 3.061434433714809722e-01
-1.676265543037243511e+00 -6.700960521211087872e-01 2.953571110753534512e-01
-1.681819202285705916e+00 -6.780443527346234900e-01 2.845860739393227257e-01
-1.687364258249476556e+00 -6.859803404765820734e-01 2.738317224324889332e-01
-1.692899993988165264e+00 -6.939029892743555639e-01 2.630954470239506571e-01
-1.698425692561380096e+00 -7.018112730553133227e-01 2.523786381828090897e-01
-1.703940637028730887e+00 -7.097041657468264875e-01 2.416826863781626200e-01
-1.709444110449826582e+00 -7.175806412762655295e-01 2.310089820791111914e-01
-1.714935395884275682e+00 -7.254396735709999211e-01 2.203589157547556077e-01
-1.720413776391687799e+00 -7.332802365584009108e-01 2.097338778741940357e-01
-1.725878535031671879e+00 -7.411013041658384148e-01 1.991352589065270573e-01
-1.731328954863836644e+00 -7.489018503206826827e-01 1.885644493208544770e-01
-1.736764318947791486e+00 -7.566808489503044077e-01 1.780228395862754331e-01
-1.742183910343145348e+00 -7.644372739820735063e-01 1.675118201718901467e-01
-1.747587012109507176e+00 -7.721700993433606719e-01 1.570327815467979504e-01
-1.752972907306486139e+00 -7.798782989615361538e-01 1.465871141800986488e-01
-1.758340878993690959e+00 -7.875608467639699795e-01 1.361762085408926293e-01
-1.763690210230731248e+00 -7.952167166780329532e-01 1.258014550982784474e-01
-1.769020184077215729e+00 -8.028448826310953246e-01 1.154642443213565045e-01
-1.774330083592753571e+00 -8.104443185505275649e-01 1.051659666792261610e-01
-1.779619191836953718e+00 -8.180139983636994794e-01 9.490801264098761014e-02
-1.784886791869425116e+00 -8.255528959979818726e-01 8.469177267574021228e-02
-1.790132166749776932e+00 -8.330599853807448829e-01 7.451863725258375815e-02
-1.795354599537618334e+00 -8.405342404393589817e-01 6.438999684061783024e-02
-1.800553373292558268e+00 -8.479746351011948624e-01 5.430724190894200415e-02
-1.805727771074205679e+00 -8.553801432936218863e-01 4.427176292665666035e-02
-1.810877075942169956e+00 -8.627497389440115239e-01 3.428495036286056952e-02
-1.816000570956059379e+00 -8.700823959797330254e-01 2.434819468665472275e-02
-1.821097539175483782e+00 -8.773770883281577504e-01 1.446288636713749000e-02
-1.826167263660051887e+00 -8.846327899166556152e-01 4.630415873409050517e-03
-1.831209027469372863e+00 -8.918484746725967582e-01 -5.147826325430815420e-03
-1.836222113663055655e+00 -8.990231165233518729e-01 -1.487044976028232754e-02
-1.841205805300709430e+00 -9.061556893962909864e-01 -2.453606396204590853e-02
-1.846159385441942913e+00 -9.132451672187845704e-01 -3.414327846162137914e-02
-1.851082137146365270e+00 -9.202905239182028740e-01 -4.369070278990955930e-02
-1.855973343473585890e+00 -9.272907334219168130e-01 -5.317694647781107120e-02
-1.860832287483213277e+00 -9.342447696572960814e-01 -6.260061905622534006e-02
-1.865658252234857040e+00 -9.411516065517113727e-01 -7.196033005605358135e-02
-1.870450520788125681e+00 -9.480102180325324923e-01 -8.125468900819482476e-02
-1.875208376202628813e+00 -9.548195780271305777e-01 -9.048230544355087557e-02
-1.879931101537974936e+00 -9.615786604628754342e-01 -9.964178889302076347e-02
-1.884617979853773440e+00 -9.682864392671374221e-01 -1.087317488875053084e-01
-1.889268294209633270e+00 -9.749418883672873459e-01 -1.177507949579051361e-01
-1.893881327665163594e+00 -9.815439816906952331e-01 -1.266975366351202614e-01
-1.898456363279973358e+00 -9.880916931647313328e-01 -1.355705834500509077e-01
-1.902992684113671285e+00 -9.945839967167657836e-01 -1.443685449335969095e-01
-1.907489573225866986e+00 -1.001019866274169390e+00 -1.530900306166592673e-01
-1.911946313676169185e+00 -1.007398275764312512e+00 -1.617336500301382318e-01
-1.916362188524187049e+00 -1.013718199114565177e+00 -1.702980127049338044e-01
-1.920736480829529302e+00 -1.019978610252297635e+00 -1.787817281719459861e-01
-1.925068473651805334e+00 -1.026178483104880579e+00 -1.871834059620756385e-01
-1.929357450050624312e+00 -1.032316791599684702e+00 -1.955016556062233457e-01
-1.933602693085594959e+00 -1.038392509664079366e+00 -2.037350866352883594e-01
-1.937803485816326443e+00 -1.044404611225435708e+00 -2.118823085801718742e-01
-1.941959111302427932e+00 -1.050352070211123978e+00 -2.199419309717739190e-01
-1.946068852603508148e+00 -1.056233860548513981e+00 -2.279125633409943286e-01
-1.950131992779176260e+00 -1.062048956164976410e+00 -2.357928152187337145e-01
-1.954147814889041657e+00 -1.067796330987881737e+00 -2.435812961358926887e-01
-1.958115601992713284e+00 -1.073474958944600655e+00 -2.512766156233716686e-01
-1.962034637149799643e+00 -1.079083813962502525e+00 -2.588773832120699336e-01
-1.965904203419910345e+00 -1.084621869968958485e+00 -2.663822084328888451e-01
-1.969723583862654337e+00 -1.090088100891338563e+00 -2.737897008167282098e-01
-1.973492061537640119e+00 -1.095481480657012785e+00 -2.810984698944877236e-01
-1.977208919504477524e+00 -1.100800983193352511e+00 -2.883071251970691362e-01
-1.980873440822775278e+00 -1.106045582427727103e+00 -2.954142762553716994e-01
-1.984484908552142324e+00 -1.111214252287507476e+00 -3.024185326002960528e-01
-1.988042605752187830e+00 -1.116305966700063657e+00 -3.093185037627421696e-01
-1.991545815482520965e+00 -1.121319699592766117e+00 -3.161127992736106895e-01
-1.994993820802750450e+00 -1.126254424892984884e+00 -3.228000286638014749e-01
-1.998385904772485455e+00 -1.131109116528090652e+00 -3.293788014642151096e-01
-2.001721350451335368e+00 -1.135882748425454114e+00 -3.358477272057526219e-01
-2.004999440898908691e+00 -1.140574294512444853e+00 -3.422054154193129860e-01
-2.008219459174814592e+00 -1.145182728716433562e+00 -3.484504756357968969e-01
-2.011380688338662459e+00 -1.149707024964790492e+00 -3.545815173861049385e-01
-2.014482411450061239e+00 -1.154146157184886556e+00 -3.605971502011377505e-01
-2.017523911568619432e+00 -1.158499099304090896e+00 -3.664959836117943071e-01
-2.020504471753946873e+00 -1.162764825249775091e+00 -3.722766271489764689e-01
-2.023423375065652507e+00 -1.166942308949309615e+00 -3.779376903435844870e-01
-2.026279904563344392e+00 -1.171030524330063383e+00 -3.834777827265169470e-01
-2.029073343306632360e+00 -1.175028445319407311e+00 -3.888955138286748769e-01
-2.031802974355125802e+00 -1.178935045844712537e+00 -3.941894931809596936e-01
-2.034468080768433218e+00 -1.182749299833348422e+00 -3.993583303142703711e-01
-2.037067945606163999e+00 -1.186470181212686326e+00 -4.044006347595083817e-01
-2.039601851927926202e+00 -1.190096663910094943e+00 -4.093150160475719779e-01
-2.042069082793330548e+00 -1.193627721852946744e+00 -4.141000837093641307e-01
-2.044468921261985095e+00 -1.197062328968610867e+00 -4.187544472757838698e-01
-2.046800650393498788e+00 -1.200399459184457784e+00 -4.232767162777314462e-01
-2.049063553247481018e+00 -1.203638086427857523e+00 -4.276655002461066113e-01
-2.051256912883540728e+00 -1.206777184626180999e+00 -4.319194087118104486e-01
-2.053380012361286866e+00 -1.209815727706798238e+00 -4.360370512057427650e-01
-2.055432134740328376e+00 -1.212752689597079270e+00 -4.400170372588037560e-01
-2.057412563080274648e+00 -1.215587044224395230e+00 -4.438579764018945051e-01
-2.059320580440734627e+00 -1.218317765516116591e+00 -4.475584781659155964e-01
-2.061155469881316371e+00 -1.220943827399612047e+00 -4.511171520817648384e-01
-2.062916514461630157e+00 -1.223464203802253403e+00 -4.545326076803448689e-01
-2.064602997241285376e+00 -1.225877868651411351e+00 -4.578034544925562721e-01
-2.066214201279890084e+00 -1.228183795874455253e+00 -4.609283020492981331e-01
-2.067749409637053226e+00 -1.230380959398755358e+00 -4.639057598814702033e-01
-2.069207905372384637e+00 -1.232468333151682804e+00 -4.667344375199743434e-01
-2.070588971545493262e+00 -1.234444891060607841e+00 -4.694129444957104158e-01
-2.071891891215987602e+00 -1.236309607052900050e+00 -4.719398903395777833e-01
-2.073115947443477047e+00 -1.238061455055930349e+00 -4.743138845824774741e-01
-2.074260423287570543e+00 -1.239699408997068986e+00 -4.765335367553097390e-01
-2.075324601807877034e+00 -1.241222442803686432e+00 -4.785974563889751621e-01
-2.076307766064005911e+00 -1.242629530403152938e+00 -4.805042530143735502e-01
-2.077209199115566118e+00 -1.243919645722839196e+00 -4.822525361624059870e-01
-2.078028184022165714e+00 -1.245091762690113901e+00 -4.838409153639702254e-01
-2.078764003843415420e+00 -1.246144855232349524e+00 -4.852680001499697360e-01
-2.079415941638923293e+00 -1.247077897276915648e+00 -4.865324000513035485e-01
-2.079983280468298279e+00 -1.247889862751182077e+00 -4.876327245988714698e-01
-2.080465303391149767e+00 -1.248579725582519950e+00 -4.885675833235744725e-01
-2.080861293467086703e+00 -1.249146459698299072e+00 -4.893355857563124189e-01
-2.081170533755718477e+00 -1.249589039025890358e+00 -4.899353414279863372e-01
-2.081392307316653589e+00 -1.249906437492663169e+00 -4.903654598694952571e-01
-2.081525897209501874e+00 -1.250097629025989310e+00 -4.906245506117413724e-01
-2.081570586493871389e+00 -1.250161587553237696e+00 -4.907112231856229356e-01
-2.081570586493871389e+00 -1.250161587553237696e+00 -4.907112231856229356e-01
-2.081570586493871389e+00 -1.250161587553237696e+00 -4.907112231856229356e-01
-2.081570586493871389e+00 -1.250161587553237696e+00 -4.907112231856229356e-01
-2.081570586493871389e+00 -1.250161587553237696e+00 -4.907112231856229356e-01
-2.081570586493871389e+00 -1.250161587553237696e+00 -4.907112231856229356e-01
-2.081570586493871389e+00 -1.250161587553237696e+00 -4.907112231856229356e-01
-2.081570586493871389e+00 -1.250161587553237696e+00 -4.907112231856229356e-01
-2.081570586493871389e+00 -1.250161587553237696e+00 -4.907112231856229356e-01
-2.081570586493871389e+00 -1.250161587553237696e+00 -4.907112231856229356e-01
-2.081570586493871389e+00 -1.250161587553237696e+00 -4.907112231856229356e-01
-2.081570586493871389e+00 -1.250161587553237696e+00 -4.907112231856229356e-01
-2.081570586493871389e+00 -1.250161587553237696e+00 -4.907112231856229356e-01
-2.081570586493871389e+00 -1.250161587553237696e+00 -4.907112231856229356e-01
-2.081570586493871389e+00 -1.250161587553237696e+00 -4.907112231856229356e-01
-2.081570586493871389e+00 -1.250161587553237696e+00 -4.907112231856229356e-01
-2.081570586493871389e+00 -1.250161587553237696e+00 -4.907112231856229356e-01
-2.081570586493871389e+00 -1.250161587553237696e+00 -4.907112231856229356e-01
-2.081570586493871389e+00 -1.250161587553237696e+00 -4.907112231856229356e-01
-2.081570586493871389e+00 -1.250161587553237696e+00 -4.907112231856229356e-01
-2.081570586493871389e+00 -1.250161587553237696e+00 -4.907112231856229356e-01
-2.081570586493871389e+00 -1.250161587553237696e+00 -4.907112231856229356e-01
-2.081570586493871389e+00 -1.250161587553237696e+00 -4.907112231856229356e-01
-2.081570586493871389e+00 -1.250161587553237696e+00 -4.907112231856229356e-01
-2.081570586493871389e+00 -1.250161587553237696e+00 -4.907112231856229356e-01
-2.081570586493871389e+00 -1.250161587553237696e+00 -4.907112231856229356e-01
-2.081570586493871389e+00 -1.250161587553237696e+00 -4.907112231856229356e-01
-2.081570586493871389e+00 -1.250161587553237696e+00 -4.907112231856229356e-01
-2.081570586493871389e+00 -1.250161587553237696e+00 -4.907112231856229356e-01
-2.081570586493871389e+00 -1.250161587553237696e+00 -4.907112231856229356e-01
-2.081570586493871389e+00 -1.250161587553237696e+00 -4.907112231856229356e-01
-2.081570586493871389e+00 -1.250161587553237696e+00 -4.907112231856229356e-01
-2.081570586493871389e+00 -1.250161587553237696e+00 -4.907112231856229356e-01
-2.081570586493871389e+00 -1.250161587553237696e+00 -4.907112231856229356e-01
-2.081570586493871389e+00 -1.250161587553237696e+00 -4.907112231856229356e-01
-2.081570586493871389e+00 -1.250161587553237696e+00 -4.907112231856229356e-01
-2.081570586493871389e+00 -1.250161587553237696e+00 -4.907112231856229356e-01
-2.081570586493871389e+00 -1.250161587553237696e+00 -4.907112231856229356e-01
-2.081570586493871389e+00 -1.250161587553237696e+00 -4.907112231856229356e-01
-2.081570586493871389e+00 -1.250161587553237696e+00 -4.907112231856229356e-01
-2.081570586493871389e+00 -1.250161587553237696e+00 -4.907112231856229356e-01
-2.081570586493871389e+00 -1.250161587553237696e+00 -4.907112231856229356e-01
-2.081570586493871389e+00 -1.250161587553237696e+00 -4.907112231856229356e-01
-2.081570586493871389e+00 -1.250161587553237696e+00 -4.907112231856229356e-01
-2.081570586493871389e+00 -1.250161587553237696e+00 -4.907112231856229356e-01
-2.081570586493871389e+00 -1.250161587553237696e+00 -4.907112231856229356e-01
-2.081570586493871389e+00 -1.250161587553237696e+00 -4.907112231856229356e-01
-2.081570586493871389e+00 -1.250161587553237696e+00 -4.907112231856229356e-01
-2.081570586493871389e+00 -1.250161587553237696e+00 -4.907112231856229356e-01
-2.081570586493871389e+00 -1.250161587553237696e+00 -4.907112231856229356e-01
-2.081570586493871389e+00 -1.250161587553237696e+00 -4.907112231856229356e-01
-2.081570586493871389e+00 -1.250161587553237696e+00 -4.907112231856229356e-01
-2.081570586493871389e+00 -1.250161587553237696e+00 -4.907112231856229356e-01
-2.081570586493871389e+00 -1.250161587553237696e+00 -4.907112231856229356e-01
-2.081570586493871389e+00 -1.250161587553237696e+00 -4.907112231856229356e-01
-2.081570586493871389e+00 -1.250161587553237696e+00 -4.907112231856229356e-01
-2.081570586493871389e+00 -1.250161587553237696e+00 -4.907112231856229356e-01
-2.081570586493871389e+00 -1.250161587553237696e+00 -4.907112231856229356e-01
-2.081570586493871389e+00 -1.250161587553237696e+00 -4.907112231856229356e-01
-2.081570586493871389e+00 -1.250161587553237696e+00 -4.907112231856229356e-01
-2.081570586493871389e+00 -1.250161587553237696e+00 -4.907112231856229356e-01
-2.081570586493871389e+00 -1.250161587553237696e+00 -4.907112231856229356e-01
-2.081570586493871389e+00 -1.250161587553237696e+00 -4.907112231856229356e-01
-2.081570586493871389e+00 -1.250161587553237696e+00 -4.907112231856229356e-01
-2.081570586493871389e+00 -1.250161587553237696e+00 -4.907112231856229356e-01
-2.081570586493871389e+00 -1.250161587553237696e+00 -4.907112231856229356e-01
-2.081570586493871389e+00 -1.250161587553237696e+00 -4.907112231856229356e-01
-2.081570586493871389e+00 -1.250161587553237696e+00 -4.907112231856229356e-01
-2.081570586493871389e+00 -1.250161587553237696e+00 -4.907112231856229356e-01
-2.081570586493871389e+00 -1.250161587553237696e+00 -4.907112231856229356e-01
-2.081570586493871389e+00 -1.250161587553237696e+00 -4.907112231856229356e-01
-2.081570586493871389e+00 -1.250161587553237696e+00 -4.907112231856229356e-01
-2.081570586493871389e+00 -1.250161587553237696e+00 -4.907112231856229356e-01
-2.081570586493871389e+00 -1.250161587553237696e+00 -4.907112231856229356e-01
-2.081570586493871389e+00 -1.250161587553237696e+00 -4.907112231856229356e-01
-2.081570586493871389e+00 -1.250161587553237696e+00 -4.907112231856229356e-01
-2.081570586493871389e+00 -1.250161587553237696e+00 -4.907112231856229356e-01
-2.081570586493871389e+00 -1.250161587553237696e+00 -4.907112231856229356e-01
-2.081570586493871389e+00 -1.250161587553237696e+00 -4.907112231856229356e-01
-2.081570586493871389e+00 -1.250161587553237696e+00 -4.907112231856229356e-01
-2.081570586493871389e+00 -1.250161587553237696e+00 -4.907112231856229356e-01
-2.081570586493871389e+00 -1.250161587553237696e+00 -4.907112231856229356e-01
-2.081570586493871389e+00 -1.250161587553237696e+00 -4.907112231856229356e-01
-2.081570586493871389e+00 -1.250161587553237696e+00 -4.907112231856229356e-01
-2.081570586493871389e+00 -1.250161587553237696e+00 -4.907112231856229356e-01
-2.081570586493871389e+00 -1.250161587553237696e+00 -4.907112231856229356e-01
-2.081570586493871389e+00 -1.250161587553237696e+00 -4.907112231856229356e-01
-2.081570586493871389e+00 -1.250161587553237696e+00 -4.907112231856229356e-01
-2.081570586493871389e+00 -1.250161587553237696e+00 -4.907112231856229356e-01
-2.081570586493871389e+00 -1.250161587553237696e+00 -4.907112231856229356e-01
-2.081570586493871389e+00 -1.250161587553237696e+00 -4.907112231856229356e-01
-2.081570586493871389e+00 -1.250161587553237696e+00 -4.907112231856229356e-01
-2.081570586493871389e+00 -1.250161587553237696e+00 -4.907112231856229356e-01
-2.081570586493871389e+00 -1.250161587553237696e+00 -4.907112231856229356e-01
-2.081570586493871389e+00 -1.250161587553237696e+00 -4.907112231856229356e-01
-2.081570586493871389e+00 -1.250161587553237696e+00 -4.907112231856229356e-01
-2.081570586493871389e+00 -1.250161587553237696e+00 -4.907112231856229356e-01
-2.081570586493871389e+00 -1.250161587553237696e+00 -4.907112231856229356e-01
-2.081570586493871389e+00 -1.250161587553237696e+00 -4.907112231856229356e-01
-2.081570586493871389e+00 -1.250161587553237696e+00 -4.907112231856229356e-01
-2.081570586493871389e+00 -1.250161587553237696e+00 -4.907112231856229356e-01
-2.081570586493871389e+00 -1.250161587553237696e+00 -4.907112231856229356e-01
-2.081570586493871389e+00 -1.250161587553237696e+00 -4.907112231856229356e-01
-2.081570586493871389e+00 -1.250161587553237696e+00 -4.907112231856229356e-01
-2.081570586493871389e+00 -1.250161587553237696e+00 -4.907112231856229356e-01
-2.081570586493871389e+00 -1.250161587553237696e+00 -4.907112231856229356e-01
-2.081570586493871389e+00 -1.250161587553237696e+00 -4.907112231856229356e-01
-2.081570586493871389e+00 -1.250161587553237696e+00 -4.907112231856229356e-01
-2.081570586493871389e+00 -1.250161587553237696e+00 -4.907112231856229356e-01
-2.081570586493871389e+00 -1.250161587553237696e+00 -4.907112231856229356e-01
-2.081570586493871389e+00 -1.250161587553237696e+00 -4.907112231856229356e-01
-2.081570586493871389e+00 -1.250161587553237696e+00 -4.907112231856229356e-01
-2.081570586493871389e+00 -1.250161587553237696e+00 -4.907112231856229356e-01
-2.081570586493871389e+00 -1.250161587553237696e+00 -4.907112231856229356e-01
-2.081570586493871389e+00 -1.250161587553237696e+00 -4.907112231856229356e-01
-2.081570586493871389e+00 -1.250161587553237696e+00 -4.907112231856229356e-01
-2.081570586493871389e+00 -1.250161587553237696e+00 -4.907112231856229356e-01
-2.081570586493871389e+00 -1.250161587553237696e+00 -4.907112231856229356e-01
-2.081570586493871389e+00 -1.250161587553237696e+00 -4.907112231856229356e-01
-2.081570586493871389e+00 -1.250161587553237696e+00 -4.907112231856229356e-01
-2.081570586493871389e+00 -1.250161587553237696e+00 -4.907112231856229356e-01
-2.081570586493871389e+00 -1.250161587553237696e+00 -4.907112231856229356e-01
-2.081570586493871389e+00 -1.250161587553237696e+00 -4.907112231856229356e-01
-2.081570586493871389e+00 -1.250161587553237696e+00 -4.907112231856229356e-01
-2.081570586493871389e+00 -1.250161587553237696e+00 -4.907112231856229356e-01
-2.081570586493871389e+00 -1.250161587553237696e+00 -4.907112231856229356e-01
-2.081570586493871389e+00 -1.250161587553237696e+00 -4.907112231856229356e-01
-2.081570586493871389e+00 -1.250161587553237696e+00 -4.907112231856229356e-01
-2.081570586493871389e+00 -1.250161587553237696e+00 -4.907112231856229356e-01
-2.081570586493871389e+00 -1.250161587553237696e+00 -4.907112231856229356e-01
-2.081570586493871389e+00 -1.250161587553237696e+00 -4.907112231856229356e-01
-2.081570586493871389e+00 -1.250161587553237696e+00 -4.907112231856229356e-01
-2.081570586493871389e+00 -1.250161587553237696e+00 -4.907112231856229356e-01
-2.081570586493871389e+00 -1.250161587553237696e+00 -4.907112231856229356e-01
-2.081570586493871389e+00 -1.250161587553237696e+00 -4.907112231856229356e-01
-2.081570586493871389e+00 -1.250161587553237696e+00 -4.907112231856229356e-01
-2.081570586493871389e+00 -1.250161587553237696e+00 -4.907112231856229356e-01
-2.081570586493871389e+00 -1.250161587553237696e+00 -4.907112231856229356e-01
-2.081570586493871389e+00 -1.250161587553237696e+00 -4.907112231856229356e-01
-2.081570586493871389e+00 -1.250161587553237696e+00 -4.907112231856229356e-01
-2.081570586493871389e+00 -1.250161587553237696e+00 -4.907112231856229356e-01
-2.081570586493871389e+00 -1.250161587553237696e+00 -4.907112231856229356e-01
-2.081570586493871389e+00 -1.250161587553237696e+00 -4.907112231856229356e-01
-2.081570586493871389e+00 -1.250161587553237696e+00 -4.907112231856229356e-01
-2.081570586493871389e+00 -1.250161587553237696e+00 -4.907112231856229356e-01
-2.081570586493871389e+00 -1.250161587553237696e+00 -4.907112231856229356e-01
-2.081570586493871389e+00 -1.250161587553237696e+00 -4.907112231856229356e-01
-2.081570586493871389e+00 -1.250161587553237696e+00 -4.907112231856229356e-01
-2.081570586493871389e+00 -1.250161587553237696e+00 -4.907112231856229356e-01
-2.081570586493871389e+00 -1.250161587553237696e+00 -4.907112231856229356e-01
-2.081570586493871389e+00 -1.250161587553237696e+00 -4.907112231856229356e-01
-2.081570586493871389e+00 -1.250161587553237696e+00 -4.907112231856229356e-01
-2.081570586493871389e+00 -1.250161587553237696e+00 -4.907112231856229356e-01
-2.081570586493871389e+00 -1.250161587553237696e+00 -4.907112231856229356e-01
-2.081570586493871389e+00 -1.250161587553237696e+00 -4.907112231856229356e-01
-2.081570586493871389e+00 -1.250161587553237696e+00 -4.907112231856229356e-01
-2.081570586493871389e+00 -1.250161587553237696e+00 -4.907112231856229356e-01
-2.081570586493871389e+00 -1.250161587553237696e+00 -4.907112231856229356e-01
-2.081570586493871389e+00 -1.250161587553237696e+00 -4.907112231856229356e-01
-2.081570586493871389e+00 -1.250161587553237696e+00 -4.907112231856229356e-01
-2.081570586493871389e+00 -1.250161587553237696e+00 -4.907112231856229356e-01
-2.081570586493871389e+00 -1.250161587553237696e+00 -4.907112231856229356e-01
-2.081570586493871389e+00 -1.250161587553237696e+00 -4.907112231856229356e-01
-2.081570586493871389e+00 -1.250161587553237696e+00 -4.907112231856229356e-01
-2.081570586493871389e+00 -1.250161587553237696e+00 -4.907112231856229356e-01
-2.081570586493871389e+00 -1.250161587553237696e+00 -4.907112231856229356e-01
-2.081570586493871389e+00 -1.250161587553237696e+00 -4.907112231856229356e-01
-2.081570586493871389e+00 -1.250161587553237696e+00 -4.907112231856229356e-01
-2.081570586493871389e+00 -1.250161587553237696e+00 -4.907112231856229356e-01
-2.081570586493871389e+00 -1.250161587553237696e+00 -4.907112231856229356e-01
-2.081570586493871389e+00 -1.250161587553237696e+00 -4.907112231856229356e-01
-2.081570586493871389e+00 -1.250161587553237696e+00 -4.907112231856229356e-01
-2.081570586493871389e+00 -1.250161587553237696e+00 -4.907112231856229356e-01
-2.081570586493871389e+00 -1.250161587553237696e+00 -4.907112231856229356e-01
-2.081570586493871389e+00 -1.250161587553237696e+00 -4.907112231856229356e-01
-2.081570586493871389e+00 -1.250161587553237696e+00 -4.907112231856229356e-01
-2.081570586493871389e+00 -1.250161587553237696e+00 -4.907112231856229356e-01
-2.081570586493871389e+00 -1.250161587553237696e+00 -4.907112231856229356e-01
-2.081570586493871389e+00 -1.250161587553237696e+00 -4.907112231856229356e-01
-2.081570586493871389e+00 -1.250161587553237696e+00 -4.907112231856229356e-01
-2.081570586493871389e+00 -1.250161587553237696e+00 -4.907112231856229356e-01
-2.081570586493871389e+00 -1.250161587553237696e+00 -4.907112231856229356e-01
-2.081570586493871389e+00 -1.250161587553237696e+00 -4.907112231856229356e-01
-2.081570586493871389e+00 -1.250161587553237696e+00 -4.907112231856229356e-01
-2.081570586493871389e+00 -1.250161587553237696e+00 -4.907112231856229356e-01
-2.081570586493871389e+00 -1.250161587553237696e+00 -4.907112231856229356e-01
-2.081570586493871389e+00 -1.250161587553237696e+00 -4.907112231856229356e-01
-2.081570586493871389e+00 -1.250161587553237696e+00 -4.907112231856229356e-01
-2.081570586493871389e+00 -1.250161587553237696e+00 -4.907112231856229356e-01
-2.081570586493871389e+00 -1.250161587553237696e+00 -4.907112231856229356e-01
-2.081570586493871389e+00 -1.250161587553237696e+00 -4.907112231856229356e-01
-2.081570586493871389e+00 -1.250161587553237696e+00 -4.907112231856229356e-01
-2.081570586493871389e+00 -1.250161587553237696e+00 -4.907112231856229356e-01
-2.081570586493871389e+00 -1.250161587553237696e+00 -4.907112231856229356e-01
-2.081570586493871389e+00 -1.250161587553237696e+00 -4.907112231856229356e-01
-2.081570586493871389e+00 -1.250161587553237696e+00 -4.907112231856229356e-01
-2.081570586493871389e+00 -1.250161587553237696e+00 -4.907112231856229356e-01
-2.081570586493871389e+00 -1.250161587553237696e+00 -4.907112231856229356e-01
-2.081570586493871389e+00 -1.250161587553237696e+00 -4.907112231856229356e-01
-2.081570586493871389e+00 -1.250161587553237696e+00 -4.907112231856229356e-01
-2.081570586493871389e+00 -1.250161587553237696e+00 -4.907112231856229356e-01
-2.081570586493871389e+00 -1.250161587553237696e+00 -4.907112231856229356e-01
-2.081570586493871389e+00 -1.250161587553237696e+00 -4.907112231856229356e-01
-2.081570586493871389e+00 -1.250161587553237696e+00 -4.907112231856229356e-01
-2.081570586493871389e+00 -1.250161587553237696e+00 -4.907112231856229356e-01
-2.081570586493871389e+00 -1.250161587553237696e+00 -4.907112231856229356e-01
-2.081570586493871389e+00 -1.250161587553237696e+00 -4.907112231856229356e-01
-2.081570586493871389e+00 -1.250161587553237696e+00 -4.907112231856229356e-01
-2.081570586493871389e+00 -1.250161587553237696e+00 -4.907112231856229356e-01
-2.081570586493871389e+00 -1.250161587553237696e+00 -4.907112231856229356e-01
-2.081570586493871389e+00 -1.250161587553237696e+00 -4.907112231856229356e-01
-2.081570586493871389e+00 -1.250161587553237696e+00 -4.907112231856229356e-01
-2.081570586493871389e+00 -1.250161587553237696e+00 -4.907112231856229356e-01
-2.081570586493871389e+00 -1.250161587553237696e+00 -4.907112231856229356e-01
-2.081570586493871389e+00 -1.250161587553237696e+00 -4.907112231856229356e-01
-2.081570586493871389e+00 -1.250161587553237696e+00 -4.907112231856229356e-01
-2.081570586493871389e+00 -1.250161587553237696e+00 -4.907112231856229356e-01
-2.081570586493871389e+00 -1.250161587553237696e+00 -4.907112231856229356e-01
-2.081570586493871389e+00 -1.250161587553237696e+00 -4.907112231856229356e-01
-2.081570586493871389e+00 -1.250161587553237696e+00 -4.907112231856229356e-01
-2.081570586493871389e+00 -1.250161587553237696e+00 -4.907112231856229356e-01
-2.081570586493871389e+00 -1.250161587553237696e+00 -4.907112231856229356e-01
-2.081570586493871389e+00 -1.250161587553237696e+00 -4.907112231856229356e-01
-2.081570586493871389e+00 -1.250161587553237696e+00 -4.907112231856229356e-01
-2.081570586493871389e+00 -1.250161587553237696e+00 -4.907112231856229356e-01
-2.081570586493871389e+00 -1.250161587553237696e+00 -4.907112231856229356e-01
-2.081570586493871389e+00 -1.250161587553237696e+00 -4.907112231856229356e-01
-2.081570586493871389e+00 -1.250161587553237696e+00 -4.907112231856229356e-01
-2.081570586493871389e+00 -1.250161587553237696e+00 -4.907112231856229356e-01
-2.081570586493871389e+00 -1.250161587553237696e+00 -4.907112231856229356e-01
-2.081570586493871389e+00 -1.250161587553237696e+00 -4.907112231856229356e-01
-2.081570586493871389e+00 -1.250161587553237696e+00 -4.907112231856229356e-01
-2.081570586493871389e+00 -1.250161587553237696e+00 -4.907112231856229356e-01
-2.081570586493871389e+00 -1.250161587553237696e+00 -4.907112231856229356e-01
-2.081570586493871389e+00 -1.250161587553237696e+00 -4.907112231856229356e-01
-2.081570586493871389e+00 -1.250161587553237696e+00 -4.907112231856229356e-01
-2.081570586493871389e+00 -1.250161587553237696e+00 -4.907112231856229356e-01
-2.081570586493871389e+00 -1.250161587553237696e+00 -4.907112231856229356e-01
-2.081570586493871389e+00 -1.250161587553237696e+00 -4.907112231856229356e-01
-2.081570586493871389e+00 -1.250161587553237696e+00 -4.907112231856229356e-01
-2.081570586493871389e+00 -1.250161587553237696e+00 -4.907112231856229356e-01
-2.081570586493871389e+00 -1.250161587553237696e+00 -4.907112231856229356e-01
-2.081570586493871389e+00 -1.250161587553237696e+00 -4.907112231856229356e-01
-2.081570586493871389e+00 -1.250161587553237696e+00 -4.907112231856229356e-01
-2.081570586493871389e+00 -1.250161587553237696e+00 -4.907112231856229356e-01
-2.081570586493871389e+00 -1.250161587553237696e+00 -4.907112231856229356e-01
-2.081570586493871389e+00 -1.250161587553237696e+00 -4.907112231856229356e-01
-2.081570586493871389e+00 -1.250161587553237696e+00 -4.907112231856229356e-01
-2.081570586493871389e+00 -1.250161587553237696e+00 -4.907112231856229356e-01
-2.081570586493871389e+00 -1.250161587553237696e+00 -4.907112231856229356e-01
-2.081570586493871389e+00 -1.250161587553237696e+00 -4.907112231856229356e-01
-2.081566803116638997e+00 -1.250161512368023420e+00 -4.907092724368053993e-01
-2.081555493448869587e+00 -1.250161287616500250e+00 -4.907034410539764524e-01
-2.081536718186454582e+00 -1.250160914504848231e+00 -4.906937603325717268e-01
-2.081510538025285406e+00 -1.250160394239247186e+00 -4.906802615680267987e-01
-2.081477013661253483e+00 -1.250159728025877159e+00 -4.906629760557771891e-01
-2.081436205790249794e+00 -1.250158917070917974e+00 -4.906419350912585298e-01
-2.081388175108166205e+00 -1.250157962580549453e+00 -4.906171699699063415e-01
-2.081332982310894142e+00 -1.250156865760951641e+00 -4.905887119871562563e-01
-2.081270688094325028e+00 -1.250155627818304360e+00 -4.905565924384437948e-01
-2.081201353154350286e+00 -1.250154249958787656e+00 -4.905208426192045890e-01
-2.081125038186861342e+00 -1.250152733388581350e+00 -4.904814938248741596e-01
-2.081041803887749619e+00 -1.250151079313865266e+00 -4.904385773508881385e-01
-2.080951710952906542e+00 -1.250149288940819448e+00 -4.903921244926820466e-01
-2.080854820078223533e+00 -1.250147363475623719e+00 -4.903421665456915157e-01
-2.080751191959592017e+00 -1.250145304124458123e+00 -4.902887348053520666e-01
-2.080640887292903418e+00 -1.250143112093502484e+00 -4.902318605670993312e-01
-2.080523966774049160e+00 -1.250140788588936624e+00 -4.901715751263688303e-01
-2.080400491098920668e+00 -1.250138334816940588e+00 -4.901079097785961403e-01
-2.080270520963409364e+00 -1.250135751983694199e+00 -4.900408958192168929e-01
-2.080134117063406674e+00 -1.250133041295377279e+00 -4.899705645436666090e-01
-2.079991340094804020e+00 -1.250130203958169872e+00 -4.898969472473809206e-01
-2.079842250753492827e+00 -1.250127241178251802e+00 -4.898200752257953483e-01
-2.079686909735364519e+00 -1.250124154161803114e+00 -4.897399797743454686e-01
-2.079525377736310521e+00 -1.250120944115003629e+00 -4.896566921884669132e-01
-2.079357715452222255e+00 -1.250117612244033394e+00 -4.895702437635952031e-01
-2.079183983578991146e+00 -1.250114159755072007e+00 -4.894806657951659146e-01
-2.079004242812508618e+00 -1.250110587854299737e+00 -4.893879895786146239e-01
-2.078818553848666095e+00 -1.250106897747896184e+00 -4.892922464093769630e-01
-2.078626977383355445e+00 -1.250103090642041392e+00 -4.891934675828884527e-01
-2.078429574112467648e+00 -1.250099167742915407e+00 -4.890916843945846693e-01
-2.078226404731894128e+00 -1.250095130256698051e+00 -4.889869281399011891e-01
-2.078017529937526309e+00 -1.250090979389569146e+00 -4.888792301142736441e-01
-2.077803010425255614e+00 -1.250086716347708515e+00 -4.887686216131375549e-01
-2.077582906890973469e+00 -1.250082342337296204e+00 -4.886551339319284981e-01
-2.077357280030571296e+00 -1.250077858564512256e+00 -4.885387983660820499e-01
-2.077126190539940964e+00 -1.250073266235536495e+00 -4.884196462110337866e-01
-2.076889699114973453e+00 -1.250068566556548744e+00 -4.882977087622193402e-01
-2.076647866451560187e+00 -1.250063760733728824e+00 -4.881730173150742313e-01
-2.076400753245592590e+00 -1.250058849973256780e+00 -4.880456031650340365e-01
-2.076148420192962085e+00 -1.250053835481312658e+00 -4.879154976075343320e-01
-2.075890927989560542e+00 -1.250048718464076059e+00 -4.877827319380106941e-01
-2.075628337331278939e+00 -1.250043500127727025e+00 -4.876473374518986992e-01
-2.075360708914008701e+00 -1.250038181678445603e+00 -4.875093454446339236e-01
-2.075088103433641251e+00 -1.250032764322411616e+00 -4.873687872116519437e-01
-2.074810581586068459e+00 -1.250027249265804885e+00 -4.872256940483883358e-01
-2.074528204067181303e+00 -1.250021637714805456e+00 -4.870800972502786763e-01
-2.074241031572871208e+00 -1.250015930875593151e+00 -4.869320281127585415e-01
-2.073949124799029597e+00 -1.250010129954347793e+00 -4.867815179312635077e-01
-2.073652544441548340e+00 -1.250004236157249426e+00 -4.866285980012291512e-01
-2.073351351196318415e+00 -1.249998250690477875e+00 -4.864732996180910485e-01
-2.073045605759231247e+00 -1.249992174760213182e+00 -4.863156540772847758e-01
-2.072735368826178703e+00 -1.249986009572635171e+00 -4.861556926742459095e-01
-2.072420701093051765e+00 -1.249979756333923886e+00 -4.859934467044100259e-01
-2.072101663255741855e+00 -1.249973416250258929e+00 -4.858289474632127014e-01
-2.071778316010140841e+00 -1.249966990527820565e+00 -4.856622262460895123e-01
-2.071450720052139705e+00 -1.249960480372788396e+00 -4.854933143484760349e-01
-2.071118936077629868e+00 -1.249953886991342467e+00 -4.853222430658078457e-01
-2.070783024782503201e+00 -1.249947211589662821e+00 -4.851490436935205208e-01
-2.070443046862650682e+00 -1.249940455373929060e+00 -4.849737475270496367e-01
-2.070099063013963736e+00 -1.249933619550321229e+00 -4.847963858618307698e-01
-2.069751133932334231e+00 -1.249926705325019372e+00 -4.846169899932994407e-01
-2.069399320313653146e+00 -1.249919713904203311e+00 -4.844355912168912814e-01
-2.069043682853812349e+00 -1.249912646494052870e+00 -4.842522208280418683e-01
-2.068684282248702822e+00 -1.249905504300748094e+00 -4.840669101221867776e-01
-2.068321179194216430e+00 -1.249898288530468804e+00 -4.838796903947615857e-01
-2.067954434386244156e+00 -1.249891000389395046e+00 -4.836905929412018135e-01
-2.067584108520677422e+00 -1.249883641083706642e+00 -4.834996490569430927e-01
-2.067210262293408096e+00 -1.249876211819583416e+00 -4.833068900374209997e-01
-2.066832956400327159e+00 -1.249868713803205411e+00 -4.831123471780711109e-01
-2.066452251537326479e+00 -1.249861148240752451e+00 -4.829160517743289471e-01
-2.066068208400297035e+00 -1.249853516338404358e+00 -4.827180351216301402e-01
-2.065680887685130696e+00 -1.249845819302341177e+00 -4.825183285154102664e-01
-2.065290350087718441e+00 -1.249838058338742730e+00 -4.823169632511049021e-01
-2.064896656303952138e+00 -1.249830234653789063e+00 -4.821139706241495682e-01
-2.064499867029722768e+00 -1.249822349453659998e+00 -4.819093819299798964e-01
-2.064100042960922199e+00 -1.249814403944535357e+00 -4.817032284640314632e-01
-2.063697244793441410e+00 -1.249806399332595186e+00 -4.814955415217397894e-01
-2.063291533223172269e+00 -1.249798336824019307e+00 -4.812863523985405068e-01
-2.062882968946006201e+00 -1.249790217624987765e+00 -4.810756923898691362e-01
-2.062471612657834186e+00 -1.249782042941680382e+00 -4.808635927911613095e-01
-2.062057525054548091e+00 -1.249773813980276982e+00 -4.806500848978526030e-01
-2.061640766832038896e+00 -1.249765531946957609e+00 -4.804352000053785376e-01
-2.061221398686198469e+00 -1.249757198047902085e+00 -4.802189694091747452e-01
-2.060799481312918235e+00 -1.249748813489290455e+00 -4.800014244046767464e-01
-2.060375075408089174e+00 -1.249740379477302543e+00 -4.797825962873201733e-01
-2.059948241667603153e+00 -1.249731897218118171e+00 -4.795625163525405465e-01
-2.059519040787351152e+00 -1.249723367917917383e+00 -4.793412158957734981e-01
-2.059087533463225039e+00 -1.249714792782880002e+00 -4.791187262124545487e-01
-2.058653780391116239e+00 -1.249706173019185851e+00 -4.788950785980193303e-01
-2.058217842266915731e+00 -1.249697509833014974e+00 -4.786703043479033637e-01
-2.057779779786515384e+00 -1.249688804430547417e+00 -4.784444347575422807e-01
-2.057339653645806621e+00 -1.249680058017962780e+00 -4.782175011223716021e-01
-2.056897524540680866e+00 -1.249671271801441108e+00 -4.779895347378269599e-01
-2.056453453167029100e+00 -1.249662446987162445e+00 -4.777605668993438748e-01
-2.056007500220743189e+00 -1.249653584781306614e+00 -4.775306289023579231e-01
-2.055559726397714559e+00 -1.249644686390053439e+00 -4.772997520423047368e-01
-2.055110192393834190e+00 -1.249635753019582962e+00 -4.770679676146198367e-01
-2.054658958904993948e+00 -1.249626785876075008e+00 -4.768353069147388545e-01
-2.054206086627085259e+00 -1.249617786165709399e+00 -4.766018012380973112e-01
-2.053751636255999546e+00 -1.249608755094666179e+00 -4.763674818801307831e-01
-2.053295668487627790e+00 -1.249599693869125172e+00 -4.761323801362749020e-01
-2.052838244017861857e+00 -1.249590603695266422e+00 -4.758965273019651887e-01
-2.052379423542593173e+00 -1.249581485779269752e+00 -4.756599546726372196e-01
-2.051919267757713161e+00 -1.249572341327314984e+00 -4.754226935437265711e-01
-2.051457837359113245e+00 -1.249563171545582163e+00 -4.751847752106688749e-01
-2.050995193042684406e+00 -1.249553977640251112e+00 -4.749462309688996520e-01
-2.050531395504318510e+00 -1.249544760817501876e+00 -4.747070921138544786e-01
-2.050066505439906983e+00 -1.249535522283514277e+00 -4.744673899409689311e-01
-2.049600583545341248e+00 -1.249526263244468138e+00 -4.742271557456786413e-01
-2.049133690516512729e+00 -1.249516984906543504e+00 -4.739864208234191301e-01
-2.048665887049312850e+00 -1.249507688475920197e+00 -4.737452164696259738e-01
-2.048197233839632592e+00 -1.249498375158778041e+00 -4.735035739797347487e-01
-2.047727791583363821e+00 -1.249489046161297079e+00 -4.732615246491810312e-01
-2.047257620976397963e+00 -1.249479702689657357e+00 -4.730190997734004532e-01
-2.046786782714626440e+00 -1.249470345950038475e+00 -4.727763306478285354e-01
-2.046315337493940678e+00 -1.249460977148620477e+00 -4.725332485679008543e-01
-2.045843346010232100e+00 -1.249451597491583410e+00 -4.722898848290529861e-01
-2.045370868959392130e+00 -1.249442208185107095e+00 -4.720462707267205071e-01
-2.044897967037312192e+00 -1.249432810435371355e+00 -4.718024375563389938e-01
-2.044424700939883710e+00 -1.249423405448556235e+00 -4.715584166133440225e-01
-2.043951131362998108e+00 -1.249413994430841557e+00 -4.713142391931711694e-01
-2.043477319002546810e+00 -1.249404578588407144e+00 -4.710699365912560110e-01
-2.043003324554421241e+00 -1.249395159127433041e+00 -4.708255401030341236e-01
-2.042529208714512823e+00 -1.249385737254099071e+00 -4.705810810239410835e-01
-2.042055032178712981e+00 -1.249376314174585278e+00 -4.703365906494124671e-01
-2.041580855642913139e+00 -1.249366891095071486e+00 -4.700921002748838506e-01
-2.041106739803004722e+00 -1.249357469221737515e+00 -4.698476411957908661e-01
-2.040632745354879152e+00 -1.249348049760763413e+00 -4.696032447075689786e-01
-2.040158932994427854e+00 -1.249338633918329000e+00 -4.693589421056538757e-01
-2.039685363417542252e+00 -1.249329222900614322e+00 -4.691147646854810227e-01
-2.039212097320113770e+00 -1.249319817913799202e+00 -4.688707437424860514e-01
-2.038739195398033832e+00 -1.249310420164063462e+00 -4.686269105721045380e-01
-2.038266718347193862e+00 -1.249301030857587147e+00 -4.683832964697720591e-01
-2.037794726863485284e+00 -1.249291651200550080e+00 -4.681399327309241909e-01
-2.037323281642799522e+00 -1.249282282399132082e+00 -4.678968506509965097e-01
-2.036852443381027999e+00 -1.249272925659513200e+00 -4.676540815254245920e-01
-2.036382272774062141e+00 -1.249263582187873478e+00 -4.674116566496440139e-01
-2.035912830517793370e+00 -1.249254253190392516e+00 -4.671696073190903520e-01
-2.035444177308113112e+00 -1.249244939873250360e+00 -4.669279648291991269e-01
-2.034976373840913233e+00 -1.249235643442627053e+00 -4.666867604754059706e-01
-2.034509480812084714e+00 -1.249226365104702419e+00 -4.664460255531464594e-01
-2.034043558917518979e+00 -1.249217106065656280e+00 -4.662057913578561696e-01
-2.033578668853107452e+00 -1.249207867531668681e+00 -4.659660891849706776e-01
-2.033114871314741556e+00 -1.249198650708919445e+00 -4.657269503299255042e-01
-2.032652226998312717e+00 -1.249189456803588394e+00 -4.654884060881562813e-01
-2.032190796599712801e+00 -1.249180287021855573e+00 -4.652504877550985851e-01
-2.031730640814832789e+00 -1.249171142569900805e+00 -4.650132266261879366e-01
-2.031271820339564105e+00 -1.249162024653904135e+00 -4.647766539968599675e-01
-2.030814395869798172e+00 -1.249152934480045385e+00 -4.645408011625502542e-01
-2.030358428101426416e+00 -1.249143873254504378e+00 -4.643056994186943731e-01
-2.029903977730340703e+00 -1.249134842183461158e+00 -4.640713800607278450e-01
-2.029451105452432014e+00 -1.249125842473095549e+00 -4.638378743840863017e-01
-2.028999871963591772e+00 -1.249116875329587595e+00 -4.636052136842053195e-01
-2.028550337959711403e+00 -1.249107941959117118e+00 -4.633734292565204194e-01
-2.028102564136682773e+00 -1.249099043567863943e+00 -4.631425523964672331e-01
-2.027656611190396863e+00 -1.249090181362008112e+00 -4.629126143994813369e-01
-2.027212539816745096e+00 -1.249081356547729449e+00 -4.626836465609982518e-01
-2.026770410711618897e+00 -1.249072570331207777e+00 -4.624556801764536096e-01
-2.026330284570910134e+00 -1.249063823918623140e+00 -4.622287465412829310e-01
-2.025892222090509787e+00 -1.249055118516155582e+00 -4.620028769509218480e-01
-2.025456283966309279e+00 -1.249046455329984706e+00 -4.617781027008058814e-01
-2.025022530894200479e+00 -1.249037835566290555e+00 -4.615544550863706630e-01
-2.024591023570074366e+00 -1.249029260431253174e+00 -4.613319654030517136e-01
-2.024161822689822365e+00 -1.249020731131052386e+00 -4.611106649462846652e-01
-2.023734988949336344e+00 -1.249012248871868014e+00 -4.608905850115050384e-01
-2.023310583044507283e+00 -1.249003814859880102e+00 -4.606717568941484653e-01
-2.022888665671227049e+00 -1.248995430301268472e+00 -4.604542118896504665e-01
-2.022469297525386622e+00 -1.248987096402212948e+00 -4.602379812934466741e-01
-2.022052539302877427e+00 -1.248978814368893575e+00 -4.600230964009726087e-01
-2.021638451699591332e+00 -1.248970585407490175e+00 -4.598095885076639022e-01
-2.021227095411419317e+00 -1.248962410724182792e+00 -4.595974889089560755e-01
-2.020818531134253249e+00 -1.248954291525151250e+00 -4.593868289002847050e-01
-2.020412819563984108e+00 -1.248946229016575371e+00 -4.591776397770854223e-01
-2.020010021396503319e+00 -1.248938224404635200e+00 -4.589699528347937485e-01
-2.019610197327702750e+00 -1.248930278895510559e+00 -4.587637993688452598e-01
-2.019213408053473380e+00 -1.248922393695381494e+00 -4.585592106746755880e-01
-2.018819714269707077e+00 -1.248914570010427827e+00 -4.583562180477202541e-01
-2.018429176672294822e+00 -1.248906809046829380e+00 -4.581548527834148343e-01
-2.018041855957128483e+00 -1.248899112010766199e+00 -4.579551461771949605e-01
-2.017657812820099039e+00 -1.248891480108418106e+00 -4.577571295244961536e-01
-2.017277107957098359e+00 -1.248883914545965146e+00 -4.575608341207539898e-01
-2.016899802064017422e+00 -1.248876416529587141e+00 -4.573662912614041010e-01
-2.016525955836748096e+00 -1.248868987265463915e+00 -4.571735322418820080e-01
-2.016155629971181362e+00 -1.248861627959775511e+00 -4.569825883576232872e-01
-2.015788885163209088e+00 -1.248854339818701753e+00 -4.567934909040635150e-01
-2.015425782108722252e+00 -1.248847124048422463e+00 -4.566062711766382676e-01
-2.015066381503612725e+00 -1.248839981855117687e+00 -4.564209604707831769e-01
-2.014710744043771928e+00 -1.248832914444967246e+00 -4.562375900819337637e-01
-2.014358930425090843e+00 -1.248825923024151185e+00 -4.560561913055256045e-01
-2.014011001343461338e+00 -1.248819008798849328e+00 -4.558767954369943309e-01
-2.013667017494774392e+00 -1.248812172975241497e+00 -4.556994337717754640e-01
-2.013327039574921873e+00 -1.248805416759507736e+00 -4.555241376053045799e-01
-2.012991128279795205e+00 -1.248798741357828090e+00 -4.553509382330172550e-01
-2.012659344305285369e+00 -1.248792147976382161e+00 -4.551798669503490657e-01
-2.012331748347284233e+00 -1.248785637821349992e+00 -4.550109550527355884e-01
-2.012008401101683219e+00 -1.248779212098911628e+00 -4.548442338356123993e-01
-2.011689363264373309e+00 -1.248772872015246671e+00 -4.546797345944150748e-01
-2.011374695531246370e+00 -1.248766618776535386e+00 -4.545174886245791912e-01
-2.011064458598193827e+00 -1.248760453588957375e+00 -4.543575272215403249e-01
-2.010758713161106659e+00 -1.248754377658692682e+00 -4.541998816807341077e-01
-2.010457519915876734e+00 -1.248748392191921130e+00 -4.540445832975960050e-01
-2.010160939558395476e+00 -1.248742498394822764e+00 -4.538916633675617041e-01
-2.009869032784553866e+00 -1.248736697473577406e+00 -4.537411531860666702e-01
-2.009581860290243771e+00 -1.248730990634365101e+00 -4.535930840485465354e-01
-2.009299482771356615e+00 -1.248725379083365672e+00 -4.534474872504368759e-01
-2.009021960923783823e+00 -1.248719864026758941e+00 -4.533043940871733235e-01
-2.008749355443416373e+00 -1.248714446670724953e+00 -4.531638358541913436e-01
-2.008481727026146135e+00 -1.248709128221443532e+00 -4.530258438469265680e-01
-2.008219136367864532e+00 -1.248703909885094498e+00 -4.528904493608145732e-01
-2.007961644164462989e+00 -1.248698792867857899e+00 -4.527576836912909353e-01
-2.007709311111832484e+00 -1.248693778375913777e+00 -4.526275781337912307e-01
-2.007462197905864887e+00 -1.248688867615441733e+00 -4.525001639837510359e-01
-2.007220365242451621e+00 -1.248684061792621813e+00 -4.523754725366059271e-01
-2.006983873817484110e+00 -1.248679362113634062e+00 -4.522535350877914806e-01
-2.006752784326853778e+00 -1.248674769784658301e+00 -4.521343829327432173e-01
-2.006527157466451605e+00 -1.248670286011874353e+00 -4.520180473668967691e-01
-2.006307053932169460e+00 -1.248665912001462042e+00 -4.519045596856877678e-01
-2.006092534419898765e+00 -1.248661648959601411e+00 -4.517939511845516232e-01
-2.005883659625530946e+00 -1.248657498092472506e+00 -4.516862531589240781e-01
-2.005680490244957426e+00 -1.248653460606255150e+00 -4.515814969042406535e-01
-2.005483086974069629e+00 -1.248649537707129165e+00 -4.514797137159368701e-01
-2.005291510508758979e+00 -1.248645730601274373e+00 -4.513809348894483597e-01
-2.005105821544916456e+00 -1.248642040494870820e+00 -4.512851917202106988e-01
-2.004926080778433928e+00 -1.248638468594098550e+00 -4.511925155036594082e-01
-2.004752348905202819e+00 -1.248635016105137163e+00 -4.511029375352301196e-01
-2.004584686621114553e+00 -1.248631684234166928e+00 -4.510164891103584095e-01
-2.004423154622060554e+00 -1.248628474187367443e+00 -4.509332015244798542e-01
-2.004267813603932247e+00 -1.248625387170918755e+00 -4.508531060730299744e-01
-2.004118724262621054e+00 -1.248622424391000685e+00 -4.507762340514444022e-01
-2.003975947294018400e+00 -1.248619587053793278e+00 -4.507026167551587137e-01
-2.003839543394015710e+00 -1.248616876365476358e+00 -4.506322854796084298e-01
-2.003709573258504406e+00 -1.248614293532229969e+00 -4.505652715202291825e-01
-2.003586097583375913e+00 -1.248611839760233932e+00 -4.505016061724564924e-01
-2.003469177064521656e+00 -1.248609516255668073e+00 -4.504413207317259915e-01
-2.003358872397833057e+00 -1.248607324224712434e+00 -4.503844464934732006e-01
-2.003255244279201541e+00 -1.248605264873546838e+00 -4.503310147531337515e-01
-2.003158353404518532e+00 -1.248603339408351109e+00 -4.502810568061432206e-01
-2.003068260469675455e+00 -1.248601549035305291e+00 -4.502346039479371842e-01
-2.002985026170563732e+00 -1.248599894960589207e+00 -4.501916874739511631e-01
-2.002908711203074787e+00 -1.248598378390382901e+00 -4.501523386796207338e-01
-2.002839376263100046e+00 -1.248597000530866197e+00 -4.501165888603815279e-01
-2.002777082046530932e+00 -1.248595762588218916e+00 -4.500844693116690665e-01
-2.002721889249258869e+00 -1.248594665768621104e+00 -4.500560113289189812e-01
-2.002673858567175280e+00 -1.248593711278252583e+00 -4.500312462075667930e-01
-2.002633050696171590e+00 -1.248592900323293398e+00 -4.500102052430481336e-01
-2.002599526332139668e+00 -1.248592234109923371e+00 -4.499929197307985240e-01
-2.002573346170970492e+00 -1.248591713844322326e+00 -4.499794209662535405e-01
-2.002554570908555487e+00 -1.248591340732670307e+00 -4.499697402448488148e-01
-2.002543261240786077e+00 -1.248591115981147137e+00 -4.499639088620198679e-01
-2.002539477863553685e+00 -1.248591040795932861e+00 -4.499619581132023316e-01
-2.002530773450476254e+00 -1.248573631872175183e+00 -4.499532536025221963e-01
-2.002504753888536104e+00 -1.248521591292599098e+00 -4.499272325848861498e-01
-2.002461560548697506e+00 -1.248435198344752584e+00 -4.498840329768783453e-01
-2.002401335917167291e+00 -1.248314732316181841e+00 -4.498237915798385944e-01
-2.002324223564624361e+00 -1.248160472494434625e+00 -4.497466441106330870e-01
-2.002230368115702763e+00 -1.247972698167056471e+00 -4.496527252321779189e-01
-2.002119915218712354e+00 -1.247751688621595356e+00 -4.495421685837077685e-01
-2.001993011515626808e+00 -1.247497723145598369e+00 -4.494151068107963831e-01
-2.001849804612309214e+00 -1.247211081026611490e+00 -4.492716715951265982e-01
-2.001690443048996126e+00 -1.246892041552182695e+00 -4.491119936840101134e-01
-2.001515076271024540e+00 -1.246540884009857963e+00 -4.489362029196569126e-01
-2.001323854599811547e+00 -1.246157887687184607e+00 -4.487444282681968821e-01
-2.001116929204082684e+00 -1.245743331871709270e+00 -4.485367978484504636e-01
-2.000894452071350305e+00 -1.245297495850979264e+00 -4.483134389604531700e-01
-2.000656575979636642e+00 -1.244820658912541900e+00 -4.480744781137290800e-01
-2.000403454469448228e+00 -1.244313100343943157e+00 -4.478200410553193622e-01
-2.000135241815993670e+00 -1.243775099432730125e+00 -4.475502527975602773e-01
-1.999852093001656561e+00 -1.243206935466450336e+00 -4.472652376456175416e-01
-1.999554163688702868e+00 -1.242608887732649992e+00 -4.469651192247705573e-01
-1.999241610192246998e+00 -1.241981235518876625e+00 -4.466500205074532270e-01
-1.998914589453455015e+00 -1.241324258112676882e+00 -4.463200638400469655e-01
-1.998573259012993208e+00 -1.240638234801597406e+00 -4.459753709694281310e-01
-1.998217776984737348e+00 -1.239923444873185732e+00 -4.456160630692732050e-01
-1.997848302029698875e+00 -1.239180167614988726e+00 -4.452422607661132847e-01
-1.997464993330225758e+00 -1.238408682314552145e+00 -4.448540841651510425e-01
-1.997068010564421625e+00 -1.237609268259424633e+00 -4.444516528758268303e-01
-1.996657513880830459e+00 -1.236782204737151947e+00 -4.440350860371454766e-01
-1.996233663873348219e+00 -1.235927771035280953e+00 -4.436045023427567791e-01
-1.995796621556388484e+00 -1.235046246441359186e+00 -4.431600200657943023e-01
-1.995346548340289905e+00 -1.234137910242933289e+00 -4.427017570834682614e-01
-1.994883606006957466e+00 -1.233203041727550353e+00 -4.422298309014172646e-01
-1.994407956685763761e+00 -1.232241920182756800e+00 -4.417443586778176945e-01
-1.993919762829677422e+00 -1.231254824896100164e+00 -4.412454572472471748e-01
-1.993419187191642905e+00 -1.230242035155126645e+00 -4.407332431443083953e-01
-1.992906392801199855e+00 -1.229203830247384444e+00 -4.402078326270081332e-01
-1.992381542941348505e+00 -1.228140489460418872e+00 -4.396693416998945225e-01
-1.991844801125651099e+00 -1.227052292081778129e+00 -4.391178861369507413e-01
-1.991296331075584902e+00 -1.225939517399008194e+00 -4.385535815042476138e-01
-1.990736296698130570e+00 -1.224802444699656823e+00 -4.379765431823502420e-01
-1.990164862063608986e+00 -1.223641353271269994e+00 -4.373868863884856628e-01
-1.989582191383755694e+00 -1.222456522401395462e+00 -4.367847261984635909e-01
-1.988988448990046454e+00 -1.221248231377579652e+00 -4.361701775683572979e-01
-1.988383799312255729e+00 -1.220016759487370539e+00 -4.355433553559377446e-01
-1.987768406857269854e+00 -1.218762386018312549e+00 -4.349043743418672947e-01
-1.987142436188134242e+00 -1.217485390257955657e+00 -4.342533492506458481e-01
-1.986506051903352166e+00 -1.216186051493844289e+00 -4.335903947713163342e-01
-1.985859418616427341e+00 -1.214864649013526865e+00 -4.329156255779237350e-01
-1.985202700935645659e+00 -1.213521462104550253e+00 -4.322291563497289157e-01
-1.984536063444106047e+00 -1.212156770054460209e+00 -4.315311017911773184e-01
-1.983859670680004461e+00 -1.210770852150804933e+00 -4.308215766516237943e-01
-1.983173687117146589e+00 -1.209363987681130626e+00 -4.301006957448077483e-01
-1.982478277145723444e+00 -1.207936455932984821e+00 -4.293685739680848656e-01
-1.981773605053327003e+00 -1.206488536193913497e+00 -4.286253263214099829e-01
-1.981059835006214964e+00 -1.205020507751463743e+00 -4.278710679260727123e-01
-1.980337131030822651e+00 -1.203532649893183537e+00 -4.271059140431847645e-01
-1.979605656995524265e+00 -1.202025241906618636e+00 -4.263299800919186922e-01
-1.978865576592643727e+00 -1.200498563079316572e+00 -4.255433816674966119e-01
-1.978117053320717966e+00 -1.198952892698823991e+00 -4.247462345589307908e-01
-1.977360250467002922e+00 -1.197388510052688426e+00 -4.239386547665095484e-01
-1.976595331090242436e+00 -1.195805694428455856e+00 -4.231207585190374099e-01
-1.975822458003679838e+00 -1.194204725113673815e+00 -4.222926622908184102e-01
-1.975041793758324449e+00 -1.192585881395888725e+00 -4.214544828183889869e-01
-1.974253500626473645e+00 -1.190949442562648120e+00 -4.206063371169979082e-01
-1.973457740585492060e+00 -1.189295687901498422e+00 -4.197483424968309618e-01
-1.972654675301831251e+00 -1.187624896699986943e+00 -4.188806165789801805e-01
-1.971844466115323824e+00 -1.185937348245659884e+00 -4.180032773111601041e-01
-1.971027274023723797e+00 -1.184233321826065000e+00 -4.171164429831656917e-01
-1.970203259667500761e+00 -1.182513096728748936e+00 -4.162202322420724410e-01
-1.969372583314901171e+00 -1.180776952241258337e+00 -4.153147641071814333e-01
-1.968535404847261860e+00 -1.179025167651140737e+00 -4.144001579847022554e-01
-1.967691883744586256e+00 -1.177258022245942781e+00 -4.134765336821805137e-01
-1.966842179071374819e+00 -1.175475795313210892e+00 -4.125440114226600619e-01
-1.965986449462726826e+00 -1.173678766140492380e+00 -4.116027118585898203e-01
-1.965124853110694403e+00 -1.171867214015334113e+00 -4.106527560854646985e-01
-1.964257547750902111e+00 -1.170041418225283181e+00 -4.096942656552051143e-01
-1.963384690649435216e+00 -1.168201658057886005e+00 -4.087273625892747231e-01
-1.962506438589983304e+00 -1.166348212800690343e+00 -4.077521693915319156e-01
-1.961622947861250132e+00 -1.164481361741242171e+00 -4.067688090608165274e-01
-1.960734374244639033e+00 -1.162601384167089247e+00 -4.057774051032740359e-01
-1.959840873002192563e+00 -1.160708559365778214e+00 -4.047780815444088631e-01
-1.958942598864805040e+00 -1.158803166624855496e+00 -4.037709629408742229e-01
-1.958039706020700210e+00 -1.156885485231867960e+00 -4.027561743919919057e-01
-1.957132348104182240e+00 -1.154955794474363362e+00 -4.017338415510051108e-01
-1.956220678184651396e+00 -1.153014373639888790e+00 -4.007040906360612720e-01
-1.955304848755889502e+00 -1.151061502015990223e+00 -3.996670484409246549e-01
-1.954385011725619403e+00 -1.149097458890214307e+00 -3.986228423454198921e-01
-1.953461318405331104e+00 -1.147122523550109241e+00 -3.975716003256020703e-01
-1.952533919500387016e+00 -1.145136975283221004e+00 -3.965134509636581983e-01
-1.951602965100388776e+00 -1.143141093377096906e+00 -3.954485234575328412e-01
-1.950668604669824724e+00 -1.141135157119283816e+00 -3.943769476302831922e-01
-1.949730987038992280e+00 -1.139119445797328822e+00 -3.932988539391608085e-01
-1.948790260395185658e+00 -1.137094238698778348e+00 -3.922143734844171226e-01
-1.947846572274166244e+00 -1.135059815111179704e+00 -3.911236380178372829e-01
-1.946900069551906531e+00 -1.133016454322079536e+00 -3.900267799509976041e-01
-1.945950898436602072e+00 -1.130964435619024933e+00 -3.889239323632471823e-01
-1.944999204460971853e+00 -1.128904038289562983e+00 -3.878152290094156740e-01
-1.944045132474820914e+00 -1.126835541621240111e+00 -3.867008043272433526e-01
-1.943088826637892286e+00 -1.124759224901603627e+00 -3.855807934445354968e-01
-1.942130430412984277e+00 -1.122675367418200620e+00 -3.844553321860403883e-01
-1.941170086559352415e+00 -1.120584248458577514e+00 -3.833245570800491997e-01
-1.940207937126385618e+00 -1.118486147310281176e+00 -3.821886053647205461e-01
-1.939244123447557477e+00 -1.116381343260859582e+00 -3.810476149941257051e-01
-1.938278786134663756e+00 -1.114270115597858268e+00 -3.799017246440187234e-01
-1.937312065072322786e+00 -1.112152743608824990e+00 -3.787510737173265252e-01
-1.936344099412767639e+00 -1.110029506581306613e+00 -3.775958023493633520e-01
-1.935375027570907625e+00 -1.107900683802849784e+00 -3.764360514127665924e-01
-1.934404987219670913e+00 -1.105766554561001813e+00 -3.752719625221551669e-01
-1.933434115285622701e+00 -1.103627398143308236e+00 -3.741036780385104121e-01
-1.932462547944861164e+00 -1.101483493837317917e+00 -3.729313410732800760e-01
-1.931490420619196957e+00 -1.099335120930577059e+00 -3.717550954922042017e-01
-1.930517867972592727e+00 -1.097182558710631639e+00 -3.705750859188638446e-01
-1.929545023907900614e+00 -1.095026086465030080e+00 -3.693914577379535102e-01
-1.928572021563864647e+00 -1.092865983481317915e+00 -3.682043570982776459e-01
-1.927598993312399145e+00 -1.090702529047043567e+00 -3.670139309154687446e-01
-1.926626070756145115e+00 -1.088536002449752571e+00 -3.658203268744318337e-01
-1.925653384726305983e+00 -1.086366682976992681e+00 -3.646236934315117972e-01
-1.924681065280748449e+00 -1.084194849916310099e+00 -3.634241798163863058e-01
-1.923709241702391992e+00 -1.082020782555252580e+00 -3.622219360336849658e-01
-1.922738042497857958e+00 -1.079844760181366548e+00 -3.610171128643330785e-01
-1.921767595396401296e+00 -1.077667062082199090e+00 -3.598098618666222270e-01
-1.920798027349112091e+00 -1.075487967545296852e+00 -3.586003353770090274e-01
-1.919829464528390206e+00 -1.073307755858207813e+00 -3.573886865106407629e-01
-1.918862032327690814e+00 -1.071126706308476395e+00 -3.561750691616102915e-01
-1.917895855361537949e+00 -1.068945098183652131e+00 -3.549596380029387821e-01
-1.916931057465814270e+00 -1.066763210771280779e+00 -3.537425484862910530e-01
-1.915967761698314398e+00 -1.064581323358910092e+00 -3.525239568414194613e-01
-1.915006090339567812e+00 -1.062399715234085162e+00 -3.513040200753413389e-01
-1.914046164893931978e+00 -1.060218665684354189e+00 -3.500828959712474764e-01
-1.913088106090942597e+00 -1.058038453997264483e+00 -3.488607430871455972e-01
-1.912132033886947191e+00 -1.055859359460362246e+00 -3.476377207542389325e-01
-1.911178067466980934e+00 -1.053681661361194566e+00 -3.464139890750383977e-01
-1.910226325246920487e+00 -1.051505638987308755e+00 -3.451897089212133118e-01
-1.909276924875896064e+00 -1.049331571626251236e+00 -3.439650419311795493e-01
-1.908329983238966854e+00 -1.047159738565568876e+00 -3.427401505074268440e-01
-1.907385616460048450e+00 -1.044990419092808986e+00 -3.415151978135852473e-01
-1.906443939905107632e+00 -1.042823892495517768e+00 -3.402903477712344027e-01
-1.905505068185612716e+00 -1.040660438061242976e+00 -3.390657650564548597e-01
-1.904569115162233262e+00 -1.038500335077531478e+00 -3.378416150961222608e-01
-1.903636193948804900e+00 -1.036343862831929918e+00 -3.366180640639486188e-01
-1.902706416916541077e+00 -1.034191300611985165e+00 -3.353952788762681880e-01
-1.901779895698495260e+00 -1.032042927705243862e+00 -3.341734271875722584e-01
-1.900856741194283828e+00 -1.029899023399252878e+00 -3.329526773857932609e-01
-1.899937063575046325e+00 -1.027759866981560188e+00 -3.317331985873385181e-01
-1.899020972288659515e+00 -1.025625737739711552e+00 -3.305151606318767477e-01
-1.898108576065201003e+00 -1.023496914961254722e+00 -3.292987340768779303e-01
-1.897199982922652239e+00 -1.021373677933736124e+00 -3.280840901919080399e-01
-1.896295300172846421e+00 -1.019256305944702845e+00 -3.268714009526799136e-01
-1.895394634427663760e+00 -1.017145078281701531e+00 -3.256608390348624260e-01
-1.894498091605455903e+00 -1.015040274232279716e+00 -3.244525778076486899e-01
-1.893605776937723251e+00 -1.012942173083983821e+00 -3.232467913270849480e-01
-1.892717794976021439e+00 -1.010851054124360715e+00 -3.220436543291629872e-01
-1.891834249599105844e+00 -1.008767196640957486e+00 -3.208433422226759646e-01
-1.890955244020307457e+00 -1.006690879921321224e+00 -3.196460310818381445e-01
-1.890080880795147911e+00 -1.004622383252998352e+00 -3.184518976386747080e-01
-1.889211261829181865e+00 -1.002561985923536181e+00 -3.172611192751783049e-01
-1.888346488386069888e+00 -1.000509967220481800e+00 -3.160738740152361781e-01
-1.887486661095877372e+00 -9.984666064313817424e-01 -3.148903405163286373e-01
-1.886631879963605041e+00 -9.964321828437826545e-01 -3.137106980610022688e-01
-1.885782244377940176e+00 -9.944069757452325131e-01 -3.125351265481167151e-01
-1.884937853120233653e+00 -9.923912644232774083e-01 -3.113638064838680219e-01
-1.884098804373697700e+00 -9.903853281654645402e-01 -3.101969189725914400e-01
-1.883265195732823916e+00 -9.883894462593399988e-01 -3.090346457073411268e-01
-1.882437124213022672e+00 -9.864038979924520945e-01 -3.078771689602540218e-01
-1.881614686260477010e+00 -9.844289626523468062e-01 -3.067246715726940076e-01
-1.880797977762214135e+00 -9.824649195265714452e-01 -3.055773369451816324e-01
-1.879987094056388530e+00 -9.805120479026728786e-01 -3.044353490271080598e-01
-1.879182129942784441e+00 -9.785706270681977514e-01 -3.032988923062376885e-01
-1.878383179693519534e+00 -9.766409363106935970e-01 -3.021681517979979970e-01
-1.877590337063970161e+00 -9.747232549177063943e-01 -3.010433130345602226e-01
-1.876803695303896680e+00 -9.728178621767833434e-01 -2.999245620537112078e-01
-1.876023347168779054e+00 -9.709250373754720886e-01 -2.988120853875177452e-01
-1.875249384931357843e+00 -9.690450598013191641e-01 -2.977060700507849766e-01
-1.874481900393384137e+00 -9.671782087418709928e-01 -2.966067035293116216e-01
-1.873720984897559783e+00 -9.653247634846749969e-01 -2.955141737679395364e-01
-1.872966729339699210e+00 -9.634850033172782657e-01 -2.944286691584036553e-01
-1.872219224181072006e+00 -9.616592075272274442e-01 -2.933503785269793718e-01
-1.871478559460960645e+00 -9.598476554020691776e-01 -2.922794911219323000e-01
-1.870744824809407403e+00 -9.580506262293504438e-01 -2.912161966007674185e-01
-1.870018109460160227e+00 -9.562683992966186652e-01 -2.901606850172825935e-01
-1.869298502263819106e+00 -9.545012538914204869e-01 -2.891131468084255363e-01
-1.868586091701172069e+00 -9.527494693013025540e-01 -2.880737727809553617e-01
-1.867880965896726808e+00 -9.510133248138120665e-01 -2.870427540979094694e-01
-1.867183212632441025e+00 -9.492930997164961138e-01 -2.860202822648790222e-01
-1.866492919361636638e+00 -9.475890732969013408e-01 -2.850065491160894693e-01
-1.865810173223107382e+00 -9.459015248425745037e-01 -2.840017468002914991e-01
-1.865135061055426036e+00 -9.442307336410626917e-01 -2.830060677664611446e-01
-1.864467669411429052e+00 -9.425769789799131049e-01 -2.820197047493089859e-01
-1.863808084572896151e+00 -9.409405401466723884e-01 -2.810428507546000043e-01
-1.863156392565424868e+00 -9.393216964288869653e-01 -2.800756990442866967e-01
-1.862512679173477848e+00 -9.377207271141052569e-01 -2.791184431214510098e-01
-1.861877029955636198e+00 -9.361379114898726872e-01 -2.781712767150613108e-01
-1.861249530260020268e+00 -9.345735288437367894e-01 -2.772343937645406209e-01
-1.860630265239919146e+00 -9.330278584632444305e-01 -2.763079884041491074e-01
-1.860019319869587795e+00 -9.315011796359422558e-01 -2.753922549471790049e-01
-1.859416778960238492e+00 -9.299937716493774653e-01 -2.744873878699637948e-01
-1.858822727176219436e+00 -9.285059137910971483e-01 -2.735935817957017568e-01
-1.858237249051379658e+00 -9.270378853486479498e-01 -2.727110314780931133e-01
-1.857660429005609792e+00 -9.255899656095766259e-01 -2.718399317847906005e-01
-1.857092351361588678e+00 -9.241624338614304879e-01 -2.709804776806660764e-01
-1.856533100361692057e+00 -9.227555693917561808e-01 -2.701328642108881684e-01
-1.855982760185108660e+00 -9.213696514881009048e-01 -2.692972864838166225e-01
-1.855441414965127489e+00 -9.200049594380113049e-01 -2.684739396537081380e-01
-1.854909148806622721e+00 -9.186617725290340264e-01 -2.676630189032362384e-01
-1.854386045803718019e+00 -9.173403700487168244e-01 -2.668647194258240152e-01
-1.853872190057642477e+00 -9.160410312846060110e-01 -2.660792364077879668e-01
-1.853367665694777289e+00 -9.147640355242485644e-01 -2.653067650102957087e-01
-1.852872556884882949e+00 -9.135096620551912405e-01 -2.645475003511325585e-01
-1.852386947859526289e+00 -9.122781901649813507e-01 -2.638016374862801050e-01
-1.851910922930688042e+00 -9.110698991411657621e-01 -2.630693713913022647e-01
-1.851444566509572898e+00 -9.098850682712914528e-01 -2.623508969425429327e-01
-1.850987963125600766e+00 -9.087239768429047349e-01 -2.616464088981285130e-01
-1.850541197445599639e+00 -9.075869041435533635e-01 -2.609561018787782127e-01
-1.850104354293187425e+00 -9.064741294607837618e-01 -2.602801703484198814e-01
-1.849677518668356946e+00 -9.053859320821426859e-01 -2.596188085946096180e-01
-1.849260775767247456e+00 -9.043225912951774470e-01 -2.589722107087544800e-01
-1.848854211002123105e+00 -9.032843863874345791e-01 -2.583405705661360741e-01
-1.848457910021551021e+00 -9.022715966464615045e-01 -2.577240818057350280e-01
-1.848071958730775899e+00 -9.012845013598047572e-01 -2.571229378098528473e-01
-1.847696443312304648e+00 -9.003233798150114264e-01 -2.565373316835311557e-01
-1.847331450246687545e+00 -8.993885112996283793e-01 -2.559674562337647674e-01
-1.846977066333518103e+00 -8.984801751012022608e-01 -2.554135039485093128e-01
-1.846633378712627671e+00 -8.975986505072807153e-01 -2.548756669754777548e-01
-1.846300474885505416e+00 -8.967442168054099438e-01 -2.543541371007286278e-01
-1.845978442736922576e+00 -8.959171532831369245e-01 -2.538491057270386708e-01
-1.845667370556772768e+00 -8.951177392280089684e-01 -2.533607638520609662e-01
-1.845367347062131458e+00 -8.943462539275730538e-01 -2.528893020462657515e-01
-1.845078461419539462e+00 -8.936029766693756038e-01 -2.524349104306605751e-01
-1.844800803267500511e+00 -8.928881867409637074e-01 -2.519977786542883513e-01
-1.844534462739209291e+00 -8.922021634298845649e-01 -2.515780958714989857e-01
-1.844279530485513519e+00 -8.915451860236848214e-01 -2.511760507189954028e-01
-1.844036097698090293e+00 -8.909175338099113439e-01 -2.507918312926454285e-01
-1.843804256132871799e+00 -8.903194860761111107e-01 -2.504256251240638553e-01
-1.843584098133700611e+00 -8.897513221098310998e-01 -2.500776191569551443e-01
-1.843375716656225016e+00 -8.892133211986186225e-01 -2.497479997232176507e-01
-1.843179205292038825e+00 -8.887057626300197688e-01 -2.494369525188053494e-01
-1.842994658293063637e+00 -8.882289256915819609e-01 -2.491446625793431457e-01
-1.842822170596184028e+00 -8.877830896708522879e-01 -2.488713142554926094e-01
-1.842661837848135198e+00 -8.873685338553771729e-01 -2.486170911880662138e-01
-1.842513756430644856e+00 -8.869855375327038161e-01 -2.483821762828835600e-01
-1.842378023485833571e+00 -8.866343799903789735e-01 -2.481667516853699185e-01
-1.842254736941884685e+00 -8.863153405159500675e-01 -2.479709987548900929e-01
-1.842143995538973122e+00 -8.860286983969632990e-01 -2.477950980388143598e-01
-1.842045898855475095e+00 -8.857747329209658682e-01 -2.476392292463161504e-01
-1.841960547334437592e+00 -8.855537233755051973e-01 -2.475035712218914830e-01
-1.841888042310348972e+00 -8.853659490481271543e-01 -2.473883019186025323e-01
-1.841828486036168222e+00 -8.852116892263796055e-01 -2.472935983710362884e-01
-1.841781981710656879e+00 -8.850912231978090849e-01 -2.472196366679761392e-01
-1.841748633506002486e+00 -8.850048302499625708e-01 -2.471665919247847398e-01
-1.841728546595724048e+00 -8.849527896703867080e-01 -2.471346382554872601e-01
-1.841721827182894566e+00 -8.849353807466289190e-01 -2.471239487445589800e-01
