0.000000000000000000e+00 0.000000000000000000e+00 0.000000000000000000e+00 0.000000000000000000e+00
-1.475086745626676396e-16 -1.432161633678909025e-16 -2.122180495872894338e-17 2.051309892518372723e-17
-1.404394625785146053e-02 -9.329327826033856005e-03 9.010632836955320885e-06 9.735005020712714230e-03
-6.945647770809487698e-01 -6.945647770809481036e-01 -2.799886549106322556e-18 1.138221890116231988e-16
-1.154404657417944291e+00 -7.142351863143254764e-01 -5.019042417233087194e-01 1.565193678757342832e-02
-1.245431418049220973e+00 -6.945647770809485477e-01 -5.508666409682728693e-01 9.639999475245411622e-17
-1.245431418049221639e+00 -6.945647770809484367e-01 -5.508666409682725362e-01 2.479570589063953497e-16
-1.268939243998751687e+00 -1.097793864251064955e+00 -9.897695894888602908e-01 2.423509271397154829e-02
-1.245431418049221417e+00 -1.141265122953956768e+00 -9.975669868412815333e-01 4.368010736740905991e-16
-1.438456030605762992e+00 -1.177342245717429625e+00 -9.775862136755135712e-01 -2.348008816350263261e-01
-1.571957027080568281e+00 -1.141265122953956324e+00 -9.975669868412815333e-01 -3.265256090313463089e-01
-1.579582967167606711e+00 -1.143520847143067343e+00 -9.907007932769972269e-01 -3.428886116836728504e-01
-1.571957027080568281e+00 -1.363624436890038760e+00 -9.975669868412812002e-01 -5.488849229674283015e-01
-1.571957027080568503e+00 -1.363624436890038760e+00 -9.975669868412818664e-01 -5.488849229674284125e-01
-1.571880415471228032e+00 -1.363280038572845188e+00 -1.078087652947425923e+00 -6.297803557105386973e-01
-1.571957027080568503e+00 -1.363624436890038538e+00 -1.076228164664685849e+00 -6.275461007908331723e-01
-1.571957027080568503e+00 -1.363624436890038538e+00 -1.076228164664685849e+00 -6.275461007908331723e-01
