-4.817965941802560437e+00 -3.969183707623353374e+00
-4.813922638096173046e+00 -3.966864545649308571e+00
-4.809898496726777495e+00 -3.964559787117891254e+00
-4.805893481781034815e+00 -3.962269335540975490e+00
-4.801907556527791776e+00 -3.959993095088646609e+00
-4.797940683424891439e+00 -3.957730970584463659e+00
-4.793992824126242169e+00 -3.955482867500734301e+00
-4.790063939489017208e+00 -3.953248691953645366e+00
-4.786153989581046986e+00 -3.951028350698353897e+00
-4.782262933688384621e+00 -3.948821751124028001e+00
-4.778390730323047286e+00 -3.946628801248810436e+00
-4.774537337230895240e+00 -3.944449409714795074e+00
-4.770702711399716023e+00 -3.942283485782914099e+00
-4.766886809067414355e+00 -3.940130939327851411e+00
-4.763089585730416964e+00 -3.937991680832916508e+00
-4.759310996152166240e+00 -3.935865621384912139e+00
-4.755550994371787965e+00 -3.933752672669020178e+00
-4.751809533712917144e+00 -3.931652746963684386e+00
-4.748086566792615315e+00 -3.929565757135476289e+00
-4.744382045530440628e+00 -3.927491616634024574e+00
-4.740695921157677795e+00 -3.925430239486946249e+00
-4.737028144226645310e+00 -3.923381540294799574e+00
-4.733378664620109255e+00 -3.921345434226064963e+00
-4.729747431560888060e+00 -3.919321837012189835e+00
-4.726134393621477692e+00 -3.917310664942622367e+00
-4.722539498733834940e+00 -3.915311834859954487e+00
-4.718962694199238861e+00 -3.913325264155036898e+00
-4.715403926698258807e+00 -3.911350870762205112e+00
-4.711863142300793506e+00 -3.909388573154520596e+00
-4.708340286476231817e+00 -3.907438290339066089e+00
-4.704835304103633042e+00 -3.905499941852321300e+00
-4.701348139482060873e+00 -3.903573447755590564e+00
-4.697878736340933337e+00 -3.901658728630430062e+00
-4.694427037850425144e+00 -3.899755705574239784e+00
-4.690992986632016581e+00 -3.897864300195829745e+00
-4.687576524768986452e+00 -3.895984434611094116e+00
-4.684177593817057783e+00 -3.894116031438721759e+00
-4.680796134815020437e+00 -3.892259013795989819e+00
-4.677432088295426560e+00 -3.890413305294644353e+00
-4.674085394295337537e+00 -3.888578830036768075e+00
-4.670755992367063847e+00 -3.886755512610799101e+00
-4.667443821588967090e+00 -3.884943278087574559e+00
-4.664148820576290433e+00 -3.883142052016434587e+00
-4.660870927491981064e+00 -3.881351760421419606e+00
-4.657610080057533075e+00 -3.879572329797493335e+00
-4.654366215563872977e+00 -3.877803687106879504e+00
-4.651139270882225674e+00 -3.876045759775411881e+00
-4.647929182474965337e+00 -3.874298475688989996e+00
-4.644735886406510694e+00 -3.872561763190070838e+00
-4.641559318354186559e+00 -3.870835551074246261e+00
-4.638348280413305602e+00 -3.869315426109122047e+00
-4.635155117417719239e+00 -3.867802538212691932e+00
-4.631979756369638324e+00 -3.866296863691830232e+00
-4.628822123803501221e+00 -3.864798378699607628e+00
-4.625682145800508849e+00 -3.863307059238853647e+00
-4.622559748003103763e+00 -3.861822881165730248e+00
-4.619454855629393286e+00 -3.860345820193256561e+00
-4.616367393487594839e+00 -3.858875851894873144e+00
-4.613297285990368479e+00 -3.857412951707966720e+00
-4.610244457169132559e+00 -3.855957094937398466e+00
-4.607208830688278134e+00 -3.854508256759033635e+00
-4.604190329859402908e+00 -3.853066412223244530e+00
-4.601188877655352449e+00 -3.851631536258419253e+00
-4.598204396724308474e+00 -3.850203603674430042e+00
-4.595236809403687062e+00 -3.848782589166131807e+00
-4.592286037734046644e+00 -3.847368467316810037e+00
-4.589352003472837005e+00 -3.845961212601640256e+00
-4.586434628108071898e+00 -3.844560799391099071e+00
-4.583533832871926172e+00 -3.843167201954407641e+00
-4.580649538754189010e+00 -3.841780394462905424e+00
-4.577781666515645220e+00 -3.840400350993453671e+00
-4.574930136701289562e+00 -3.839027045531781202e+00
-4.572094869653532179e+00 -3.837660451975839937e+00
-4.569275785525119815e+00 -3.836300544139122248e+00
-4.566472804292099674e+00 -3.834947295753968088e+00
-4.563685845766554117e+00 -3.833600680474841482e+00
-4.560914829609214571e+00 -3.832260671881598579e+00
-4.558159675341986627e+00 -3.830927243482711742e+00
-4.555420302360298379e+00 -3.829600368718494519e+00
-4.552696629945301332e+00 -3.828280020964292873e+00
-4.549988577275986046e+00 -3.826966173533634219e+00
-4.547296063441062408e+00 -3.825658799681380895e+00
-4.544619007450799053e+00 -3.824357872606837017e+00
-4.541957328248598991e+00 -3.823063365456840224e+00
-4.539310944722512176e+00 -3.821775251328826339e+00
-4.536679775716570440e+00 -3.820493503273844293e+00
-4.534063740041919921e+00 -3.819218094299576816e+00
-4.531462756487857568e+00 -3.817948997373328712e+00
-4.528876743832679352e+00 -3.816686185424943645e+00
-4.526305620854355283e+00 -3.815429631349747108e+00
-4.523749306341073861e+00 -3.814179308011433456e+00
-4.521207719101608014e+00 -3.812935188244920059e+00
-4.518680777975479401e+00 -3.811697244859176603e+00
-4.516168401843017044e+00 -3.810465450640034391e+00
-4.513670509635231198e+00 -3.809239778352934369e+00
-4.511187020343485621e+00 -3.808020200745684480e+00
-4.508717853029028610e+00 -3.806806690551161942e+00
-4.506262926832368620e+00 -3.805599220489971124e+00
-4.503822160982446476e+00 -3.804397763273098754e+00
-4.501395474805680585e+00 -3.803202291604522056e+00
-4.499008484429286803e+00 -3.800557213091549702e+00
-4.496630339993486380e+00 -3.797924647172290502e+00
-4.494261029262939466e+00 -3.795304580434645914e+00
-4.491900539808081128e+00 -3.792696998826009303e+00
-4.489548859005338066e+00 -3.790101887654349966e+00
-4.487205974037419054e+00 -3.787519231589491664e+00
-4.484871871893643558e+00 -3.784949014664627853e+00
-4.482546539370284577e+00 -3.782391220278007005e+00
-4.480229963071011845e+00 -3.779845831194844852e+00
-4.477922129407291507e+00 -3.777312829549448026e+00
-4.475623024598919919e+00 -3.774792196847517545e+00
-4.473332634674539676e+00 -3.772283913968694335e+00
-4.471050945472217819e+00 -3.769787961169256629e+00
-4.468777942640057788e+00 -3.767304318085070047e+00
-4.466513611636851344e+00 -3.764832963734701998e+00
-4.464257937732797110e+00 -3.762373876522760785e+00
-4.462010906010218214e+00 -3.759927034243403021e+00
-4.459772501364343000e+00 -3.757492414084065757e+00
-4.457542708504131035e+00 -3.755069992629370468e+00
-4.455321511953110658e+00 -3.752659745865221108e+00
-4.453108896050297361e+00 -3.750261649183102008e+00
-4.450904844951089956e+00 -3.747875677384558735e+00
-4.448709342628275110e+00 -3.745501804685827718e+00
-4.446522372873033646e+00 -3.743140004722713243e+00
-4.444343919295934420e+00 -3.740790250555578567e+00
-4.442173965328088947e+00 -3.738452514674539096e+00
-4.440012494222197681e+00 -3.736126769004839865e+00
-4.437859489053733952e+00 -3.733812984912361799e+00
-4.435714932722132353e+00 -3.731511133209330477e+00
-4.433578807951998435e+00 -3.729221184160158575e+00
-4.431451097294345942e+00 -3.726943107487468154e+00
-4.429331783127919309e+00 -3.724676872378239523e+00
-4.427220847660458425e+00 -3.722422447490135955e+00
-4.425118272930109065e+00 -3.720179800957955418e+00
-4.423024040806749824e+00 -3.717948900400222190e+00
-4.420938132993438963e+00 -3.715729712925937012e+00
-4.418860531027841709e+00 -3.713522205141423616e+00
-4.416791216283687760e+00 -3.711326343157342222e+00
-4.414730169972305163e+00 -3.709142092595797191e+00
-4.412677373144109794e+00 -3.706969418597579669e+00
-4.410632806690185426e+00 -3.704808285829504388e+00
-4.408596451343863798e+00 -3.702658658491899679e+00
-4.406568287682320673e+00 -3.700520500326147655e+00
-4.404548296128213636e+00 -3.698393774622361185e+00
-4.402536456951361643e+00 -3.696278444227155457e+00
-4.400532750270381044e+00 -3.694174471551483041e+00
-4.398537156054460162e+00 -3.692081818578590191e+00
-4.396549654125012196e+00 -3.690000446872024664e+00
-4.394570224157498650e+00 -3.687930317583750561e+00
-4.392598845683156839e+00 -3.685871391462292479e+00
-4.390692795102517643e+00 -3.684873626033721372e+00
-4.388793955582185546e+00 -3.683879659342159218e+00
-4.386902307333517825e+00 -3.682889479246907349e+00
-4.385017830497469404e+00 -3.681903073586882513e+00
-4.383140505145870947e+00 -3.680920430181477965e+00
-4.381270311282659868e+00 -3.679941536831458304e+00
-4.379407228845193067e+00 -3.678966381319789036e+00
-4.377551237705497478e+00 -3.677994951412540292e+00
-4.375702317671556152e+00 -3.677027234859692850e+00
-4.373860448488590791e+00 -3.676063219396015214e+00
-4.372025609840370919e+00 -3.675102892741888727e+00
-4.370197781350479538e+00 -3.674146242604137136e+00
-4.368376942583624079e+00 -3.673193256676863250e+00
-4.366563073046943799e+00 -3.672243922642251857e+00
-4.364756152191295868e+00 -3.671298228171395284e+00
-4.362956159412572532e+00 -3.670356160925090538e+00
-4.361163074053001409e+00 -3.669417708554636004e+00
-4.359376875402458218e+00 -3.668482858702628580e+00
-4.357597542699767956e+00 -3.667551599003740836e+00
-4.355825055134038060e+00 -3.666623917085497730e+00
-4.354059391845926719e+00 -3.665699800569053757e+00
-4.352300531929014227e+00 -3.664779237069940798e+00
-4.350548454431055312e+00 -3.663862214198831513e+00
-4.348803138355341602e+00 -3.662948719562300504e+00
-4.347064562661969056e+00 -3.662038740763529532e+00
-4.345332706269179113e+00 -3.661132265403081565e+00
-4.343607548054664313e+00 -3.660229281079589558e+00
-4.341889066856849055e+00 -3.659329775390497197e+00
-4.340177241476243175e+00 -3.658433735932774322e+00
-4.338472050676688951e+00 -3.657541150303584399e+00
-4.336773473186716465e+00 -3.656652006101031471e+00
-4.335081487700797709e+00 -3.655766290924804984e+00
-4.333396072880683292e+00 -3.654883992376878332e+00
-4.331717207356664545e+00 -3.654005098062192314e+00
-4.330044869728872037e+00 -3.653129595589293732e+00
-4.328379038568571424e+00 -3.652257472571022401e+00
-4.326719692419437102e+00 -3.651388716625139530e+00
-4.325066809798829404e+00 -3.650523315374984090e+00
-4.323420369199061142e+00 -3.649661256450103863e+00
-4.321780349088690798e+00 -3.648802527486868730e+00
-4.320146727913761531e+00 -3.647947116129126144e+00
-4.318519484099077488e+00 -3.647095010028777562e+00
-4.316898596049440151e+00 -3.646246196846398391e+00
-4.315284042150914878e+00 -3.645400664251841949e+00
-4.313675800772063695e+00 -3.644558399924810566e+00
-4.312073850265177200e+00 -3.643719391555461318e+00
-4.310478168967520674e+00 -3.642883626844957146e+00
-4.308888735202537568e+00 -3.642051093506052606e+00
-4.307305527281086732e+00 -3.641221779263642322e+00
-4.305728523502633465e+00 -3.640395671855314319e+00
-4.305965361901938238e+00 -3.641120504049175644e+00
-4.306203688552788122e+00 -3.641850669808257557e+00
-4.306443517358712114e+00 -3.642586232420853776e+00
-4.306684862396344293e+00 -3.643327256037004247e+00
-4.306927737918170074e+00 -3.644073805679866052e+00
-4.307172158355304425e+00 -3.644825947257186005e+00
-4.307418138320317169e+00 -3.645583747572861633e+00
-4.307665692610145314e+00 -3.646347274338553657e+00
-4.307914836209021381e+00 -3.647116596185391746e+00
-4.308165584291485217e+00 -3.647891782675733996e+00
-4.308417952225466863e+00 -3.648672904315003240e+00
-4.308671955575401391e+00 -3.649460032563586420e+00
-4.308927610105421913e+00 -3.650253239848765041e+00
-4.309184931782635175e+00 -3.651052599576713575e+00
-4.309443936780410489e+00 -3.651858186144538276e+00
-4.309704641481799214e+00 -3.652670074952353740e+00
-4.309967062482980893e+00 -3.653488342415396328e+00
-4.310231216596807968e+00 -3.654313065976133590e+00
-4.310497120856394027e+00 -3.655144324116447407e+00
-4.310764792518807731e+00 -3.655982196369761628e+00
-4.311034249068820046e+00 -3.656826763333227870e+00
-4.311305508222755378e+00 -3.657678106679861152e+00
-4.311578587932372031e+00 -3.658536309170704381e+00
-4.311853506388917623e+00 -3.659401454666934228e+00
-4.312130282027169415e+00 -3.660273628141940794e+00
-4.312408933529627397e+00 -3.661152915693381971e+00
-4.312689479830763339e+00 -3.662039404555163635e+00
-4.312971940121398617e+00 -3.662933183109365221e+00
-4.313256333853142444e+00 -3.663834340898069364e+00
-4.313542680742934898e+00 -3.664742968635156917e+00
-4.313831000777709868e+00 -3.665659158217910107e+00
-4.314121314219127257e+00 -3.666583002738589503e+00
-4.314413641608450867e+00 -3.667514596495832890e+00
-4.314708003771507094e+00 -3.668454035005909386e+00
-4.315004421823751102e+00 -3.669401415013832324e+00
-4.315302917175495523e+00 -3.670356834504304278e+00
-4.315603511537180914e+00 -3.671320392712432934e+00
-4.315906226924836275e+00 -3.672292190134263112e+00
-4.316211085665637270e+00 -3.673272328537101394e+00
-4.316518110403588793e+00 -3.674260910969550320e+00
-4.316827324105349639e+00 -3.675258041771303663e+00
-4.317138750066187747e+00 -3.676263826582657046e+00
-4.317452411916097077e+00 -3.677278372353713021e+00
-4.317768333626020194e+00 -3.678301787353228658e+00
-4.318086539514263578e+00 -3.679334181177165597e+00
-4.318407054253042610e+00 -3.680375664756819543e+00
-4.318729902875181992e+00 -3.681426350366567846e+00
-4.319055110780999129e+00 -3.682486351631195642e+00
-4.319382703745344720e+00 -3.683555783532781014e+00
-4.319712707924815653e+00 -3.684634762417086318e+00
-4.319787033903092599e+00 -3.684683657860321482e+00
-4.319861708601768768e+00 -3.684732690945359934e+00
-4.319936734695441594e+00 -3.684781862756046689e+00
-4.320012114887652466e+00 -3.684831174393929043e+00
-4.320087851911305066e+00 -3.684880626978691787e+00
-4.320163948529062381e+00 -3.684930221648630599e+00
-4.320240407533784577e+00 -3.684979959561159202e+00
-4.320317231748956210e+00 -3.685029841893286751e+00
-4.320394424029120550e+00 -3.685079869842148526e+00
-4.320471987260333435e+00 -3.685130044625557932e+00
-4.320549924360607363e+00 -3.685180367482543851e+00
-4.320628238280377786e+00 -3.685230839673928838e+00
-4.320706932002985390e+00 -3.685281462482949522e+00
-4.320786008545129953e+00 -3.685332237215847240e+00
-4.320865470957385490e+00 -3.685383165202521294e+00
-4.320945322324672766e+00 -3.685434247797192864e+00
-4.321025565766782428e+00 -3.685485486379089348e+00
-4.321106204438882159e+00 -3.685536882353155796e+00
-4.321187241532046031e+00 -3.685588437150792540e+00
-4.321268680273786522e+00 -3.685640152230630573e+00
-4.321350523928593645e+00 -3.685692029079305154e+00
-4.321432775798490056e+00 -3.685744069212304463e+00
-4.321515439223615473e+00 -3.685796274174795162e+00
-4.321598517582773802e+00 -3.685848645542540769e+00
-4.321682014294039753e+00 -3.685901184922793838e+00
-4.321765932815338829e+00 -3.685953893955264515e+00
-4.321850276645077926e+00 -3.686006774313119738e+00
-4.321935049322749300e+00 -3.686059827704003755e+00
-4.322020254429569164e+00 -3.686113055871108379e+00
-4.322105895589123392e+00 -3.686166460594297423e+00
-4.322191976468026553e+00 -3.686220043691259107e+00
-4.322278500776572052e+00 -3.686273807018711768e+00
-4.322365472269460440e+00 -3.686327752473649522e+00
-4.322452894746439789e+00 -3.686381881994666099e+00
-4.322540772053065083e+00 -3.686436197563287553e+00
-4.322629108081388338e+00 -3.686490701205399567e+00
-4.322717906770711771e+00 -3.686545394992725821e+00
-4.322807172108352525e+00 -3.686600281044348115e+00
-4.322896908130385185e+00 -3.686655361528307306e+00
-4.322987118922444694e+00 -3.686710638663277972e+00
-4.323077808620531037e+00 -3.686766114720301690e+00
-4.323168981411800615e+00 -3.686821792024582933e+00
-4.323260641535432214e+00 -3.686877672957416863e+00
-4.323352793283449458e+00 -3.686933759958123780e+00
-4.323445441001598333e+00 -3.686990055526135457e+00
-4.323538589090246909e+00 -3.687046562223137869e+00
-4.323632242005265525e+00 -3.687103282675313842e+00
-4.323726404258963818e+00 -3.687160219575714493e+00
-4.323821080421036633e+00 -3.687217375686685727e+00
-4.323916275119502828e+00 -3.687274753842466612e+00
-4.324026453732042974e+00 -3.691257633995904008e+00
-4.324138069297331910e+00 -3.695244998197858344e+00
-4.324251150011486189e+00 -3.699236826666234546e+00
-4.324365724807780254e+00 -3.703233099521807681e+00
-4.324481823380715184e+00 -3.707233796792133163e+00
-4.324599476210945426e+00 -3.711238898415420984e+00
-4.324718714591218927e+00 -3.715248384244414837e+00
-4.324839570653325360e+00 -3.719262234050227267e+00
-4.324962077396123483e+00 -3.723280427526104663e+00
-4.325086268714676940e+00 -3.727302944291225106e+00
-4.325212179430553583e+00 -3.731329763894427387e+00
-4.325339845323360244e+00 -3.735360865817890286e+00
-4.325469303163552048e+00 -3.739396229480819400e+00
-4.325600590746577545e+00 -3.743435834243058480e+00
-4.325733746928432488e+00 -3.747479659408685659e+00
-4.325868811662683555e+00 -3.751527684229574167e+00
-4.326005826039036606e+00 -3.755579887908881975e+00
-4.326144832323491229e+00 -3.759636249604551672e+00
-4.326285874000244114e+00 -3.763696748432730832e+00
-4.326428995815311040e+00 -3.767761363471160418e+00
-4.326574243822054022e+00 -3.771830073762546309e+00
-4.326721665428619801e+00 -3.775902858317834898e+00
-4.326871309447475333e+00 -3.779979696119510457e+00
-4.327023226147063362e+00 -3.784060566124797464e+00
-4.327177467305745928e+00 -3.788145447268856270e+00
-4.327334086268087354e+00 -3.792234318467893939e+00
-4.327493138003668527e+00 -3.796327158622268438e+00
-4.327654679168514207e+00 -3.800423946619546633e+00
-4.327818768169284347e+00 -3.804524661337472580e+00
-4.327985465230343998e+00 -3.808629281646938924e+00
-4.328154832463926738e+00 -3.812737786414890362e+00
-4.328326933943467125e+00 -3.816850154507195558e+00
-4.328501835780358853e+00 -3.820966364791432923e+00
-4.328679606204256736e+00 -3.825086396139687039e+00
-4.328860315647102830e+00 -3.829210227431251390e+00
-4.329044036831177777e+00 -3.833337837555316874e+00
-4.329230844861245764e+00 -3.837469205413571949e+00
-4.329420817321142145e+00 -3.841604309922814320e+00
-4.329614034374976939e+00 -3.845743130017465816e+00
-4.329810578873247273e+00 -3.849885644652040195e+00
-4.330010536464085291e+00 -3.854031832803622493e+00
-4.330213995709979891e+00 -3.858181673474222695e+00
-4.330421048210258306e+00 -3.862335145693132077e+00
-4.330631788729601972e+00 -3.866492228519220919e+00
-4.330846315333078067e+00 -3.870652901043187377e+00
-4.331064729527875024e+00 -3.874817142389753055e+00
-4.331287136412263372e+00 -3.878984931719836826e+00
-4.331513644832184262e+00 -3.883156248232636720e+00
-4.331744367545832475e+00 -3.887331071167718921e+00
-4.331979421396775720e+00 -3.891509379807029934e+00
-4.332129059849845198e+00 -3.891649758818769289e+00
-4.332279280169762714e+00 -3.891790923240855626e+00
-4.332430085582964274e+00 -3.891932879569099502e+00
-4.332581479338966979e+00 -3.892075634368237669e+00
-4.332733464710600835e+00 -3.892219194272796390e+00
-4.332886044994204156e+00 -3.892363565987972507e+00
-4.333039223509862481e+00 -3.892508756290498084e+00
-4.333193003601604865e+00 -3.892654772029541910e+00
-4.333347388637643682e+00 -3.892801620127635420e+00
-4.333502382010606446e+00 -3.892949307581552887e+00
-4.333657987137747192e+00 -3.893097841463276421e+00
-4.333814207461198720e+00 -3.893247228920922343e+00
-4.333971046448205300e+00 -3.893397477179702193e+00
-4.334128507591341162e+00 -3.893548593542890401e+00
-4.334286594408784943e+00 -3.893700585392815050e+00
-4.334445310444553279e+00 -3.893853460191839311e+00
-4.334604659268749494e+00 -3.894007225483378853e+00
-4.334764644477819395e+00 -3.894161888892927248e+00
-4.334925269694802630e+00 -3.894317458129087584e+00
-4.335086538569609793e+00 -3.894473940984629401e+00
-4.335248454779272009e+00 -3.894631345337536299e+00
-4.335411022028221595e+00 -3.894789679152109052e+00
-4.335574244048568282e+00 -3.894948950480053185e+00
-4.335738124600352350e+00 -3.895109167461560329e+00
-4.335902667471864369e+00 -3.895270338326469517e+00
-4.336067876479901884e+00 -3.895432471395383178e+00
-4.336233755470079387e+00 -3.895595575080827100e+00
-4.336400308317118757e+00 -3.895759657888413940e+00
-4.336567538925133469e+00 -3.895924728418033833e+00
-4.336735451227971438e+00 -3.896090795365050763e+00
-4.336904049189493016e+00 -3.896257867521516260e+00
-4.337073336803893397e+00 -3.896425953777409745e+00
-4.337243318096050793e+00 -3.896595063121879754e+00
-4.337413997121809750e+00 -3.896765204644511815e+00
-4.337585377968364853e+00 -3.896936387536602542e+00
-4.337757464754542269e+00 -3.897108621092471914e+00
-4.337930261631190554e+00 -3.897281914710769790e+00
-4.338103772781529699e+00 -3.897456277895812171e+00
-4.338278002421469104e+00 -3.897631720258925014e+00
-4.338452954800022354e+00 -3.897808251519814693e+00
-4.338628634199641176e+00 -3.897985881507971317e+00
-4.338805044936619559e+00 -3.898164620164036087e+00
-4.338982191361453467e+00 -3.898344477541258346e+00
-4.339160077859254727e+00 -3.898525463806914892e+00
-4.339338708850156046e+00 -3.898707589243781690e+00
-4.339518088789692030e+00 -3.898890864251597144e+00
-4.339698222169248609e+00 -3.899075299348569335e+00
-4.339879113516468045e+00 -3.899260905172893032e+00
-4.340060767395696573e+00 -3.899447692484275141e+00
-4.340243188408404507e+00 -3.899635672165495670e+00
-4.342132688725405920e+00 -3.902569202838873874e+00
-4.344035254927447909e+00 -3.905504672478110617e+00
-4.345950982202716695e+00 -3.908442083538145262e+00
-4.347879966289601050e+00 -3.911381438490889817e+00
-4.349822303478507735e+00 -3.914322739825001563e+00
-4.351778090613758643e+00 -3.917265990045640578e+00
-4.353747425095580326e+00 -3.920211191674250362e+00
-4.355730404882194762e+00 -3.923158347248271394e+00
-4.357727128491992730e+00 -3.926107459320950177e+00
-4.359737695005833302e+00 -3.929058530461060794e+00
-4.361762204069464133e+00 -3.932011563252674868e+00
-4.363800755896030559e+00 -3.934966560294915094e+00
-4.365853451268736585e+00 -3.937923524201698111e+00
-4.367920391543628433e+00 -3.940882457601498690e+00
-4.370001678652522870e+00 -3.943843363137092606e+00
-4.372097415106082074e+00 -3.946806243465300845e+00
-4.374207703997032404e+00 -3.949771101256756012e+00
-4.376332649003555453e+00 -3.952737939195615446e+00
-4.378472354392830113e+00 -3.955706759979343179e+00
-4.380626925024788676e+00 -3.958677566318427932e+00
-4.382796466355985743e+00 -3.961650360936131321e+00
-4.384981084443744237e+00 -3.964625146568231173e+00
-4.387180885950411557e+00 -3.967601925962767506e+00
-4.389395978147895505e+00 -3.970580701879764085e+00
-4.391626468922364523e+00 -3.973561477090984173e+00
-4.393872466779203734e+00 -3.976544254379645871e+00
-4.396134080848142389e+00 -3.979529036540179643e+00
-4.398411420888708179e+00 -3.982515826377946766e+00
-4.400704597295848508e+00 -3.985504626708963105e+00
-4.403013721105827116e+00 -3.988495440359655309e+00
-4.405338904002411127e+00 -3.991488270166568597e+00
-4.407680258323295241e+00 -3.994483118976101199e+00
-4.410037897066795054e+00 -3.997479989644231235e+00
-4.412411933898870764e+00 -4.000478885036244492e+00
-4.414802483160401358e+00 -4.003479808026458642e+00
-4.417209659874774985e+00 -4.006482761497940359e+00
-4.419633579755797292e+00 -4.009487748342226432e+00
-4.422074359215898198e+00 -4.012494771459062193e+00
-4.424532115374676167e+00 -4.015503833756089769e+00
-4.427006966067782656e+00 -4.018514938148598503e+00
-4.429499029856104997e+00 -4.021528087559222975e+00
-4.432008426035342730e+00 -4.024543284917654340e+00
-4.434535274645922343e+00 -4.027560533160372991e+00
-4.437079696483241520e+00 -4.030579835230343910e+00
-4.439641813108322843e+00 -4.033601194076740448e+00
-4.442221746858789011e+00 -4.036624612654654776e+00
-4.444819620860263498e+00 -4.039650093924795904e+00
-4.447435559038114938e+00 -4.042677640853201915e+00
-4.450069686129606517e+00 -4.045707256410966401e+00
-4.452722127696412180e+00 -4.048738943573917837e+00
-4.453996059079580405e+00 -4.049943403474684622e+00
-4.455271692192608768e+00 -4.051149533489219579e+00
-4.456549027930328144e+00 -4.052357335720285114e+00
-4.457828067216312640e+00 -4.053566812275772868e+00
-4.459108811003508421e+00 -4.054777965268710815e+00
-4.460391260274892744e+00 -4.055990796817221522e+00
-4.461675416044160514e+00 -4.057205309044555896e+00
-4.462961279356376210e+00 -4.058421504079056774e+00
-4.464248851288700415e+00 -4.059639384054166023e+00
-4.465538132951072825e+00 -4.060858951108399673e+00
-4.466829125486944108e+00 -4.062080207385361241e+00
-4.468121830074025524e+00 -4.063303155033703540e+00
-4.469416247925008356e+00 -4.064527796207152655e+00
-4.470712380288362375e+00 -4.065754133064452880e+00
-4.472010228449097013e+00 -4.066982167769398693e+00
-4.473309793729558947e+00 -4.068211902490793008e+00
-4.474611077490260769e+00 -4.069443339402440074e+00
-4.475914081130687450e+00 -4.070676480683141030e+00
-4.477218806090157877e+00 -4.071911328516666373e+00
-4.478525253848678389e+00 -4.073147885091758624e+00
-4.479833425927834512e+00 -4.074386152602087918e+00
-4.481143323891680019e+00 -4.075626133246260885e+00
-4.482454949347654427e+00 -4.076867829227801110e+00
-4.483768303947524458e+00 -4.078111242755115384e+00
-4.485083389388333508e+00 -4.079356376041487486e+00
-4.486400207413382191e+00 -4.080603231305058642e+00
-4.487718759813225766e+00 -4.081851810768810651e+00
-4.489039048426680445e+00 -4.083102116660526804e+00
-4.490361075141880320e+00 -4.084354151212790107e+00
-4.491684841897315650e+00 -4.085607916662959305e+00
-4.493010350682938636e+00 -4.086863415253135123e+00
-4.494337603541255888e+00 -4.088120649230146952e+00
-4.495666602568465287e+00 -4.089379620845517316e+00
-4.496997349915599074e+00 -4.090640332355460096e+00
-4.498329847789725555e+00 -4.091902786020820137e+00
-4.499664098455135708e+00 -4.093166984107081241e+00
-4.501000104234591070e+00 -4.094432928884310208e+00
-4.502337867510558311e+00 -4.095700622627147958e+00
-4.503677390726532614e+00 -4.096970067614774891e+00
-4.505018676388329091e+00 -4.098241266130879801e+00
-4.506361727065426592e+00 -4.099514220463628789e+00
-4.507706545392361264e+00 -4.100788932905634177e+00
-4.509053134070114766e+00 -4.102065405753925198e+00
-4.510401495867574440e+00 -4.103343641309912471e+00
-4.511751633622973046e+00 -4.104623641879356910e+00
-4.513103550245427087e+00 -4.105905409772331538e+00
-4.514457248716453819e+00 -4.107188947303192172e+00
-4.515812732091552206e+00 -4.108474256790519696e+00
-4.517170003501830955e+00 -4.109761340557126275e+00
-4.518529066155615226e+00 -4.111050200929970089e+00
-4.523879868928459835e+00 -4.113715044099321538e+00
-4.529240304910230996e+00 -4.116386190485588514e+00
-4.534610329514838334e+00 -4.119063607236229885e+00
-4.539989898466208373e+00 -4.121747261472344270e+00
-4.545378967793500813e+00 -4.124437120293793058e+00
-4.550777493826392295e+00 -4.127133150784255022e+00
-4.556185433190440115e+00 -4.129835320016216116e+00
-4.561602742802588928e+00 -4.132543595055843788e+00
-4.567029379866736960e+00 -4.135257942967826672e+00
-4.572465301869372389e+00 -4.137978330820077488e+00
-4.577910466575378479e+00 -4.140704725688387100e+00
-4.583364832023805846e+00 -4.143437094661012843e+00
-4.588828356523868557e+00 -4.146175404843138068e+00
-4.594300998650889589e+00 -4.148919623361275733e+00
-4.599782717242454133e+00 -4.151669717367588497e+00
-4.605273471394546903e+00 -4.154425654044121785e+00
-4.610773220457818233e+00 -4.157187400606961347e+00
-4.616281924033924788e+00 -4.159954924310284241e+00
-4.621799541971940428e+00 -4.162728192450360076e+00
-4.627326034364840801e+00 -4.165507172369427913e+00
-4.632861361546083856e+00 -4.168291831459547403e+00
-4.638405484086215225e+00 -4.171082137166306936e+00
-4.643958362789608607e+00 -4.173878056992479380e+00
-4.649519958691238131e+00 -4.176679558501619205e+00
-4.655090233053505777e+00 -4.179486609321510393e+00
-4.660669147363193154e+00 -4.182299177147605462e+00
-4.666256663328409715e+00 -4.185117229746357026e+00
-4.671852742875677755e+00 -4.187940734958424116e+00
-4.677457348147012972e+00 -4.190769660701889165e+00
-4.683070441497115155e+00 -4.193603974975313342e+00
-4.688691985490605951e+00 -4.196443645860760796e+00
-4.694321942899324362e+00 -4.199288641526716326e+00
-4.699960276699688855e+00 -4.202138930230955971e+00
-4.705606950070095884e+00 -4.204994480323311912e+00
-4.711261926388415233e+00 -4.207855260248376972e+00
-4.716925169229496895e+00 -4.210721238548123857e+00
-4.722596642362764996e+00 -4.213592383864471991e+00
-4.728276309749854356e+00 -4.216468664941742439e+00
-4.733964135542273688e+00 -4.219350050629073756e+00
-4.739660084079188707e+00 -4.222236509882755229e+00
-4.745364119885169707e+00 -4.225128011768476632e+00
-4.751076207668048390e+00 -4.228024525463530914e+00
-4.756796312316808439e+00 -4.230926020258922726e+00
-4.762524398899511624e+00 -4.233832465561420122e+00
-4.768260432661265646e+00 -4.236743830895536078e+00
-4.774004379022276368e+00 -4.239660085905452291e+00
-4.779756203575897366e+00 -4.242581200356855042e+00
-4.785515872086739009e+00 -4.245507144138726652e+00
-4.791283350488836135e+00 -4.248437887265056112e+00
-4.797058604883825517e+00 -4.251373399876517745e+00
-4.798683015072393587e+00 -4.252589227186597931e+00
-4.800308446351271741e+00 -4.253806083665072180e+00
-4.801934897299450888e+00 -4.255023968292371173e+00
-4.803562366498185021e+00 -4.256242880055680189e+00
-4.805190852530997425e+00 -4.257462817948903577e+00
-4.806820353983694893e+00 -4.258683780972654986e+00
-4.808450869444348186e+00 -4.259905768134234272e+00
-4.810082397503308904e+00 -4.261128778447623056e+00
-4.811714936753208605e+00 -4.262352810933450975e+00
-4.813348485788960573e+00 -4.263577864618996571e+00
-4.814983043207757163e+00 -4.264803938538163308e+00
-4.816618607609072455e+00 -4.266031031731460921e+00
-4.818255177594664929e+00 -4.267259143245987651e+00
-4.819892751768587225e+00 -4.268488272135418704e+00
-4.821531328737165722e+00 -4.269718417459977822e+00
-4.823170907109033401e+00 -4.270949578286438175e+00
-4.824811485495097862e+00 -4.272181753688087724e+00
-4.826453062508565317e+00 -4.273414942744715894e+00
-4.828095636764932586e+00 -4.274649144542605583e+00
-4.829739206881991542e+00 -4.275884358174496747e+00
-4.831383771479821121e+00 -4.277120582739589061e+00
-4.833029329180798861e+00 -4.278357817343508174e+00
-4.834675878609601796e+00 -4.279596061098293269e+00
-4.836323418393203788e+00 -4.280835313122378416e+00
-4.837971947160862207e+00 -4.282075572540576580e+00
-4.839621463544149016e+00 -4.283316838484049427e+00
-4.841271966176919683e+00 -4.284559110090306433e+00
-4.842923453695339830e+00 -4.285802386503176464e+00
-4.844575924737869244e+00 -4.287046666872786460e+00
-4.846229377945255656e+00 -4.288291950355545445e+00
-4.847883811960571165e+00 -4.289538236114123215e+00
-4.849539225429160716e+00 -4.290785523317437899e+00
-4.851195616998680293e+00 -4.292033811140626653e+00
-4.852852985319093371e+00 -4.293283098765040329e+00
-4.854511329042647816e+00 -4.294533385378207946e+00
-4.856170646823897208e+00 -4.295784670173818043e+00
-4.857830937319698172e+00 -4.297036952351721339e+00
-4.859492199189206829e+00 -4.298290231117874782e+00
-4.861154431093865469e+00 -4.299544505684359308e+00
-4.862817631697430087e+00 -4.300799775269334546e+00
-4.864481799665947293e+00 -4.302056039097023721e+00
-4.866146933667762298e+00 -4.303313296397700327e+00
-4.867813032373518034e+00 -4.304571546407658822e+00
-4.869480094456159591e+00 -4.305830788369207518e+00
-4.871148118590918230e+00 -4.307091021530632169e+00
-4.872817103455326482e+00 -4.308352245146179982e+00
-4.874487047729211042e+00 -4.309614458476055177e+00
-4.876157950094695437e+00 -4.310877660786369248e+00
-4.877829809236192915e+00 -4.312141851349149846e+00
-4.879502623840406450e+00 -4.313407029442297258e+00
-4.879317752408180553e+00 -4.313312474567773336e+00
-4.879132932479633311e+00 -4.313217933261231707e+00
-4.878948164036873258e+00 -4.313123405521539944e+00
-4.878763447062003600e+00 -4.313028891347562954e+00
-4.878578781537118658e+00 -4.312934390738161206e+00
-4.878394167444343843e+00 -4.312839903692196941e+00
-4.878209604765786800e+00 -4.312745430208543951e+00
-4.878025093483572050e+00 -4.312650970286052932e+00
-4.877840633579819674e+00 -4.312556523923595009e+00
-4.877656225036663074e+00 -4.312462091120024432e+00
-4.877471867836221442e+00 -4.312367671874210551e+00
-4.877287561960637952e+00 -4.312273266185017384e+00
-4.877103307392050446e+00 -4.312178874051298294e+00
-4.876919104112601211e+00 -4.312084495471920853e+00
-4.876734952104436083e+00 -4.311990130445741087e+00
-4.876550851349707116e+00 -4.311895778971626569e+00
-4.876366801830570807e+00 -4.311801441048431549e+00
-4.876182803529180099e+00 -4.311707116675019158e+00
-4.875998856427703032e+00 -4.311612805850248975e+00
-4.875814960508300544e+00 -4.311518508572978803e+00
-4.875631115753144229e+00 -4.311424224842073549e+00
-4.875447322144412787e+00 -4.311329954656388352e+00
-4.875263579664284919e+00 -4.311235698014785456e+00
-4.875079888294935770e+00 -4.311141454916118221e+00
-4.874896248018559142e+00 -4.311047225359244450e+00
-4.874712658817336397e+00 -4.310953009343029940e+00
-4.874529120673467553e+00 -4.310858806866328052e+00
-4.874345633569159730e+00 -4.310764617927994813e+00
-4.874162197486592518e+00 -4.310670442526889801e+00
-4.873978812407994354e+00 -4.310576280661872595e+00
-4.873795478315559038e+00 -4.310482132331791227e+00
-4.873612195191511454e+00 -4.310387997535507942e+00
-4.873428963018066717e+00 -4.310293876271882318e+00
-4.873245781777442609e+00 -4.310199768539765941e+00
-4.873062651451868454e+00 -4.310105674338013948e+00
-4.872879572023578021e+00 -4.310011593665484142e+00
-4.872696543474802411e+00 -4.309917526521027220e+00
-4.872513565787779832e+00 -4.309823472903502761e+00
-4.872330638944746717e+00 -4.309729432811764127e+00
-4.872147762927956371e+00 -4.309635406244667344e+00
-4.871964937719663880e+00 -4.309541393201062220e+00
-4.871782163302111890e+00 -4.309447393679805671e+00
-4.871599439657562591e+00 -4.309353407679750170e+00
-4.871416766768282613e+00 -4.309259435199749078e+00
-4.871234144616536810e+00 -4.309165476238653980e+00
-4.871051573184591810e+00 -4.309071530795322680e+00
-4.870869052454724901e+00 -4.308977598868598768e+00
-4.870686582409215148e+00 -4.308883680457340937e+00
-4.870504163030346945e+00 -4.308789775560399882e+00
-4.870321794300405571e+00 -4.308695884176628077e+00
-4.870146932423282671e+00 -4.308611545621748640e+00
-4.869972112523973884e+00 -4.308527218615568977e+00
-4.869797334589672566e+00 -4.308442903157364334e+00
-4.869622598607553421e+00 -4.308358599246396636e+00
-4.869447904564801810e+00 -4.308274306881939353e+00
-4.869273252448610201e+00 -4.308190026063261513e+00
-4.869098642246163067e+00 -4.308105756789629481e+00
-4.868924073944661757e+00 -4.308021499060308734e+00
-4.868749547531291633e+00 -4.307937252874571854e+00
-4.868575062993254043e+00 -4.307853018231683428e+00
-4.868400620317750338e+00 -4.307768795130909822e+00
-4.868226219491982754e+00 -4.307684583571520065e+00
-4.868051860503153527e+00 -4.307600383552773415e+00
-4.867877543338473778e+00 -4.307516195073939791e+00
-4.867703267985155513e+00 -4.307432018134287333e+00
-4.867529034430400969e+00 -4.307347852733071747e+00
-4.867354842661433700e+00 -4.307263698869567392e+00
-4.867180692665472819e+00 -4.307179556543034415e+00
-4.867006584429733884e+00 -4.307095425752732964e+00
-4.866832517941434233e+00 -4.307011306497932068e+00
-4.866658493187806300e+00 -4.306927198777891874e+00
-4.866484510156077192e+00 -4.306843102591874306e+00
-4.866310568833473127e+00 -4.306759017939140399e+00
-4.866136669207230092e+00 -4.306674944818956519e+00
-4.865962811264576082e+00 -4.306590883230578370e+00
-4.865788994992753302e+00 -4.306506833173268767e+00
-4.865615220379005734e+00 -4.306422794646294960e+00
-4.865441487410564925e+00 -4.306338767648902000e+00
-4.865267796074687290e+00 -4.306254752180362466e+00
-4.865094146358610594e+00 -4.306170748239930290e+00
-4.864920538249592141e+00 -4.306086755826869172e+00
-4.864746971734874137e+00 -4.306002774940432154e+00
-4.864573446801723655e+00 -4.305918805579883823e+00
-4.864399963437390007e+00 -4.305834847744476335e+00
-4.864226521629129607e+00 -4.305750901433467170e+00
-4.864053121364220189e+00 -4.305666966646119143e+00
-4.863879762629911063e+00 -4.305583043381684405e+00
-4.863706445413471968e+00 -4.305499131639417776e+00
-4.863533169702183301e+00 -4.305415231418583843e+00
-4.863359935483306806e+00 -4.305331342718427656e+00
-4.863186742744118440e+00 -4.305247465538209362e+00
-4.863013591471903041e+00 -4.305163599877186442e+00
-4.862840481653928570e+00 -4.305079745734611052e+00
-4.862667413277492301e+00 -4.304995903109733568e+00
-4.862494386329865748e+00 -4.304912072001809697e+00
-4.862321400798351512e+00 -4.304828252410095146e+00
-4.862148456670218444e+00 -4.304744444333845621e+00
-4.861975553932778027e+00 -4.304660647772306170e+00
-4.861802692573320428e+00 -4.304576862724736053e+00
-4.861629872579140255e+00 -4.304493089190381205e+00
-4.861609608401384897e+00 -4.304390863845550363e+00
-4.861589354574770816e+00 -4.304288640090728535e+00
-4.861569111091644579e+00 -4.304186417925404129e+00
-4.861548877944361635e+00 -4.304084197349050456e+00
-4.861528655125281873e+00 -4.303981978361152372e+00
-4.861508442626767845e+00 -4.303879760961187628e+00
-4.861488240441199871e+00 -4.303777545148635753e+00
-4.861468048560963595e+00 -4.303675330922977160e+00
-4.861447866978437560e+00 -4.303573118283693155e+00
-4.861427695686030503e+00 -4.303470907230263265e+00
-4.861407534676136954e+00 -4.303368697762167017e+00
-4.861387383941176310e+00 -4.303266489878889267e+00
-4.861367243473562638e+00 -4.303164283579911320e+00
-4.861347113265716224e+00 -4.303062078864714479e+00
-4.861326993310079558e+00 -4.302959875732778272e+00
-4.861306883599080031e+00 -4.302857674183586667e+00
-4.861286784125181448e+00 -4.302755474216622744e+00
-4.861266694880820971e+00 -4.302653275831369584e+00
-4.861246615858463294e+00 -4.302551079027305825e+00
-4.861226547050585545e+00 -4.302448883803919877e+00
-4.861206488449652419e+00 -4.302346690160692155e+00
-4.861186440048149926e+00 -4.302244498097105740e+00
-4.861166401838568518e+00 -4.302142307612645489e+00
-4.861146373813403088e+00 -4.302040118706792704e+00
-4.861126355965154744e+00 -4.301937931379040236e+00
-4.861106348286336143e+00 -4.301835745628864061e+00
-4.861086350769466158e+00 -4.301733561455750809e+00
-4.861066363407067215e+00 -4.301631378859179122e+00
-4.861046386191671509e+00 -4.301529197838648066e+00
-4.861026419115815678e+00 -4.301427018393636281e+00
-4.861006462172043463e+00 -4.301324840523626847e+00
-4.860986515352913706e+00 -4.301222664228103731e+00
-4.860966578650986136e+00 -4.301120489506559785e+00
-4.860946652058816042e+00 -4.301018316358473648e+00
-4.860926735568984469e+00 -4.300916144783340833e+00
-4.860906829174076904e+00 -4.300813974780639981e+00
-4.860886932866667287e+00 -4.300711806349857724e+00
-4.860867046639359756e+00 -4.300609639490488689e+00
-4.860847170484757562e+00 -4.300507474202013292e+00
-4.860827304395454185e+00 -4.300405310483923493e+00
-4.860807448364084848e+00 -4.300303148335704151e+00
-4.860787602383257244e+00 -4.300200987756846338e+00
-4.860767766445604821e+00 -4.300098828746832247e+00
-4.860747940543763690e+00 -4.299996671305157392e+00
-4.860728124670376182e+00 -4.299894515431303077e+00
-4.860708318818092621e+00 -4.299792361124765705e+00
-4.860688522979562443e+00 -4.299690208385030132e+00
-4.860668737147458174e+00 -4.299588057211587433e+00
-4.860648961314447014e+00 -4.299485907603920687e+00
-4.860629195473201491e+00 -4.299383759561534291e+00
-4.860628903456687411e+00 -4.299269155592760683e+00
-4.860628611572511915e+00 -4.299154556272921646e+00
-4.860628319820587073e+00 -4.299039961600798598e+00
-4.860628028200818740e+00 -4.298925371575177401e+00
-4.860627736713110103e+00 -4.298810786194849243e+00
-4.860627445357367904e+00 -4.298696205458604425e+00
-4.860627154133498884e+00 -4.298581629365225254e+00
-4.860626863041405343e+00 -4.298467057913509137e+00
-4.860626572081000241e+00 -4.298352491102241935e+00
-4.860626281252174330e+00 -4.298237928930210394e+00
-4.860625990554847675e+00 -4.298123371396211034e+00
-4.860625699988919024e+00 -4.298008818499025274e+00
-4.860625409554305776e+00 -4.297894270237454073e+00
-4.860625119250902237e+00 -4.297779726610278850e+00
-4.860624829078605380e+00 -4.297665187616290794e+00
-4.860624539037346814e+00 -4.297550653254284647e+00
-4.860624249127021734e+00 -4.297436123523054263e+00
-4.860623959347529777e+00 -4.297321598421387279e+00
-4.860623669698783011e+00 -4.297207077948072218e+00
-4.860623380180690845e+00 -4.297092562101905600e+00
-4.860623090793155576e+00 -4.296978050881677724e+00
-4.860622801536083948e+00 -4.296863544286181558e+00
-4.860622512409382701e+00 -4.296749042314210953e+00
-4.860622223412972787e+00 -4.296634544964554436e+00
-4.860621934546738743e+00 -4.296520052236007636e+00
-4.860621645810600633e+00 -4.296405564127366183e+00
-4.860621357204466086e+00 -4.296291080637421267e+00
-4.860621068728237404e+00 -4.296176601764964964e+00
-4.860620780381827544e+00 -4.296062127508791129e+00
-4.860620492165138806e+00 -4.295947657867698943e+00
-4.860620204078085926e+00 -4.295833192840477821e+00
-4.860619916120570316e+00 -4.295718732425922504e+00
-4.860619628292502270e+00 -4.295604276622830398e+00
-4.860619340593790305e+00 -4.295489825429995356e+00
-4.860619053024337610e+00 -4.295375378846210346e+00
-4.860618765584061585e+00 -4.295260936870272772e+00
-4.860618478272863641e+00 -4.295146499500979154e+00
-4.860618191090656737e+00 -4.295032066737124232e+00
-4.860617904037341397e+00 -4.294917638577504526e+00
-4.860617617112835909e+00 -4.294803215020915665e+00
-4.860617330317041684e+00 -4.294688796066158609e+00
-4.860617043649869906e+00 -4.294574381712020106e+00
-4.860616757111226427e+00 -4.294459971957308220e+00
-4.860616470701029534e+00 -4.294345566800811476e+00
-4.860616184419176200e+00 -4.294231166241335274e+00
-4.860615898265584711e+00 -4.294116770277672579e+00
-4.860615612240160921e+00 -4.294002378908620798e+00
-4.860615326342810683e+00 -4.293887992132980003e+00
-4.860615040573453172e+00 -4.293773609949547598e+00
-4.860614754931982695e+00 -4.293659232357122768e+00
