-1.730868668313642278e+00 7.303982502298581592e-01
-1.731579668969845942e+00 7.303982502298581592e-01
-1.732301873023173178e+00 7.303982502298577151e-01
-1.733035542170165977e+00 7.303982502298581592e-01
-1.733780946152642999e+00 7.303982502298578261e-01
-1.734538363062335442e+00 7.303982502298576041e-01
-1.735308079659128255e+00 7.303982502298576041e-01
-1.736090391703604130e+00 7.303982502298581592e-01
-1.736885604304614805e+00 7.303982502298581592e-01
-1.737694032282667500e+00 7.303982502298578261e-01
-1.738516000549929830e+00 7.303982502298578261e-01
-1.739351844507737166e+00 7.303982502298580481e-01
-1.740201910462512380e+00 7.303982502298577151e-01
-1.741066556061060755e+00 7.303982502298581592e-01
-1.741946150746281230e+00 7.303982502298576041e-01
-1.742841076234376452e+00 7.303982502298576041e-01
-1.743751727014703379e+00 7.303982502298578261e-01
-1.744678510873496124e+00 7.303982502298577151e-01
-1.745621849442751339e+00 7.303982502298577151e-01
-1.746582178775630600e+00 7.303982502298578261e-01
-1.747559949949852642e+00 7.303982502298577151e-01
-1.748555629700592418e+00 7.303982502298578261e-01
-1.749569701084527251e+00 7.303982502298581592e-01
-1.750602664176754031e+00 7.303982502298577151e-01
-1.751655036802412857e+00 7.303982502298581592e-01
-1.752727355304960266e+00 7.303982502298581592e-01
-1.753820175353151489e+00 7.303982502298581592e-01
-1.754934072788922439e+00 7.303982502298577151e-01
-1.756069644518499562e+00 7.303982502298576041e-01
-1.757227509449182268e+00 7.303982502298582702e-01
-1.758408309474444264e+00 7.303982502298582702e-01
-1.759612710510099598e+00 7.303982502298576041e-01
-1.760841403584505249e+00 7.303982502298578261e-01
-1.762095105985913568e+00 7.303982502298579371e-01
-1.763374562470309881e+00 7.303982502298576041e-01
-1.764680546533249350e+00 7.303982502298576041e-01
-1.766013861749453184e+00 7.303982502298576041e-01
-1.767375343184124592e+00 7.303982502298578261e-01
-1.768765858880215758e+00 7.303982502298577151e-01
-1.770186311426117820e+00 7.303982502298581592e-01
-1.771637639608531378e+00 7.303982502298576041e-01
-1.773120820155555055e+00 7.303982502298576041e-01
-1.774636869575347387e+00 7.303982502298577151e-01
-1.776186846096020178e+00 7.303982502298579371e-01
-1.777771851712795392e+00 7.303982502298572710e-01
-1.779393034348772940e+00 7.303982502298581592e-01
-1.781051590136066842e+00 7.303982502298576041e-01
-1.782748765824448078e+00 7.303982502298576041e-01
-1.784485861325034506e+00 7.303982502298578261e-01
-1.786264232397018814e+00 7.303982502298577151e-01
-1.786264232397018814e+00 6.999568844400636536e-01
-1.786264232397018814e+00 6.695155186502694811e-01
-1.786264232397018592e+00 6.390741528604749755e-01
-1.786264232397018592e+00 6.086327870706810250e-01
-1.786264232397019036e+00 5.781914212808869635e-01
-1.786264232397019036e+00 5.477500554910927910e-01
-1.786264232397018592e+00 5.173086897012980634e-01
-1.786264232397018814e+00 4.868673239115041129e-01
-1.786264232397018814e+00 4.564259581217098849e-01
-1.786264232397018592e+00 4.259845923319157124e-01
-1.786264232397018814e+00 3.955432265421213733e-01
-1.786264232397018814e+00 3.651018607523272008e-01
-1.786264232397018814e+00 3.346604949625330283e-01
-1.786264232397019036e+00 3.042191291727387448e-01
-1.786264232397018592e+00 2.737777633829445723e-01
-1.786264232397018814e+00 2.433363975931500667e-01
-1.786264232397018814e+00 2.128950318033559774e-01
-1.786264232397018814e+00 1.824536660135615829e-01
-1.786264232397018814e+00 1.520123002237674936e-01
-1.786264232397018592e+00 1.215709344339732656e-01
-1.786264232397018592e+00 9.112956864417884328e-02
-1.786264232397018592e+00 6.068820285438465689e-02
-1.786264232397019036e+00 3.024683706459052601e-02
-1.786264232397018814e+00 -1.945287252036921469e-04
-1.786264232397018592e+00 -3.063589451499793351e-02
-1.786264232397018814e+00 -6.107726030479222051e-02
-1.786264232397018592e+00 -9.151862609458642772e-02
-1.786264232397019036e+00 -1.219599918843806141e-01
-1.786264232397019036e+00 -1.524013576741749532e-01
-1.786264232397018592e+00 -1.828427234639691257e-01
-1.786264232397019036e+00 -2.132840892537635480e-01
-1.786264232397018592e+00 -2.437254550435576095e-01
-1.786264232397018814e+00 -2.741668208333518097e-01
-1.786264232397018592e+00 -3.046081866231462043e-01
-1.786264232397019036e+00 -3.350495524129403768e-01
-1.786264232397019036e+00 -3.654909182027349934e-01
-1.786264232397018814e+00 -3.959322839925293325e-01
-1.786264232397019036e+00 -4.263736497823233385e-01
-1.786264232397018592e+00 -4.568150155721175665e-01
-1.786264232397018592e+00 -4.872563813619116835e-01
-1.786264232397018592e+00 -5.176977471517060225e-01
-1.786264232397018592e+00 -5.481391129415001950e-01
-1.786264232397018592e+00 -5.785804787312943676e-01
-1.786264232397019036e+00 -6.090218445210885401e-01
-1.786264232397018814e+00 -6.394632103108827126e-01
-1.786264232397018592e+00 -6.699045761006772182e-01
-1.786264232397018592e+00 -7.003459418904719458e-01
-1.786264232397018592e+00 -7.307873076802661183e-01
-1.786264232397018814e+00 -7.612286734700596247e-01
-1.786264232397019036e+00 -7.916700392598539082e-01
-1.786264232397018814e+00 -7.916700392598543523e-01
-1.786264232397018814e+00 -7.916700392598542413e-01
-1.786264232397018592e+00 -7.916700392598540192e-01
-1.786264232397018592e+00 -7.916700392598540192e-01
-1.786264232397018592e+00 -7.916700392598540192e-01
-1.786264232397018814e+00 -7.916700392598540192e-01
-1.786264232397019036e+00 -7.916700392598544633e-01
-1.786264232397018592e+00 -7.916700392598541303e-01
-1.786264232397019036e+00 -7.916700392598540192e-01
-1.786264232397019036e+00 -7.916700392598540192e-01
-1.786264232397018814e+00 -7.916700392598542413e-01
-1.786264232397018592e+00 -7.916700392598541303e-01
-1.786264232397018814e+00 -7.916700392598542413e-01
-1.786264232397018814e+00 -7.916700392598539082e-01
-1.786264232397019036e+00 -7.916700392598540192e-01
-1.786264232397019036e+00 -7.916700392598543523e-01
-1.786264232397018814e+00 -7.916700392598540192e-01
-1.786264232397018814e+00 -7.916700392598545744e-01
-1.786264232397018814e+00 -7.916700392598540192e-01
-1.786264232397018814e+00 -7.916700392598542413e-01
-1.786264232397018814e+00 -7.916700392598540192e-01
-1.786264232397018814e+00 -7.916700392598545744e-01
-1.786264232397018814e+00 -7.916700392598540192e-01
-1.786264232397018592e+00 -7.916700392598546854e-01
-1.786264232397018814e+00 -7.916700392598545744e-01
-1.786264232397018814e+00 -7.916700392598540192e-01
-1.786264232397018814e+00 -7.916700392598543523e-01
-1.786264232397018814e+00 -7.916700392598540192e-01
-1.786264232397019036e+00 -7.916700392598543523e-01
-1.786264232397018592e+00 -7.916700392598543523e-01
-1.786264232397018814e+00 -7.916700392598540192e-01
-1.786264232397018592e+00 -7.916700392598543523e-01
-1.786264232397018814e+00 -7.916700392598545744e-01
-1.786264232397018814e+00 -7.916700392598540192e-01
-1.786264232397018814e+00 -7.916700392598540192e-01
-1.786264232397018814e+00 -7.916700392598540192e-01
-1.786264232397018592e+00 -7.916700392598540192e-01
-1.786264232397018814e+00 -7.916700392598543523e-01
-1.786264232397018814e+00 -7.916700392598542413e-01
-1.786264232397018814e+00 -7.916700392598543523e-01
-1.786264232397018814e+00 -7.916700392598540192e-01
-1.786264232397018814e+00 -7.916700392598541303e-01
-1.786264232397018814e+00 -7.916700392598542413e-01
-1.786264232397018592e+00 -7.916700392598539082e-01
-1.786264232397018814e+00 -7.916700392598541303e-01
-1.786264232397019036e+00 -7.916700392598543523e-01
-1.786264232397018814e+00 -7.916700392598540192e-01
-1.786264232397018814e+00 -7.916700392598539082e-01
-1.786264232397019036e+00 -7.916700392598545744e-01
-1.786264232397018814e+00 -7.916700392598540192e-01
-1.800452290188008009e+00 -7.916700392598539082e-01
-1.814646606646443061e+00 -7.916700392598544633e-01
-1.828847101080744553e+00 -7.916700392598545744e-01
-1.843053694108598650e+00 -7.916700392598543523e-01
-1.857266307632109426e+00 -7.916700392598540192e-01
-1.871484864813479643e+00 -7.916700392598540192e-01
-1.885709290051190035e+00 -7.916700392598541303e-01
-1.899939508956686840e+00 -7.916700392598540192e-01
-1.914175448331549845e+00 -7.916700392598543523e-01
-1.928417036145140706e+00 -7.916700392598541303e-01
-1.942664201512717570e+00 -7.916700392598543523e-01
-1.956916874674001550e+00 -7.916700392598541303e-01
-1.971174986972195065e+00 -7.916700392598543523e-01
-1.985438470833432945e+00 -7.916700392598540192e-01
-1.999707259746660082e+00 -7.916700392598541303e-01
-2.013981288243930745e+00 -7.916700392598540192e-01
-2.028260491881107797e+00 -7.916700392598540192e-01
-2.042544807218970249e+00 -7.916700392598540192e-01
-2.056834171804707623e+00 -7.916700392598540192e-01
-2.071128524153791783e+00 -7.916700392598540192e-01
-2.085427803732229357e+00 -7.916700392598547964e-01
-2.099731950939177860e+00 -7.916700392598546854e-01
-2.114040907089912658e+00 -7.916700392598541303e-01
-2.128354614399154077e+00 -7.916700392598541303e-01
-2.142673015964724925e+00 -7.916700392598540192e-01
-2.156996055751552177e+00 -7.916700392598540192e-01
-2.171323678575987959e+00 -7.916700392598539082e-01
-2.185655830090457830e+00 -7.916700392598546854e-01
-2.199992456768407489e+00 -7.916700392598540192e-01
-2.214333505889577669e+00 -7.916700392598540192e-01
-2.228678925525555687e+00 -7.916700392598540192e-01
-2.243028664525632543e+00 -7.916700392598541303e-01
-2.257382672502944221e+00 -7.916700392598541303e-01
-2.271740899820888338e+00 -7.916700392598540192e-01
-2.286103297579820115e+00 -7.916700392598544633e-01
-2.300469817604009926e+00 -7.916700392598540192e-01
-2.314840412428871730e+00 -7.916700392598542413e-01
-2.329215035288435764e+00 -7.916700392598541303e-01
-2.343593640103082798e+00 -7.916700392598542413e-01
-2.357976181467516419e+00 -7.916700392598540192e-01
-2.372362614638978684e+00 -7.916700392598541303e-01
-2.386752895525697582e+00 -7.916700392598541303e-01
-2.401146980675565867e+00 -7.916700392598546854e-01
-2.415544827265044603e+00 -7.916700392598552405e-01
-2.429946393088283862e+00 -7.916700392598542413e-01
-2.444351636546462370e+00 -7.916700392598541303e-01
-2.458760516637329196e+00 -7.916700392598547964e-01
-2.473172992944965731e+00 -7.916700392598542413e-01
-2.487589025629727058e+00 -7.916700392598547964e-01
-2.502008575418405822e+00 -7.916700392598545744e-01
