-1.821865679279329964e+00 -8.213485280835564062e-01
-1.823030260120526824e+00 -8.213485280835564062e-01
-1.824205516761304935e+00 -8.213485280835564062e-01
-1.825391577277434063e+00 -8.213485280835568503e-01
-1.826588571441265518e+00 -8.213485280835564062e-01
-1.827796630741376216e+00 -8.213485280835568503e-01
-1.829015888402224066e+00 -8.213485280835564062e-01
-1.830246479403798698e+00 -8.213485280835564062e-01
-1.831488540501258644e+00 -8.213485280835562952e-01
-1.832742210244533876e+00 -8.213485280835564062e-01
-1.834007628997890382e+00 -8.213485280835564062e-01
-1.835284938959428791e+00 -8.213485280835564062e-01
-1.836574284180508831e+00 -8.213485280835564062e-01
-1.837875810585080094e+00 -8.213485280835568503e-01
-1.839189665988902211e+00 -8.213485280835564062e-01
-1.840516000118634476e+00 -8.213485280835568503e-01
-1.841854964630776470e+00 -8.213485280835564062e-01
-1.843206713130438823e+00 -8.213485280835564062e-01
-1.844571401189923687e+00 -8.213485280835565172e-01
-1.845949186367089823e+00 -8.213485280835565172e-01
-1.847340228223484537e+00 -8.213485280835564062e-01
-1.848744688342212505e+00 -8.213485280835564062e-01
-1.850162730345517703e+00 -8.213485280835564062e-01
-1.851594519912056480e+00 -8.213485280835564062e-01
-1.853040224793829349e+00 -8.213485280835564062e-01
-1.854500014832742405e+00 -8.213485280835565172e-01
-1.855974061976776612e+00 -8.213485280835564062e-01
-1.857462540295722775e+00 -8.213485280835564062e-01
-1.858965625996462201e+00 -8.213485280835564062e-01
-1.860483497437747991e+00 -8.213485280835564062e-01
-1.862016335144464518e+00 -8.213485280835564062e-01
-1.863564321821322256e+00 -8.213485280835564062e-01
-1.865127642365949079e+00 -8.213485280835564062e-01
-1.866706483881350964e+00 -8.213485280835564062e-01
-1.868301035687689016e+00 -8.213485280835564062e-01
-1.869911489333343280e+00 -8.213485280835565172e-01
-1.871538038605215615e+00 -8.213485280835564062e-01
-1.873180879538228982e+00 -8.213485280835564062e-01
-1.874840210423980746e+00 -8.213485280835564062e-01
-1.876516231818503355e+00 -8.213485280835564062e-01
-1.878209146549081554e+00 -8.213485280835564062e-01
-1.879919159720086830e+00 -8.213485280835564062e-01
-1.881646478717763582e+00 -8.213485280835564062e-01
-1.883391313213935714e+00 -8.213485280835568503e-01
-1.885153875168561921e+00 -8.213485280835564062e-01
-1.886934378831100823e+00 -8.213485280835569613e-01
-1.888733040740617763e+00 -8.213485280835564062e-01
-1.890550079724591104e+00 -8.213485280835565172e-01
-1.892385716896346048e+00 -8.213485280835564062e-01
-1.894240175651065616e+00 -8.213485280835564062e-01
-1.894240175651065616e+00 -8.298933783378040774e-01
-1.894240175651065616e+00 -8.384382285920517486e-01
-1.894240175651065616e+00 -8.469830788462989757e-01
-1.894240175651065616e+00 -8.555279291005466469e-01
-1.894240175651065394e+00 -8.640727793547942071e-01
-1.894240175651065616e+00 -8.726176296090416562e-01
-1.894240175651065616e+00 -8.811624798632889943e-01
-1.894240175651065616e+00 -8.897073301175367765e-01
-1.894240175651065616e+00 -8.982521803717840037e-01
-1.894240175651065616e+00 -9.067970306260317859e-01
-1.894240175651065616e+00 -9.153418808802792350e-01
-1.894240175651065616e+00 -9.238867311345263511e-01
-1.894240175651065616e+00 -9.324315813887746884e-01
-1.894240175651065616e+00 -9.409764316430218045e-01
-1.894240175651065616e+00 -9.495212818972692537e-01
-1.894240175651065616e+00 -9.580661321515164808e-01
-1.894240175651065616e+00 -9.666109824057640409e-01
-1.894240175651065616e+00 -9.751558326600114901e-01
-1.894240175651065616e+00 -9.837006829142597164e-01
-1.894240175651065394e+00 -9.922455331685070545e-01
-1.894240175651065616e+00 -1.000790383422754504e+00
-1.894240175651065394e+00 -1.009335233677002064e+00
-1.894240175651065616e+00 -1.017880083931248958e+00
-1.894240175651065616e+00 -1.026424934185496518e+00
-1.894240175651065616e+00 -1.034969784439744300e+00
-1.894240175651065616e+00 -1.043514634693991638e+00
-1.894240175651065616e+00 -1.052059484948239421e+00
-1.894240175651065616e+00 -1.060604335202487203e+00
-1.894240175651065394e+00 -1.069149185456734097e+00
-1.894240175651065616e+00 -1.077694035710982101e+00
-1.894240175651065616e+00 -1.086238885965228995e+00
-1.894240175651065616e+00 -1.094783736219477221e+00
-1.894240175651065616e+00 -1.103328586473724338e+00
-1.894240175651065616e+00 -1.111873436727971676e+00
-1.894240175651065616e+00 -1.120418286982219458e+00
-1.894240175651065616e+00 -1.128963137236466796e+00
-1.894240175651065616e+00 -1.137507987490714134e+00
-1.894240175651065616e+00 -1.146052837744962805e+00
-1.894240175651065616e+00 -1.154597687999209699e+00
-1.894240175651065616e+00 -1.163142538253456593e+00
-1.894240175651065616e+00 -1.171687388507705041e+00
-1.894240175651065394e+00 -1.180232238761951935e+00
-1.894240175651065616e+00 -1.188777089016199495e+00
-1.894240175651065616e+00 -1.197321939270447055e+00
-1.894240175651065616e+00 -1.205866789524694838e+00
-1.894240175651065616e+00 -1.214411639778941954e+00
-1.894240175651065616e+00 -1.222956490033190180e+00
-1.894240175651065616e+00 -1.231501340287436852e+00
-1.894240175651065616e+00 -1.240046190541684634e+00
-1.894240175651065394e+00 -1.248591040795932638e+00
-1.893182124840179004e+00 -1.248591040795931972e+00
-1.892124380154825314e+00 -1.248591040795931750e+00
-1.891066942056968792e+00 -1.248591040795933083e+00
-1.890009811009157215e+00 -1.248591040795931750e+00
-1.888952987474522560e+00 -1.248591040795931750e+00
-1.887896471916779229e+00 -1.248591040795931750e+00
-1.886840264800226041e+00 -1.248591040795932194e+00
-1.885784366589743355e+00 -1.248591040795931750e+00
-1.884728777750795281e+00 -1.248591040795931972e+00
-1.883673498749427244e+00 -1.248591040795931972e+00
-1.882618530052267314e+00 -1.248591040795931972e+00
-1.881563872126524650e+00 -1.248591040795931972e+00
-1.880509525439990615e+00 -1.248591040795933305e+00
-1.879455490461035883e+00 -1.248591040795931972e+00
-1.878401767658612886e+00 -1.248591040795931972e+00
-1.877348357502254927e+00 -1.248591040795931750e+00
-1.876295260462073955e+00 -1.248591040795932861e+00
-1.875242477008761455e+00 -1.248591040795931972e+00
-1.874190007613589559e+00 -1.248591040795931750e+00
-1.873137852748408161e+00 -1.248591040795931972e+00
-1.872086012885644690e+00 -1.248591040795931750e+00
-1.871034488498306558e+00 -1.248591040795931750e+00
-1.869983280059978492e+00 -1.248591040795931750e+00
-1.868932388044820314e+00 -1.248591040795931750e+00
-1.867881812927571605e+00 -1.248591040795932861e+00
-1.866831555183545710e+00 -1.248591040795931972e+00
-1.865781615288634177e+00 -1.248591040795932194e+00
-1.864731993719303205e+00 -1.248591040795931972e+00
-1.863682690952592758e+00 -1.248591040795931750e+00
-1.862633707466119670e+00 -1.248591040795932194e+00
-1.861585043738074319e+00 -1.248591040795931750e+00
-1.860536700247219066e+00 -1.248591040795931750e+00
-1.859488677472892482e+00 -1.248591040795932194e+00
-1.858440975895003788e+00 -1.248591040795931750e+00
-1.857393595994034419e+00 -1.248591040795932416e+00
-1.856346538251039124e+00 -1.248591040795932638e+00
-1.855299803147642645e+00 -1.248591040795932416e+00
-1.854253391166040821e+00 -1.248591040795931972e+00
-1.853207302788999922e+00 -1.248591040795931750e+00
-1.852161538499856430e+00 -1.248591040795932194e+00
-1.851116098782513930e+00 -1.248591040795931750e+00
-1.850070984121447770e+00 -1.248591040795931750e+00
-1.849026195001698847e+00 -1.248591040795932194e+00
-1.847981731908876712e+00 -1.248591040795932194e+00
-1.846937595329157800e+00 -1.248591040795932194e+00
-1.845893785749284977e+00 -1.248591040795931972e+00
-1.844850303656566215e+00 -1.248591040795931972e+00
-1.843807149538875034e+00 -1.248591040795931972e+00
-1.842764323884650945e+00 -1.248591040795931750e+00
-1.841721827182895233e+00 -1.248591040795931972e+00
-1.841721827182895233e+00 -1.248591040795931972e+00
-1.841721827182895677e+00 -1.248591040795931972e+00
-1.841721827182895677e+00 -1.248591040795933083e+00
-1.841721827182895455e+00 -1.248591040795931750e+00
-1.841721827182895677e+00 -1.248591040795931750e+00
-1.841721827182895233e+00 -1.248591040795931972e+00
-1.841721827182895233e+00 -1.248591040795931750e+00
-1.841721827182895677e+00 -1.248591040795931528e+00
-1.841721827182895233e+00 -1.248591040795931750e+00
-1.841721827182895233e+00 -1.248591040795932194e+00
-1.841721827182895233e+00 -1.248591040795932194e+00
-1.841721827182895455e+00 -1.248591040795931972e+00
-1.841721827182895233e+00 -1.248591040795932194e+00
-1.841721827182895233e+00 -1.248591040795931750e+00
-1.841721827182895233e+00 -1.248591040795932194e+00
-1.841721827182895677e+00 -1.248591040795932194e+00
-1.841721827182895233e+00 -1.248591040795932194e+00
-1.841721827182895233e+00 -1.248591040795932194e+00
-1.841721827182895233e+00 -1.248591040795931750e+00
-1.841721827182895233e+00 -1.248591040795931528e+00
-1.841721827182895233e+00 -1.248591040795931972e+00
-1.841721827182895677e+00 -1.248591040795931972e+00
-1.841721827182895677e+00 -1.248591040795931972e+00
-1.841721827182895233e+00 -1.248591040795932416e+00
-1.841721827182895233e+00 -1.248591040795932638e+00
-1.841721827182895233e+00 -1.248591040795933083e+00
-1.841721827182895233e+00 -1.248591040795933083e+00
-1.841721827182895233e+00 -1.248591040795931750e+00
-1.841721827182895233e+00 -1.248591040795931972e+00
-1.841721827182895677e+00 -1.248591040795931750e+00
-1.841721827182895455e+00 -1.248591040795931972e+00
-1.841721827182895233e+00 -1.248591040795931750e+00
-1.841721827182895233e+00 -1.248591040795932416e+00
-1.841721827182895233e+00 -1.248591040795931972e+00
-1.841721827182895455e+00 -1.248591040795931750e+00
-1.841721827182895233e+00 -1.248591040795931972e+00
-1.841721827182895233e+00 -1.248591040795931750e+00
-1.841721827182895233e+00 -1.248591040795931750e+00
-1.841721827182895233e+00 -1.248591040795931750e+00
-1.841721827182895677e+00 -1.248591040795931750e+00
-1.841721827182895233e+00 -1.248591040795931972e+00
-1.841721827182895677e+00 -1.248591040795931750e+00
-1.841721827182895233e+00 -1.248591040795931750e+00
-1.841721827182895455e+00 -1.248591040795931750e+00
-1.841721827182895677e+00 -1.248591040795931972e+00
-1.841721827182895677e+00 -1.248591040795931750e+00
-1.841721827182895233e+00 -1.248591040795932194e+00
-1.841721827182895455e+00 -1.248591040795932638e+00
-1.841721827182895233e+00 -1.248591040795931972e+00
-1.841721827182895233e+00 -1.248591040795931972e+00
