-6.278352950914839470e-01 -4.740569406636384597e-01
-6.256072725538626145e-01 -4.729522371741338715e-01
-6.234488614554473118e-01 -4.718754161196028196e-01
-6.213582860688031673e-01 -4.708259226332597303e-01
-6.193337361560833365e-01 -4.698031925039267698e-01
-6.173733766737863338e-01 -4.688066540208628008e-01
-6.154753569654782819e-01 -4.678357298120081609e-01
-6.136378193702812789e-01 -4.668898386059252559e-01
-6.118589071937442503e-01 -4.659683969034956741e-01
-6.101367720054728938e-01 -4.650708205525155847e-01
-6.084695802441680845e-01 -4.641965262208646581e-01
-6.068555191252346104e-01 -4.633449327656409267e-01
-6.052928018586754000e-01 -4.625154624970509998e-01
-6.037796721955139834e-01 -4.617075423370856635e-01
-6.023144083295424167e-01 -4.609206048740676076e-01
-6.008953261878319241e-01 -4.601540893151148670e-01
-5.995207821483194977e-01 -4.594074423393199047e-01
-5.981891752260821704e-01 -4.586801188551281605e-01
-5.968989487718237008e-01 -4.579715826659166988e-01
-5.956485917268317110e-01 -4.572813070481905884e-01
-5.944366394783944241e-01 -4.566087752471161276e-01
-5.932616743586460739e-01 -4.559534808943298545e-01
-5.921223258281148594e-01 -4.553149283530706359e-01
-5.910172703831736429e-01 -4.546926329957434731e-01
-5.899452312240984764e-01 -4.540861214189917949e-01
-5.889049777178513301e-01 -4.534949316012932274e-01
-5.878953246869148552e-01 -4.529186130079688732e-01
-5.869151315527347812e-01 -4.523567266483332072e-01
-5.859633013596114992e-01 -4.518088450895428321e-01
-5.850387797021937564e-01 -4.512745524314695222e-01
-5.841405535772115076e-01 -4.507534442467193148e-01
-5.832676501776975497e-01 -4.502451274896690503e-01
-5.824191356457152358e-01 -4.497492203781584541e-01
-5.815941137975405573e-01 -4.492653522512218833e-01
-5.807917248333990257e-01 -4.487931634060166597e-01
-5.800111440421152897e-01 -4.483323049168468355e-01
-5.792515805094845538e-01 -4.478824384389666902e-01
-5.785122758378389296e-01 -4.474432359996113884e-01
-5.777925028829820064e-01 -4.470143797784937867e-01
-5.770915645136295291e-01 -4.465955618798016502e-01
-5.764087923974929861e-01 -4.461864840975333646e-01
-5.757435458173264520e-01 -4.457868576758285406e-01
-5.750952105194967467e-01 -4.453964030657834861e-01
-5.744631975970271309e-01 -4.450148496800810927e-01
-5.738469424084857717e-01 -4.446419356466093653e-01
-5.732459035336511244e-01 -4.442774075621274132e-01
-5.726595617664682614e-01 -4.439210202468789057e-01
-5.720874191454563551e-01 -4.435725365009807741e-01
-5.715289980214904864e-01 -4.432317268632683938e-01
-5.709838401625982884e-01 -4.428983693732104765e-01
-5.699032289357414127e-01 -4.425608514314708919e-01
-5.688651174075938233e-01 -4.422308617271840658e-01
-5.678672532564768005e-01 -4.419081773731257656e-01
-5.669075164653963883e-01 -4.415925833916526932e-01
-5.659839125648418179e-01 -4.412838721105464268e-01
-5.650945658855525133e-01 -4.409818429043183552e-01
-5.642377129075346609e-01 -4.406863019488099775e-01
-5.634116957709157658e-01 -4.403970619833952327e-01
-5.626149559970374803e-01 -4.401139420801435942e-01
-5.618460284541049177e-01 -4.398367674198369603e-01
-5.611035355903153388e-01 -4.395653690747989839e-01
-5.603861819482141016e-01 -4.392995837985039786e-01
-5.596927489668355182e-01 -4.390392538219064500e-01
-5.590220900725230146e-01 -4.387842266564196403e-01
-5.583731260550237607e-01 -4.385343549034488309e-01
-5.577448407221967663e-01 -4.382894960703685450e-01
-5.571362768243440788e-01 -4.380495123928292434e-01
-5.565465322374683055e-01 -4.378142706632516257e-01
-5.559747563937174064e-01 -4.375836420653755887e-01
-5.554201469465783747e-01 -4.373575020147077441e-01
-5.548819466581098592e-01 -4.371357300047227779e-01
-5.543594404954312882e-01 -4.369182094586498977e-01
-5.538519529238793426e-01 -4.367048275866914908e-01
-5.533588453845196264e-01 -4.364954752485125100e-01
-5.528795139441469164e-01 -4.362900468208317228e-01
-5.524133871063666712e-01 -4.360884400699567842e-01
-5.519599237729293506e-01 -4.358905560291031489e-01
-5.515186113450184502e-01 -4.356962988803310677e-01
-5.510889639547886798e-01 -4.355055758409503430e-01
-5.506705208180412425e-01 -4.353182970542312513e-01
-5.502628446994622946e-01 -4.351343754842728062e-01
-5.498655204824342002e-01 -4.349537268148774838e-01
-5.494781538359490014e-01 -4.347762693522888022e-01
-5.491003699716631159e-01 -4.346019239316457061e-01
-5.487318124846212175e-01 -4.344306138270211393e-01
-5.483721422716394400e-01 -4.342622646649045848e-01
-5.480210365217521584e-01 -4.340968043409987320e-01
-5.476781877735653614e-01 -4.339341629402112543e-01
-5.473433030346914752e-01 -4.337742726597050846e-01
-5.470161029588415103e-01 -4.336170677349033831e-01
-5.466963210764470560e-01 -4.334624843683241857e-01
-5.463837030749998380e-01 -4.333104606611378751e-01
-5.460780061255881002e-01 -4.331609365473402251e-01
-5.457789982523599814e-01 -4.330138537304383806e-01
-5.454864577418983007e-01 -4.328691556225494619e-01
-5.452001725897049900e-01 -4.327267872858181486e-01
-5.449199399812191258e-01 -4.325866953760569844e-01
-5.446455658049615955e-01 -4.324488280885261937e-01
-5.443768641956062693e-01 -4.323131351057632465e-01
-5.441136571049101089e-01 -4.321795675828276062e-01
-5.408692417144430609e-01 -4.305631501955254348e-01
-5.376796719068752672e-01 -4.289739438248773573e-01
-5.345448630339793006e-01 -4.274119010011431796e-01
-5.314646867303111089e-01 -4.258769522811128860e-01
-5.284389712819950180e-01 -4.243690064933400841e-01
-5.254675021712343908e-01 -4.228879511046206296e-01
-5.225500227922302843e-01 -4.214336526688589046e-01
-5.196862353325679695e-01 -4.200059573541642388e-01
-5.168758018125997333e-01 -4.186046915434000759e-01
-5.141183452739394033e-01 -4.172296625028091843e-01
-5.114134511069228228e-01 -4.158806591128654251e-01
-5.087606685057388667e-01 -4.145574526550916961e-01
-5.061595120390562919e-01 -4.132597976482786373e-01
-5.036094633231549267e-01 -4.119874327273330694e-01
-5.011099727840495621e-01 -4.107400815578410302e-01
-4.986604614947163228e-01 -4.095174537794308289e-01
-4.962603230733444448e-01 -4.083192459710531241e-01
-4.939089256285584262e-01 -4.071451426314356414e-01
-4.916056137377409208e-01 -4.059948171681878049e-01
-4.893497104449345270e-01 -4.048679328892899609e-01
-4.871405192652789040e-01 -4.037641439910408248e-01
-4.849773261836117788e-01 -4.026830965369111448e-01
-4.828594016355461926e-01 -4.016244294221621436e-01
-4.807860024602104709e-01 -4.005877753195382085e-01
-4.787563738147164738e-01 -3.995727616017969996e-01
-4.767697510413849149e-01 -3.985790112373250871e-01
-4.748253614797433575e-01 -3.976061436555566320e-01
-4.729224262163195247e-01 -3.966537755793926312e-01
-4.710601617662494300e-01 -3.957215218222823183e-01
-4.692377816817151492e-01 -3.948089960480747895e-01
-4.674544980831845664e-01 -3.939158114921865184e-01
-4.657095231103399180e-01 -3.930415816430234410e-01
-4.640020702904643635e-01 -3.921859208829893140e-01
-4.623313558228631104e-01 -3.913484450887553256e-01
-4.606965997786452993e-01 -3.905287721907802490e-01
-4.590970272159048404e-01 -3.897265226923772308e-01
-4.575318692109249241e-01 -3.889413201488556848e-01
-4.560003638066187914e-01 -3.881727916075200513e-01
-4.545017568798800922e-01 -3.874205680094791604e-01
-4.530353029299598044e-01 -3.866842845544070095e-01
-4.516002657903087636e-01 -3.859635810295193314e-01
-4.501959192666670773e-01 -3.852581021041585063e-01
-4.488215477043706048e-01 -3.845674975914556981e-01
-4.474764464880697790e-01 -3.838914226786137029e-01
-4.461599224771720107e-01 -3.832295381274002932e-01
-4.448712943804097875e-01 -3.825815104464662109e-01
-4.436098930730054679e-01 -3.819470120371171173e-01
-4.423750618599035511e-01 -3.813257213141676982e-01
-4.411661566885311525e-01 -3.807173228034854695e-01
-4.399825463145169979e-01 -3.801215072178089072e-01
-4.388066620422181319e-01 -3.795337950909134506e-01
-4.376549924357153176e-01 -3.789582378951556474e-01
-4.365269639466028417e-01 -3.783945388863471093e-01
-4.354220142843501784e-01 -3.778424078077741166e-01
-4.343395924895042115e-01 -3.773015608790521447e-01
-4.332791589781972985e-01 -3.767717207712425465e-01
-4.322401855599370402e-01 -3.762526165695239677e-01
-4.312221554306411853e-01 -3.757439837246242531e-01
-4.302245631428223693e-01 -3.752455639941640331e-01
-4.292469145547703757e-01 -3.747571053749852443e-01
-4.282887267605249293e-01 -3.742783620274853229e-01
-4.273495280023549836e-01 -3.738090941928898236e-01
-4.264288575673925719e-01 -3.733490681043569182e-01
-4.255262656699914658e-01 -3.728980558927272315e-01
-4.246413133212993407e-01 -3.724558354876780220e-01
-4.237735721874567596e-01 -3.720221905149885266e-01
-4.229226244377501942e-01 -3.715969101905591265e-01
-4.220880625839724121e-01 -3.711797892117795761e-01
-4.212694893121560202e-01 -3.707706276467963580e-01
-4.204665173077816176e-01 -3.703692308221704366e-01
-4.196787690754663624e-01 -3.699754092093840430e-01
-4.189058767540879691e-01 -3.695889783106088844e-01
-4.181474819282096633e-01 -3.692097585441066476e-01
-4.174032354366155606e-01 -3.688375751296011917e-01
-4.166727971786928220e-01 -3.684722579739244663e-01
-4.159558359193419319e-01 -3.681136415572091036e-01
-4.152520290930315494e-01 -3.677615648198639398e-01
-4.145610626075624250e-01 -3.674158710505592285e-01
-4.138826306480523076e-01 -3.670764077753975174e-01
-4.132164354816010854e-01 -3.667430266484458246e-01
-4.125621872630523268e-01 -3.664155833437731102e-01
-4.119196038422276440e-01 -3.660939374491145037e-01
-4.112884105729549544e-01 -3.657779523612762484e-01
-4.106683401241955633e-01 -3.654674951833679630e-01
-4.100591322935248084e-01 -3.651624366239410446e-01
-4.094605338231902536e-01 -3.648626508980947758e-01
-4.088722982189532118e-01 -3.645680156306041475e-01
-4.082941855718686952e-01 -3.642784117611009842e-01
-4.077259623831684388e-01 -3.639937234513496156e-01
-4.071674013923469726e-01 -3.637138379946224243e-01
-4.066182814085669284e-01 -3.634386457272015813e-01
-4.060783871454561877e-01 -3.631680399420007532e-01
-4.055475090593628762e-01 -3.629019168043121080e-01
-4.050254431911128883e-01 -3.626401752696656877e-01
-4.045119910113098016e-01 -3.623827170037901002e-01
-4.040069592691838407e-01 -3.621294463046597634e-01
-4.035101598450143157e-01 -3.618802700266018357e-01
-4.030214096061028872e-01 -3.616350975064406281e-01
-4.025405302663143114e-01 -3.613938404916549607e-01
-4.020673482491252670e-01 -3.611564130755479107e-01
-4.020673482497997275e-01 -3.639936071227471426e-01
-4.020673482505146001e-01 -3.668308011749906727e-01
-4.020673482512741592e-01 -3.696679952272413638e-01
-4.020673482520827902e-01 -3.725051892794988828e-01
-4.020673482529449894e-01 -3.753423833317636182e-01
-4.020673482538665300e-01 -3.781795773840354591e-01
-4.020673482548537958e-01 -3.810167714363146829e-01
-4.020673482559137812e-01 -3.838539654886013452e-01
-4.020673482570551460e-01 -3.866911595408957791e-01
-4.020673482582881042e-01 -3.895283535931979291e-01
-4.020673482596235915e-01 -3.923655476455079061e-01
-4.020673482610743754e-01 -3.987653170701569993e-01
-4.062692472926287546e-01 -4.020673482626571094e-01
-4.139209308884418403e-01 -4.020673482643906671e-01
-4.217196384860810721e-01 -4.053510894292761679e-01
-4.296644559075621927e-01 -4.110247968646224548e-01
-4.377542899944260046e-01 -4.166985042999696298e-01
-4.459878754678407997e-01 -4.223722117353180261e-01
-4.543637827246014282e-01 -4.280459191706671440e-01
-4.628804264603801344e-01 -4.337196266060175942e-01
-4.715360750037129178e-01 -4.393933340413687660e-01
-4.803288602390939355e-01 -4.450670414767212146e-01
-4.892567879950812104e-01 -4.507407489120743849e-01
-4.983177487734361533e-01 -4.564144563474284988e-01
-5.075095286978399400e-01 -4.620881637827836119e-01
-5.168298205653562016e-01 -4.677618712181398908e-01
-5.262762348903273768e-01 -4.734355786534967248e-01
-5.358463108384238227e-01 -4.791092860888546134e-01
-5.455375269577928954e-01 -4.847829935242128907e-01
-5.553473116243420327e-01 -4.904567009595726113e-01
-5.652730531288361338e-01 -4.961304083949327759e-01
-5.753121093443214207e-01 -5.018041158302937177e-01
-5.854618169232373992e-01 -5.074778232656550481e-01
-5.957194999841184391e-01 -5.131515307010178217e-01
-6.060824782578476677e-01 -5.188252381363813726e-01
-6.165480746728925210e-01 -5.244989455717447013e-01
-6.271136223676244681e-01 -5.301726530071095844e-01
-6.377764711256852515e-01 -5.358463604424746896e-01
-6.485339932373421767e-01 -5.415200678778406829e-01
-6.593835887958480191e-01 -5.471937753132071203e-01
-6.703226904429767652e-01 -5.528674827485742238e-01
-6.813487675822454959e-01 -5.585411901839421045e-01
-6.924593300817948327e-01 -5.642148976193104293e-01
-7.036519314916117596e-01 -5.698886050546795312e-01
-7.149241718018056746e-01 -5.755623124900490772e-01
-7.262736997700102171e-01 -5.812360199254192894e-01
-7.376982148468037570e-01 -5.869097273607902787e-01
-7.491954687283757242e-01 -5.925834347961611570e-01
-7.607632665655442716e-01 -5.982571422315327014e-01
-7.723994678578440798e-01 -6.039308496669056892e-01
-7.731688669463772090e-01 -6.096045571020621834e-01
-7.739622762133142597e-01 -6.152782645372192327e-01
-7.747807666837309704e-01 -6.209519719723758380e-01
-7.756254693834463421e-01 -6.266256794075324432e-01
-7.764975792104126251e-01 -6.322993868426899366e-01
-7.773983590696201817e-01 -6.379730942778466529e-01
-7.783291442876608679e-01 -6.436468017130032582e-01
-7.792913473233764599e-01 -6.493205091481603075e-01
-7.802864627912010631e-01 -6.549942165833171348e-01
-7.813160728137586997e-01 -6.606679240184744062e-01
-7.823818527198488360e-01 -6.663416314536313445e-01
-7.834855771032707139e-01 -6.720153388887876167e-01
-7.846291262566738034e-01 -6.776890463239447771e-01
-7.858144929928452260e-01 -6.833627537591010492e-01
-7.870437898632722806e-01 -6.890364611942584316e-01
-7.883192567804453432e-01 -6.947101686294151479e-01
-7.896432690458072834e-01 -7.003838760645723083e-01
-7.910183457795222361e-01 -7.060575834997291356e-01
-7.924471587408087325e-01 -7.117312909348854078e-01
-7.939325415184680379e-01 -7.174049983700421240e-01
-7.954774990598325601e-01 -7.230787058051999505e-01
-7.970852174924928368e-01 -7.287524132403566668e-01
-7.987590741764012403e-01 -7.344261206755132720e-01
-8.005026479037847809e-01 -7.400998281106708765e-01
-8.023197291404936538e-01 -7.457735355458275928e-01
-8.042143301743535089e-01 -7.514472429809837539e-01
-8.061906950035563346e-01 -7.571209504161409143e-01
-8.082533087607404187e-01 -7.627946578512978526e-01
-8.104069064260512878e-01 -7.684683652864552350e-01
-8.126564805351612630e-01 -7.741420727216116182e-01
-8.150072875363290059e-01 -7.798157801567686676e-01
-8.174648523947769529e-01 -7.854894875919257169e-01
-8.200349709843395285e-01 -7.911631950270822111e-01
-8.227237097472175353e-01 -7.968369024622389274e-01
-8.255374020457644235e-01 -8.025106098973961988e-01
-8.284826405789685877e-01 -8.081843173325533591e-01
-8.315662651956827744e-01 -8.138580247677105195e-01
-8.347953454122697403e-01 -8.195317322028667917e-01
-8.381771569414511180e-01 -8.252054396380243961e-01
-8.417191515692531434e-01 -8.308791470731812234e-01
-8.454289197865342276e-01 -8.365528545083381617e-01
-8.493141456987960414e-01 -8.422265619434949890e-01
-8.533825539098415236e-01 -8.479002693786519274e-01
-8.576418483066550191e-01 -8.535739768138091987e-01
-8.620996429657133975e-01 -8.592476842489661371e-01
-8.667633857517134111e-01 -8.649213916841220762e-01
-8.716402755782785006e-01 -8.705950991192787924e-01
-8.767371747296114348e-01 -8.762688065544363969e-01
-8.820605180774860887e-01 -8.819425139895936683e-01
-8.876162214377487647e-01 -8.876162214247504956e-01
-8.876162214381427829e-01 -8.876162214250123972e-01
-8.876162214385413529e-01 -8.876162214252782956e-01
-8.876162214389441418e-01 -8.876162214255471916e-01
-8.876162214393532590e-01 -8.876162214258200844e-01
-8.876162214397667061e-01 -8.876162214260950867e-01
-8.876162214401855932e-01 -8.876162214263740857e-01
-8.876162214406093653e-01 -8.876162214266575257e-01
-8.876162214410397988e-01 -8.876162214269447404e-01
-8.876162214414745621e-01 -8.876162214272333983e-01
-8.876162214419158758e-01 -8.876162214275278295e-01
-8.876162214423630736e-01 -8.876162214278260354e-01
-8.876162214428138242e-01 -8.876162214281272389e-01
-8.876162214432735675e-01 -8.876162214284334384e-01
-8.876162214437381959e-01 -8.876162214287426355e-01
-8.876162214442091525e-01 -8.876162214290564956e-01
-8.876162214446861043e-01 -8.876162214293749075e-01
-8.876162214451696064e-01 -8.876162214296976494e-01
-8.876162214456602140e-01 -8.876162214300246101e-01
-8.876162214461568167e-01 -8.876162214303561226e-01
-8.876162214466619682e-01 -8.876162214306917431e-01
-8.876162214471725598e-01 -8.876162214310322485e-01
-8.876162214476903678e-01 -8.876162214313779719e-01
-8.876162214482163915e-01 -8.876162214317280252e-01
-8.876162214487501867e-01 -8.876162214320836297e-01
-8.876162214492897551e-01 -8.876162214324440081e-01
-8.876162214498382053e-01 -8.876162214328106037e-01
-8.876162214503957593e-01 -8.876162214331810851e-01
-8.876162214509599746e-01 -8.876162214335568956e-01
-8.876162214515326276e-01 -8.876162214339394785e-01
-8.876162214521148286e-01 -8.876162214343279455e-01
-8.876162214527054672e-01 -8.876162214347207424e-01
-8.876162214533047656e-01 -8.876162214351211999e-01
-8.876162214539129458e-01 -8.876162214355262092e-01
-8.876162214545313400e-01 -8.876162214359382130e-01
-8.876162214551580609e-01 -8.876162214363556568e-01
-8.876162214557953289e-01 -8.876162214367809833e-01
-8.876162214564425890e-01 -8.876162214372126380e-01
-8.876162214571000630e-01 -8.876162214376507320e-01
-8.876162214577676401e-01 -8.876162214380960425e-01
-8.876162214584475407e-01 -8.876162214385491245e-01
-8.876162214591379884e-01 -8.876162214390087568e-01
-8.876162214598380951e-01 -8.876162214394761607e-01
-8.876162214605507472e-01 -8.876162214399518913e-01
-8.876162214612757229e-01 -8.876162214404349493e-01
-8.876162214620131330e-01 -8.876162214409258899e-01
-8.876162214627616454e-01 -8.876162214414252682e-01
-8.876162214635237024e-01 -8.876162214419331953e-01
-8.876162214642995263e-01 -8.876162214424504482e-01
-8.876162214650874516e-01 -8.876162214429762498e-01
-8.876162214658913641e-01 -8.876162214435113773e-01
-8.876162214660510141e-01 -8.876162214436188469e-01
-8.876162214662134398e-01 -8.876162214437264275e-01
-8.876162214663780858e-01 -8.876162214438361175e-01
-8.876162214665435091e-01 -8.876162214439472509e-01
-8.876162214667137063e-01 -8.876162214440599385e-01
-8.876162214668837924e-01 -8.876162214441727372e-01
-8.876162214670560990e-01 -8.876162214442884224e-01
-8.876162214672312922e-01 -8.876162214444048848e-01
-8.876162214674097051e-01 -8.876162214445232346e-01
-8.876162214675878959e-01 -8.876162214446425835e-01
-8.876162214677695284e-01 -8.876162214447633758e-01
-8.876162214679533813e-01 -8.876162214448860555e-01
-8.876162214681400098e-01 -8.876162214450111776e-01
-8.876162214683295248e-01 -8.876162214451365218e-01
-8.876162214685215934e-01 -8.876162214452643084e-01
-8.876162214687152163e-01 -8.876162214453935384e-01
-8.876162214689111707e-01 -8.876162214455249888e-01
-8.876162214691111219e-01 -8.876162214456579935e-01
-8.876162214693128494e-01 -8.876162214457933297e-01
-8.876162214695177965e-01 -8.876162214459294431e-01
-8.876162214697250752e-01 -8.876162214460671107e-01
-8.876162214699360176e-01 -8.876162214462077760e-01
-8.876162214701502906e-01 -8.876162214463504396e-01
-8.876162214703663400e-01 -8.876162214464945466e-01
-8.876162214705863862e-01 -8.876162214466416511e-01
-8.876162214708087639e-01 -8.876162214467899769e-01
-8.876162214710353604e-01 -8.876162214469408562e-01
-8.876162214712649545e-01 -8.876162214470931788e-01
-8.876162214714978793e-01 -8.876162214472494982e-01
-8.876162214717342458e-01 -8.876162214474068168e-01
-8.876162214719737209e-01 -8.876162214475665779e-01
-8.876162214722181920e-01 -8.876162214477295587e-01
-8.876162214724655497e-01 -8.876162214478943158e-01
-8.876162214727179034e-01 -8.876162214480622925e-01
-8.876162214729725886e-01 -8.876162214482328228e-01
-8.876162214732319367e-01 -8.876162214484050184e-01
-8.876162214734956146e-01 -8.876162214485802116e-01
-8.876162214737642886e-01 -8.876162214487598456e-01
-8.876162214740348499e-01 -8.876162214489410340e-01
-8.876162214743114065e-01 -8.876162214491248870e-01
-8.876162214745931811e-01 -8.876162214493128477e-01
-8.876162214748797297e-01 -8.876162214495035840e-01
-8.903790648624742010e-01 -8.876162214751689428e-01
-8.943430506920331258e-01 -8.890449492463461389e-01
-8.985398594873366118e-01 -8.917468520587926717e-01
-9.029693232761648591e-01 -8.944501718564403792e-01
-9.076291341392376255e-01 -8.971548921492795703e-01
-9.125149545030448728e-01 -8.998609966845203534e-01
-9.176206132263110549e-01 -9.025684694427003052e-01
-9.229383678545617364e-01 -9.052772946575723401e-01
-9.257733254311969473e-01 -9.075747979106532082e-01
-9.286400268265559976e-01 -9.099121037229125353e-01
-9.315394697008869684e-01 -9.122957096720503145e-01
-9.344728928528047707e-01 -9.147334941537218489e-01
-9.374418602493547192e-01 -9.172347867985067849e-01
-9.404483798246505710e-01 -9.198102290218513888e-01
-9.434950735626825846e-01 -9.224712821084055658e-01
-9.465854236841961811e-01 -9.267636367009326470e-01
-9.497241316060253125e-01 -9.316548760086841297e-01
-9.529176413328158679e-01 -9.365312236199874185e-01
-9.561748916679148058e-01 -9.413836558815369404e-01
-9.595083507659135647e-01 -9.461996141748044709e-01
-9.629352888799760368e-01 -9.509617321655282618e-01
-9.664789150779070637e-01 -9.556466990909647796e-01
-9.701682412762279162e-01 -9.602253957356901015e-01
-9.740345284903045853e-01 -9.646664481978732830e-01
-9.781026280120342919e-01 -9.689448867345513694e-01
-9.823801276066145283e-01 -9.730529995942960308e-01
-9.868527579804128314e-01 -9.770049265852592812e-01
-9.914907155155204821e-01 -9.808303363829131705e-01
-9.962599138599436133e-01 -9.845631749884504735e-01
-1.001130027734158379e+00 -9.882336219770259111e-01
-1.006077323949607250e+00 -9.918652595401373784e-01
-1.011084345831074538e+00 -9.954753881300800744e-01
-1.016138562695185099e+00 -9.990763770540479483e-01
-1.021231010959255503e+00 -1.002677023443548476e+00
-1.026355229210105913e+00 -1.006283617269281283e+00
-1.031506497300868741e+00 -1.009900702333282441e+00
-1.036681311904332770e+00 -1.013531600809586042e+00
-1.041877028789605975e+00 -1.017178771066415299e+00
-1.047091618271550617e+00 -1.020844052320188045e+00
-1.052323496574027795e+00 -1.024528833380119019e+00
-1.057571408159085458e+00 -1.028234170430972538e+00
-1.062834342527807729e+00 -1.031960870348068271e+00
-1.068111474588546939e+00 -1.035709550448506766e+00
-1.073402121337496240e+00 -1.039480681933429018e+00
-1.078705709976784721e+00 -1.043274621895830645e+00
-1.084021754156722306e+00 -1.047091637207073100e+00
-1.089349836062237564e+00 -1.050931922561747500e+00
-1.094689592755061947e+00 -1.054795614269065318e+00
-1.100040705651356365e+00 -1.058682800910850208e+00
-1.105402892335071385e+00 -1.062593531665495306e+00
-1.110775900129686189e+00 -1.066527822875055875e+00
-1.116159501006840582e+00 -1.070485663276623534e+00
-1.121553487520958958e+00 -1.074467018208671742e+00
-1.126957669538234397e+00 -1.078475104398300077e+00
-1.132371871585780232e+00 -1.083166488544992312e+00
-1.137795930688747514e+00 -1.087881442985802583e+00
-1.143229694594276147e+00 -1.092619644773038079e+00
-1.148673020304237458e+00 -1.097380776254149870e+00
-1.150497576908322772e+00 -1.106570937404729893e+00
-1.152819308594335235e+00 -1.118139892304821581e+00
-1.156171776939955764e+00 -1.128892310610815297e+00
-1.161607008895437110e+00 -1.137770998002508360e+00
-1.170066642448668759e+00 -1.143829048403772752e+00
-1.181027174164012816e+00 -1.147584626675465014e+00
-1.193389446643726037e+00 -1.150131509438749866e+00
-1.206510390836522895e+00 -1.152107368941982513e+00
-1.220099854588566846e+00 -1.153796968472225570e+00
-1.234022116940658220e+00 -1.155330669756856166e+00
-1.248206763705439259e+00 -1.156773576817057503e+00
-1.262613130575425568e+00 -1.158161110057382315e+00
-1.277215333174535949e+00 -1.159513991246323927e+00
-1.291995432651512843e+00 -1.160845090882981490e+00
-1.306940066180568127e+00 -1.162162808697679628e+00
-1.322038671014965638e+00 -1.163472858768114682e+00
-1.337282493678884965e+00 -1.164779267801992146e+00
-1.352664009714002580e+00 -1.167171940876678748e+00
-1.368176569332870685e+00 -1.174270375239113040e+00
-1.383814172923216512e+00 -1.181557503064109005e+00
-1.399571324044539100e+00 -1.188998855218474260e+00
-1.415442930195324411e+00 -1.196567784225919029e+00
-1.431424233872251817e+00 -1.204243765711464853e+00
-1.447510763320335236e+00 -1.212010936872613964e+00
-1.463698296368179497e+00 -1.219856942789617316e+00
-1.479982833133260733e+00 -1.227772062342194381e+00
-1.496360574851074432e+00 -1.235748558352120607e+00
-1.512827907005858341e+00 -1.243780197723614922e+00
-1.529381385534003268e+00 -1.251861897094818987e+00
-1.546017725259401843e+00 -1.259989460107302728e+00
-1.562733789978257182e+00 -1.268159381356471771e+00
-1.579526583785024307e+00 -1.276368698968366466e+00
-1.596393243350357594e+00 -1.284614882809151482e+00
-1.613331030944193945e+00 -1.292895748977105796e+00
-1.630337328054625612e+00 -1.301209393826266103e+00
-1.647409629493709282e+00 -1.309554142621145445e+00
-1.664545537910064654e+00 -1.317928509241393709e+00
-1.681742758648586022e+00 -1.326331164300071697e+00
-1.698999094912390095e+00 -1.334760909719935551e+00
-1.716312443192650639e+00 -1.343216658305571354e+00
-1.733680788939731432e+00 -1.351697417209706265e+00
-1.751102202454602352e+00 -1.360202274457238625e+00
-1.768574834983577482e+00 -1.368730387887145961e+00
-1.786096915002485019e+00 -1.377280976019246594e+00
-1.803666744678459333e+00 -1.385853310463311949e+00
-1.821282696499348708e+00 -1.394446709571725007e+00
-1.838943210061765754e+00 -1.403060533100730645e+00
-1.856646789009874565e+00 -1.411694177694465147e+00
-1.874391998117647340e+00 -1.420347073043818131e+00
-1.892177460507888043e+00 -1.429018678601767345e+00
-1.892475019070300801e+00 -1.432711501722373937e+00
-1.892778741604620008e+00 -1.436404678744178653e+00
-1.893088828676694479e+00 -1.440098207042097789e+00
-1.893405489548428688e+00 -1.443792084035321110e+00
-1.893728942639905766e+00 -1.447486307186362842e+00
-1.894059416020058118e+00 -1.451180874000144616e+00
-1.894397147927884939e+00 -1.454875782023083097e+00
-1.894742387326333821e+00 -1.458571028842221118e+00
-1.895095394491085106e+00 -1.462266612084358597e+00
-1.895456441636739209e+00 -1.465962529415222759e+00
-1.895825813582982189e+00 -1.469658778538653676e+00
-1.896203808463566620e+00 -1.473355357195806903e+00
-1.896590738481152894e+00 -1.477052263164374324e+00
-1.896986930711206387e+00 -1.480749494257826315e+00
-1.897392727958512326e+00 -1.484447048324679885e+00
-1.897808489669992049e+00 -1.488144923247767482e+00
-1.898234592907844132e+00 -1.491843116943543990e+00
-1.898671433387354002e+00 -1.495541627361385739e+00
-1.899119426583928849e+00 -1.499240452482937691e+00
-1.899579008914329625e+00 -1.502939590321436425e+00
-1.900050638997368813e+00 -1.506639038921095519e+00
-1.900534798999709007e+00 -1.510338796356463176e+00
-1.901031996072802377e+00 -1.514038860731818037e+00
-1.901542763887357212e+00 -1.517739230180580101e+00
-1.902067664272189651e+00 -1.521439902864718308e+00
-1.902607288964684562e+00 -1.525140876974195647e+00
-1.903162261480542794e+00 -1.528842150726399618e+00
-1.903733239110941389e+00 -1.532543722365618422e+00
-1.904320915055629948e+00 -1.536245590162494512e+00
-1.904926020700904221e+00 -1.539947752413520998e+00
-1.905549328051866054e+00 -1.543650207440525390e+00
-1.906191652328607322e+00 -1.547352953590184876e+00
-1.906853854736422438e+00 -1.551055989233537380e+00
-1.907536845420236160e+00 -1.554759312765514379e+00
-1.908241586613725893e+00 -1.558462922604474832e+00
-1.908969095993502840e+00 -1.562166817191761092e+00
-1.909720450248669765e+00 -1.565870994991254372e+00
-1.910496788875621688e+00 -1.569575454488939315e+00
-1.911299318207421161e+00 -1.573280194192494763e+00
-1.912129315686067033e+00 -1.576985212630867217e+00
-1.912988134384639549e+00 -1.580690508353883361e+00
-1.913877207784481227e+00 -1.584396079931841950e+00
-1.914798054810065597e+00 -1.588101925955139437e+00
-1.915752285121119725e+00 -1.591808045033884955e+00
-1.916741604657440146e+00 -1.595514435797537489e+00
-1.917767821426855424e+00 -1.599221096894540839e+00
-1.918832851520487992e+00 -1.602928026991977006e+00
-1.919938725331827856e+00 -1.606635224775210036e+00
-1.921087593946775973e+00 -1.610342688947559164e+00
-1.922281735660768431e+00 -1.614050418229962203e+00
-1.923234016731157903e+00 -1.617794572414997800e+00
-1.924208843290799997e+00 -1.621539148387094453e+00
-1.925206966182406498e+00 -1.625284149052597105e+00
-1.926229167142021526e+00 -1.629029577358189096e+00
-1.927276260235438965e+00 -1.632775436291629578e+00
-1.928349093363139977e+00 -1.636521728882479376e+00
-1.929448549836488169e+00 -1.640268458202872148e+00
-1.930575550027906928e+00 -1.644015627368274668e+00
-1.931731053097774709e+00 -1.647763239538281743e+00
-1.932916058800655756e+00 -1.651511297917420018e+00
-1.934131609373519245e+00 -1.655259805755969982e+00
-1.935378791508344021e+00 -1.659008766350809738e+00
-1.936658738411485947e+00 -1.662758183046271654e+00
-1.937972631951850433e+00 -1.666508059235016548e+00
-1.939321704899772403e+00 -1.670258398358935192e+00
-1.940707243258060322e+00 -1.674009203910059806e+00
-1.942130588686368453e+00 -1.677760479431509077e+00
-1.943593141019490877e+00 -1.681512228518428742e+00
-1.945096360879625674e+00 -1.685264454818987456e+00
-1.946641772381994873e+00 -1.689017162035358899e+00
-1.948230965932287173e+00 -1.692770353924754057e+00
-1.949865601113627278e+00 -1.696524034300465944e+00
-1.951547409659439181e+00 -1.700278207032924538e+00
-1.953278198507506280e+00 -1.704032876050805667e+00
-1.955059852928972663e+00 -1.707788045342129912e+00
-1.956894339724343679e+00 -1.711543718955416571e+00
-1.958783710476717843e+00 -1.715299901000840954e+00
-1.960730104850351596e+00 -1.719056595651433206e+00
-1.962735753920173742e+00 -1.722813807144297771e+00
-1.964802983515307133e+00 -1.726571539781857290e+00
-1.966934217556628450e+00 -1.730329797933129798e+00
-1.969131981365104256e+00 -1.734088586035046120e+00
-1.971398904914102745e+00 -1.737847908593764812e+00
-1.973737725994918257e+00 -1.741607770186064164e+00
-1.976151293260501651e+00 -1.745368175460720872e+00
-1.978642569107904370e+00 -1.749129129139950001e+00
-1.981214632355026817e+00 -1.752890636020866477e+00
-1.983870680662221497e+00 -1.756652700976994108e+00
-1.986614032643983174e+00 -1.760415328959786363e+00
-1.989448129610487781e+00 -1.764178525000206443e+00
-1.992376536873250004e+00 -1.767942294210331333e+00
-1.995402944543742452e+00 -1.771706641785000924e+00
-1.998531167748387682e+00 -1.775471573003502668e+00
-2.001765146178569488e+00 -1.779237093231294198e+00
-2.005108942889642698e+00 -1.783003207921780131e+00
-2.008566742259362492e+00 -1.786769922618110407e+00
-2.012142847013220326e+00 -1.790537242955043684e+00
-2.015841674222671465e+00 -1.794305174660841606e+00
-2.019667750182123633e+00 -1.798073723559217907e+00
-2.023625704072172571e+00 -1.801842895571323488e+00
-2.025367135534692498e+00 -1.809414660395419761e+00
-2.027154704939017282e+00 -1.816986425219524248e+00
-2.028989954868138934e+00 -1.824558190043633177e+00
-2.030874481444349122e+00 -1.832129954867746768e+00
-2.032809935639575905e+00 -1.839701719691868576e+00
-2.034798024535318994e+00 -1.847273484515992603e+00
-2.036840512519721091e+00 -1.854845249340123514e+00
-2.038939222408206131e+00 -1.862417014164258866e+00
-2.041096036472743958e+00 -1.869988778988399103e+00
-2.043312897363617431e+00 -1.877560543812543337e+00
-2.045591808906127795e+00 -1.885132308636693121e+00
-2.047934836753452892e+00 -1.892704073460847569e+00
-2.050344108875520543e+00 -1.900275838285005792e+00
-2.052821815862470256e+00 -1.907847603109167123e+00
-2.055370211020094207e+00 -1.915419367933333339e+00
-2.057991610233512958e+00 -1.922991132757503774e+00
-2.060688391574433620e+00 -1.930562897581677317e+00
-2.063462994626378055e+00 -1.938134662405854858e+00
-2.066317919501848177e+00 -1.945706427230034619e+00
-2.069255725524930867e+00 -1.953278192054219264e+00
-2.072279029552893448e+00 -1.960849956878407019e+00
-2.075390503910655493e+00 -1.968421721702598992e+00
-2.078592873912752381e+00 -1.975993486526792076e+00
-2.081888914948673008e+00 -1.983565251350989600e+00
-2.085281449109227303e+00 -1.991137016175189567e+00
-2.088773341333872935e+00 -1.998708780999393086e+00
-2.092367495061934424e+00 -2.006280545823597272e+00
-2.096066847374193021e+00 -2.013852310647806565e+00
-2.099874363615615636e+00 -2.021424075472016746e+00
-2.103793031494886279e+00 -2.028995840296230924e+00
-2.107825854662042975e+00 -2.036567605120448654e+00
-2.111975845771715932e+00 -2.044139369944666829e+00
-2.116246019046331472e+00 -2.051711134768887224e+00
-2.120639382360885783e+00 -2.059282899593110727e+00
-2.125158928878778219e+00 -2.066854664417336895e+00
-2.129807628276090714e+00 -2.074426429241565728e+00
-2.134588417599945664e+00 -2.081998194065797669e+00
-2.139504191814701528e+00 -2.089569958890027834e+00
-2.144557794097648795e+00 -2.097141723714261996e+00
-2.149752005953396328e+00 -2.104713488538498822e+00
-2.155089537222933949e+00 -2.112285253362737425e+00
-2.160573016069435859e+00 -2.119857018186978692e+00
-2.166204979027733124e+00 -2.127428783011220847e+00
-2.171987861208102721e+00 -2.135000547835464779e+00
-2.177923986747264617e+00 -2.142572312659708711e+00
-2.184015559600134715e+00 -2.150144077483959748e+00
-2.190264654764928043e+00 -2.157715842308206788e+00
-2.196673210031457213e+00 -2.165287607132458270e+00
-2.203243018338044035e+00 -2.172859371956708863e+00
-2.209975720816326206e+00 -2.180431136780963897e+00
-2.210335423592843629e+00 -2.180431136829811933e+00
-2.210704607883395401e+00 -2.180431136878659526e+00
-2.211083636753967685e+00 -2.180431136927509783e+00
-2.211472891122342244e+00 -2.180431136976356932e+00
-2.211872770804684585e+00 -2.180431137025204968e+00
-2.212283695631195091e+00 -2.180431137074053005e+00
-2.212706106635637049e+00 -2.180431137122898821e+00
-2.213140467323876148e+00 -2.180431137171748190e+00
-2.213587265026927486e+00 -2.180431137220596671e+00
-2.214047012344325882e+00 -2.180431137269443820e+00
-2.214520248684016757e+00 -2.180431137318291412e+00
-2.215007541905326338e+00 -2.180431137367139005e+00
-2.215509490071943866e+00 -2.180431137415987042e+00
-2.216026723322235714e+00 -2.180431137464836411e+00
-2.216559905864573743e+00 -2.180431137513683559e+00
-2.217109738105721650e+00 -2.180431137562530708e+00
-2.217676958920664188e+00 -2.180431137611378745e+00
-2.218262348072591816e+00 -2.180431137660226337e+00
-2.218866728791958121e+00 -2.180431137709074818e+00
-2.219490970523787077e+00 -2.180431137757925963e+00
-2.220135991852477009e+00 -2.180431137806770003e+00
-2.220802763613340503e+00 -2.180431137855619372e+00
-2.221492312199993435e+00 -2.180431137904468741e+00
-2.222205723076342565e+00 -2.180431137953314114e+00
-2.222944144501397989e+00 -2.180431138002163927e+00
-2.223708791474230839e+00 -2.180431138051011519e+00
-2.224500949905268143e+00 -2.180431138099859112e+00
-2.225321981018435036e+00 -2.180431138148708481e+00
-2.226173325986581020e+00 -2.180431138197555629e+00
-2.227056510799828359e+00 -2.180431138246402334e+00
-2.227973151363051851e+00 -2.180431138295251703e+00
-2.228924958814328949e+00 -2.180431138344098851e+00
-2.229913745050884355e+00 -2.180431138392947776e+00
-2.230941428442491326e+00 -2.180431138441794481e+00
-2.232010039704456883e+00 -2.180431138490643406e+00
-2.233121727892862118e+00 -2.180431138539490998e+00
-2.234278766473616340e+00 -2.180431138588338591e+00
-2.235483559403711240e+00 -2.180431138637187960e+00
-2.236738647147947567e+00 -2.180431138686035109e+00
-2.238046712536819527e+00 -2.180431138734883145e+00
-2.239410586351409993e+00 -2.180431138783731182e+00
-2.240833252498887429e+00 -2.180431138832579663e+00
-2.242317852617478735e+00 -2.180431138881429032e+00
-2.243867689923079389e+00 -2.180431138930274848e+00
-2.245486232081266742e+00 -2.180431138979124661e+00
-2.247177112858882886e+00 -2.180431139027971366e+00
-2.248944132280007668e+00 -2.180431139076820735e+00
-2.250791254982904999e+00 -2.180431139125667883e+00
-2.252722606449590881e+00 -2.180431139174516808e+00
-2.254742466760046415e+00 -2.180431139223364401e+00
-2.254933367277809797e+00 -2.180924013189371458e+00
-2.255125815666863875e+00 -2.181420381534814990e+00
-2.255319835615189117e+00 -2.181920276572677952e+00
-2.255515451782351466e+00 -2.182423730947775642e+00
-2.255712689896570033e+00 -2.182930777636243214e+00
-2.255911576866321600e+00 -2.183441449948430702e+00
-2.256112140909212194e+00 -2.183955781531764728e+00
-2.256314411701378031e+00 -2.184473806373628424e+00
-2.256518420551470783e+00 -2.184995558804237792e+00
-2.256724200604213859e+00 -2.185521073499503419e+00
-2.256931787079605733e+00 -2.186050385483881087e+00
-2.257141217555549861e+00 -2.186583530133225928e+00
-2.257352532303406267e+00 -2.187120543177635934e+00
-2.257565774688674143e+00 -2.187661460704270144e+00
-2.257780991652153624e+00 -2.188206319160169944e+00
-2.257998234291343831e+00 -2.188755155355060378e+00
-2.258217558567506611e+00 -2.189308006464123491e+00
-2.258439026171492170e+00 -2.189864910030776990e+00
-2.258662705591806930e+00 -2.190425903969413834e+00
-2.258888673442511763e+00 -2.190991026568118727e+00
-2.259117016128096012e+00 -2.191560316491385496e+00
-2.259347831949765073e+00 -2.192133812782775415e+00
-2.259581233796279953e+00 -2.192711554867572854e+00
-2.259817352617995212e+00 -2.193293582555399635e+00
-2.260056341963758264e+00 -2.193879936042797407e+00
-2.260298383980350767e+00 -2.194470655915783386e+00
-2.260543697455372314e+00 -2.195065783152363448e+00
-2.260792548763340015e+00 -2.195665359124998162e+00
-2.261045267013558124e+00 -2.196269425603049719e+00
-2.261302265405311651e+00 -2.196878024755155590e+00
-2.261564071965946887e+00 -2.197491199151589747e+00
-2.261831374842371734e+00 -2.198108991766535958e+00
-2.262105090833947063e+00 -2.198731445980338872e+00
-2.262386472297053253e+00 -2.199358605581689385e+00
-2.262677279873762437e+00 -2.199990514769748717e+00
-2.262980073272640169e+00 -2.204587653289161508e+00
-2.263298725118569443e+00 -2.211576471339325778e+00
-2.263639383271201844e+00 -2.218560141842730538e+00
-2.264012404443179971e+00 -2.225528162040990576e+00
-2.264436589687270018e+00 -2.232461587305277551e+00
-2.264949498415924189e+00 -2.239322717115904471e+00
-2.265635894519145044e+00 -2.246026648943316051e+00
-2.266715296265414459e+00 -2.252353728345729778e+00
-2.268777496660960846e+00 -2.257714028608180712e+00
-2.272740371576123408e+00 -2.261189542614273407e+00
-2.278434297438976852e+00 -2.262949765150453540e+00
-2.284937510276260575e+00 -2.263916333862825869e+00
-2.291772981058610270e+00 -2.264566153909529422e+00
-2.298765961044473727e+00 -2.265073852614324146e+00
-2.305846810905372468e+00 -2.265508950338744665e+00
-2.307092333585893051e+00 -2.266419770192592331e+00
-2.308351379683039273e+00 -2.267354460152712470e+00
-2.309624076471437970e+00 -2.268314074430417104e+00
-2.310910554070250367e+00 -2.269299721348416732e+00
-2.312210945418402552e+00 -2.270312566925732689e+00
-2.313525386250544713e+00 -2.271353838721057894e+00
-2.314854015073683158e+00 -2.272424829955008718e+00
-2.316196973144516669e+00 -2.273526903933299259e+00
-2.317554404447334626e+00 -2.274661498794508407e+00
-2.318926455672539966e+00 -2.275830132608010814e+00
-2.320313276195646868e+00 -2.277034408849405001e+00
-2.321715018056752289e+00 -2.278276022282833324e+00
-2.323131835940434264e+00 -2.279556765281540720e+00
-2.324563887155964625e+00 -2.280878534620195630e+00
-2.326011331617840128e+00 -2.282243338774540220e+00
-2.327474331826496101e+00 -2.283653305766085939e+00
-2.328953052849219496e+00 -2.285110691591638599e+00
-2.330447662301119660e+00 -2.286617889279355609e+00
-2.331958330326136863e+00 -2.288177438614829029e+00
-2.333485229578036613e+00 -2.290195773039601868e+00
-2.335028535201261413e+00 -2.292667963815917975e+00
-2.336588424811647080e+00 -2.295187781760791523e+00
-2.338165078476893477e+00 -2.297755996525762345e+00
-2.339758678696735483e+00 -2.300373370576151544e+00
-2.341369410382759586e+00 -2.303040657783708145e+00
-2.342997460837807910e+00 -2.305758601981126699e+00
-2.344643019734904410e+00 -2.308527935482981963e+00
-2.346306279095613512e+00 -2.311349377578288067e+00
-2.347987433267836987e+00 -2.314223633000259461e+00
-2.349686678902962012e+00 -2.317151390379486919e+00
-2.351404214932282244e+00 -2.320133320687020273e+00
-2.353140242542689275e+00 -2.323170075674448221e+00
-2.354894965151570929e+00 -2.326262286318320438e+00
-2.356668588380858242e+00 -2.329410561276674230e+00
-2.358461320030210917e+00 -2.332615485365654884e+00
-2.360273370049299935e+00 -2.335877618064537309e+00
-2.362104950509144263e+00 -2.339197492057493832e+00
-2.363956275572533183e+00 -2.342575611820722159e+00
-2.365827561463501372e+00 -2.346012452263542603e+00
-2.367719026435916696e+00 -2.349508457432222475e+00
-2.369630890741264651e+00 -2.353064039285518660e+00
-2.371563376595839046e+00 -2.356679576551524491e+00
-2.373516708147823451e+00 -2.360355413677165615e+00
-2.375491111445304337e+00 -2.364091859886277458e+00
-2.377486814408153126e+00 -2.367889188376228304e+00
-2.379504046812283669e+00 -2.371747635729531289e+00
-2.381543040318075732e+00 -2.375667401806166534e+00
-2.383604028703520950e+00 -2.379648651436842233e+00
-2.385687249791109021e+00 -2.383691530037374218e+00
-2.387924961238161448e+00 -2.387858776151534634e+00
