-1.897441209925699201e+00 -1.787072903436329074e+00 -1.637670067365401438e+00 -1.514934483059723780e+00 -1.365531646988795478e+00 -1.255163340499425795e+00 -8.122893737428514838e-01 -5.401509533662451901e-01 -4.297826468768753405e-01 -2.803798108059472605e-01
-1.897441209925699201e+00 -1.787072903436329074e+00 -1.637670067365401438e+00 -1.514934483059723780e+00 -1.365531646988795478e+00 -1.255163340499425795e+00 -8.122893737428514838e-01 -5.401509533662451901e-01 -4.297826468768753405e-01 -2.803798108059472605e-01
-1.888401036180832770e+00 -1.774688227822915243e+00 -1.629361522619370062e+00 -1.474145845287590850e+00 -1.254442951486569369e+00 -1.205850547416103424e+00 -7.822198666059247962e-01 -3.870589973651884508e-01 -3.312603595749380458e-01 -1.047537914579184104e-01
-1.941585119344573673e+00 -1.812693774919734269e+00 -1.668467935319585038e+00 -1.517088628491732871e+00 -1.271108508844569940e+00 -1.216563828886757292e+00 -7.869261054387746146e-01 -3.897258319138838245e-01 -3.339256716727669327e-01 -1.054714461718986585e-01
-1.947316189084261628e+00 -1.820260053981762827e+00 -1.673296146312850396e+00 -1.521716924485545519e+00 -1.278682607345191347e+00 -1.219692201241092899e+00 -7.874219805321548415e-01 -3.901862845580864603e-01 -3.346756889718057737e-01 -1.058449873600942476e-01
-1.931728277283144779e+00 -1.787323660007227533e+00 -1.625287840280407403e+00 -1.516420746215602744e+00 -1.277825303366163956e+00 -1.211118990432132891e+00 -7.163243565043933003e-01 -3.480641105091457077e-01 -3.028575946719092027e-01 -8.677658322628985232e-02
-1.912296384688730422e+00 -1.771544288400961342e+00 -1.608459680307437134e+00 -1.514884976525937121e+00 -1.273678147269567296e+00 -1.192523335428621989e+00 -7.089152949342173438e-01 -3.453431217972992573e-01 -2.979312293615447582e-01 -8.615837408334763026e-02
-1.911595005825146520e+00 -1.769607589519402779e+00 -1.607152025282842400e+00 -1.508377282593837521e+00 -1.268140533731257236e+00 -1.188229167348474169e+00 -7.088561657099941016e-01 -3.442010891956821528e-01 -2.968434219444215372e-01 -8.599737841037596864e-02
-1.911145490405782521e+00 -1.765215240850632750e+00 -1.605375226344003092e+00 -1.402737373339856708e+00 -1.236793613655960300e+00 -1.146594662762842942e+00 -6.903688997397746663e-01 -2.305210978596767268e-01 -2.192315800247274793e-01 -3.957095457978831998e-02
-1.909234038287736857e+00 -1.757762876117714201e+00 -1.598466275540906034e+00 -1.369497758568876122e+00 -1.163237228230317610e+00 -1.034600691427186803e+00 -6.815730456330300058e-01 -2.043119168201943670e-01 -3.466580438127230684e-02 1.413938304721527039e-01
-1.900363961570443294e+00 -1.655827156932732747e+00 -1.455584273362358516e+00 -1.367835216101352724e+00 -1.155327508069596831e+00 -1.005249550080533405e+00 -4.627528810603753207e-01 -1.643328944975220585e-01 6.138160717029801650e-02 2.829616352973313709e-01
-1.792312566624359560e+00 -1.610893132698307140e+00 -1.411692091992170939e+00 -1.365469279370772782e+00 -1.129507623690473750e+00 -1.000869595887877939e+00 -3.267698481440782787e-01 -5.707719915160481411e-02 8.521282235547109063e-02 3.210589212462004460e-01
-1.792312566624359560e+00 -1.610893132698307362e+00 -1.411692091992170939e+00 -1.365469279370773004e+00 -1.129507623690474416e+00 -1.000869595887878605e+00 -3.267698481440769465e-01 -5.707719915160423124e-02 8.521282235547224249e-02 3.210589212462005571e-01
-1.792312566624359116e+00 -1.610893132698306696e+00 -1.411692091992169829e+00 -1.365469279370773004e+00 -1.129507623690473084e+00 -1.000869595887877939e+00 -3.267698481440760583e-01 -5.707719915160328755e-02 8.521282235547189554e-02 3.210589212462017783e-01
-1.792312566624359338e+00 -1.610893132698306474e+00 -1.411692091992170495e+00 -1.365469279370773448e+00 -1.129507623690473084e+00 -1.000869595887877939e+00 -3.267698481440763913e-01 -5.707719915160370389e-02 8.521282235547184003e-02 3.210589212462018893e-01
-1.792312566624359338e+00 -1.610893132698306474e+00 -1.411692091992170051e+00 -1.365469279370773670e+00 -1.129507623690473306e+00 -1.000869595887877939e+00 -3.267698481440763358e-01 -5.707719915160353735e-02 8.521282235547140982e-02 3.210589212462018893e-01
-1.792312566624359338e+00 -1.610893132698305807e+00 -1.411692091992170051e+00 -1.365469279370773448e+00 -1.129507623690473306e+00 -1.000869595887877939e+00 -3.267698481440760028e-01 -5.707719915160292673e-02 8.521282235547175676e-02 3.210589212462020003e-01
-1.792312566624359116e+00 -1.610893132698306029e+00 -1.411692091992170051e+00 -1.365469279370773670e+00 -1.129507623690472640e+00 -1.000869595887877495e+00 -3.267698481440758362e-01 -5.707719915160278795e-02 8.521282235547215922e-02 3.210589212462022224e-01
-1.792312566624359116e+00 -1.610893132698306029e+00 -1.411692091992170051e+00 -1.365469279370773670e+00 -1.129507623690472640e+00 -1.000869595887877495e+00 -3.267698481440758362e-01 -5.707719915160278795e-02 8.521282235547215922e-02 3.210589212462022224e-01
-1.792312566624359782e+00 -1.610893132698305807e+00 -1.411692091992170495e+00 -1.365469279370773670e+00 -1.129507623690472862e+00 -1.000869595887877939e+00 -3.267698481440763358e-01 -5.707719915160312102e-02 8.521282235547224249e-02 3.210589212462022224e-01
-1.792312566624359782e+00 -1.610893132698305807e+00 -1.411692091992170495e+00 -1.365469279370773670e+00 -1.129507623690472862e+00 -1.000869595887877939e+00 -3.267698481440763358e-01 -5.707719915160312102e-02 8.521282235547224249e-02 3.210589212462022224e-01
-1.792312566624359560e+00 -1.610893132698306474e+00 -1.411692091992170051e+00 -1.365469279370773226e+00 -1.129507623690473084e+00 -1.000869595887878161e+00 -3.267698481440763358e-01 -5.707719915160328755e-02 8.521282235547172901e-02 3.210589212462023889e-01
-1.792312566624358894e+00 -1.610893132698305807e+00 -1.411692091992170495e+00 -1.365469279370774114e+00 -1.129507623690473528e+00 -1.000869595887878161e+00 -3.267698481440763913e-01 -5.707719915160373164e-02 8.521282235547172901e-02 3.210589212462020559e-01
-1.792312566624358894e+00 -1.610893132698305807e+00 -1.411692091992170495e+00 -1.365469279370774114e+00 -1.129507623690473528e+00 -1.000869595887878161e+00 -3.267698481440763913e-01 -5.707719915160373164e-02 8.521282235547172901e-02 3.210589212462020559e-01
-1.792312566624358894e+00 -1.610893132698305807e+00 -1.411692091992170495e+00 -1.365469279370774114e+00 -1.129507623690473528e+00 -1.000869595887878161e+00 -3.267698481440763913e-01 -5.707719915160373164e-02 8.521282235547172901e-02 3.210589212462020559e-01
-1.792312566624360892e+00 -1.610893132698306029e+00 -1.411692091992170273e+00 -1.365469279370773448e+00 -1.129507623690473084e+00 -1.000869595887878161e+00 -3.267698481440760583e-01 -5.707719915160337082e-02 8.521282235547221473e-02 3.210589212462023889e-01
