-1.632335853267186776e+00 -3.937868611412367881e-01
-1.632335853267186332e+00 -8.682816007539407854e-01
-1.632335853267186332e+00 -1.034589372810576391e+00
-1.640021344611874543e+00 -1.034589372810575725e+00
-1.640021344611872989e+00 -1.103751621980149977e+00
-1.683338091503738365e+00 -1.103751621980153086e+00
-1.683753792512068248e+00 -1.103751621980152420e+00
-1.683753792512067804e+00 -1.103751621980150421e+00
-1.683753792512068026e+00 -1.103751621980149089e+00
-1.683753792512067804e+00 -1.103751621980150865e+00
-1.683753792512068248e+00 -1.103751621980152864e+00
-1.683753792512068026e+00 -1.103751621980150199e+00
-1.683753792512066472e+00 -1.103751621980150421e+00
-1.683753792512066250e+00 -1.202950100638349396e+00
-1.683753792512068914e+00 -1.202950100638350506e+00
-1.683753792512066028e+00 -1.331086634158600734e+00
-1.713058056765086157e+00 -1.331086634158599402e+00
-1.713058056765091708e+00 -1.331086634158604065e+00
-1.713058056765086823e+00 -1.331086634158601179e+00
-1.713058056765088821e+00 -1.331086634158599624e+00
-1.713058056765088599e+00 -1.331086634158602067e+00
-1.713058056765084380e+00 -1.331086634158599624e+00
-1.776880360370259648e+00 -1.331086634158600956e+00
-1.776880360370258316e+00 -1.331086634158600956e+00
-1.776880360370266532e+00 -1.331086634158600512e+00
-1.780397139552390762e+00 -1.331086634158599402e+00
-1.780397139552393204e+00 -1.407794849990696928e+00
-1.780397139552391428e+00 -1.407794849990702701e+00
-1.780397139552392316e+00 -1.407794849990696928e+00
-1.780397139552394092e+00 -1.407794849990697594e+00
-1.780397139552395869e+00 -1.407794849990696706e+00
-1.780397139552392760e+00 -1.407794849990698705e+00
-1.780397139552393204e+00 -1.407794849990697372e+00
-1.780397139552392982e+00 -1.407794849990698038e+00
-1.780397139552392982e+00 -1.407794849990698483e+00
-1.780397139552396091e+00 -1.419242396937544504e+00
-1.780397139552390096e+00 -1.419242396937542283e+00
-1.780397139552394092e+00 -1.419242396937543838e+00
-1.780397139552394092e+00 -1.419242396937542949e+00
-1.823816331180323935e+00 -1.419242396937543393e+00
-1.823816331180323713e+00 -1.419242396937543171e+00
-1.823816331180320605e+00 -1.419242396937543393e+00
-1.823816331180322603e+00 -1.448471365631764707e+00
-1.823816331180322825e+00 -1.448471365631765817e+00
-1.823816331180321493e+00 -1.448471365631765817e+00
-1.823816331180319716e+00 -1.448471365631764485e+00
-1.823816331180324601e+00 -1.448471365631764041e+00
-1.823816331180319494e+00 -1.448471365631765373e+00
-1.823816331180323935e+00 -1.448471365631767371e+00
-1.823816331180324379e+00 -1.448471365631765595e+00
-1.823816331180320605e+00 -1.448471365631763152e+00
-1.823816331180323047e+00 -1.448471365631763152e+00
-1.833464063509670394e+00 -1.448471365631764263e+00
-1.833464063509671060e+00 -1.448471365631763375e+00
-1.833464063509670838e+00 -1.448471365631763375e+00
-1.833464063509667952e+00 -1.448471365631765817e+00
-1.833464063509671282e+00 -1.448471365631764041e+00
-1.833464063509672837e+00 -1.448471365631765151e+00
-1.833464063509670172e+00 -1.448471365631764485e+00
-1.833464063509672393e+00 -1.448471365631763819e+00
-1.833464063509673059e+00 -1.448471365631765595e+00
-1.833464063509667508e+00 -1.448471365631763819e+00
-1.833464063509674391e+00 -1.448471365631764041e+00
-1.833464063509673947e+00 -1.448471365631763375e+00
-1.833464063509673947e+00 -1.448471365631764263e+00
-1.833464063509668396e+00 -1.448471365631763819e+00
-1.833464063509667286e+00 -1.448471365631763819e+00
-1.833769353346527353e+00 -1.448471365631762486e+00
-1.834130165484869623e+00 -1.448471365631764929e+00
-1.834130165484870068e+00 -1.448570583379761523e+00
-1.834130165484870512e+00 -1.467737305220703448e+00
-1.834130165484872954e+00 -1.467737305220703226e+00
-1.834130165484871178e+00 -1.467737305220703892e+00
-1.834130165484870068e+00 -1.467737305220703670e+00
-1.834130165484867847e+00 -1.467737305220703448e+00
-1.834130165484873176e+00 -1.467737305220703448e+00
-1.834130165484864294e+00 -1.467737305220705224e+00
-1.848911539286696604e+00 -1.467737305220703004e+00
-1.848911539286697936e+00 -1.467737305220706556e+00
-1.848911539286696604e+00 -1.467737305220702781e+00
-1.848911539286697492e+00 -1.467737305220702781e+00
-1.848911539286696604e+00 -1.467737305220705890e+00
-1.848911539286696382e+00 -1.467737305220703892e+00
-1.848911539286698158e+00 -1.474015487234969113e+00
-1.867821155517901843e+00 -1.474015487234969779e+00
-1.867821155517901843e+00 -1.474015487234968891e+00
-1.867821155517900511e+00 -1.474015487234967559e+00
-1.867821155517899623e+00 -1.474015487234969557e+00
-1.867821155517899179e+00 -1.474015487234968225e+00
-1.867821155517901177e+00 -1.474015487234969557e+00
-1.867821155517899623e+00 -1.474015487234970445e+00
-1.867821155517903176e+00 -1.474015487234968891e+00
-1.868237720032280169e+00 -1.474015487234969557e+00
-1.868237720032279947e+00 -1.474015487234968891e+00
-1.868237720032280613e+00 -1.474015487234967781e+00
-1.868237720032280391e+00 -1.474015487234968447e+00
-1.868237720032281945e+00 -1.474015487234969779e+00
-1.868237720032280169e+00 -1.481348660038509735e+00
-1.868237720032279281e+00 -1.481348660038510401e+00
-1.868237720032283500e+00 -1.481348660038509957e+00
