-1.428891486594427773e+00 -1.045536560212482868e+00
-1.429296066827042910e+00 -1.045933555557294614e+00
-1.429708410608174995e+00 -1.046337366767611243e+00
-1.430128741953631710e+00 -1.046748284531646478e+00
-1.430557293573640365e+00 -1.047166633340880670e+00
-1.430994307305950786e+00 -1.047592778484145892e+00
-1.431440034576376030e+00 -1.048027134980549446e+00
-1.431894736889056441e+00 -1.048470179113250467e+00
-1.432358686348905508e+00 -1.048922463496604118e+00
-1.432832166219051517e+00 -1.049384637009680210e+00
-1.433315471516344086e+00 -1.049857471532739783e+00
-1.433808909648431440e+00 -1.050341898349753222e+00
-1.434312801096245149e+00 -1.050839058531535475e+00
-1.434827480146348755e+00 -1.051350373939111682e+00
-1.435353295678079899e+00 -1.051877649302292772e+00
-1.435890612011163858e+00 -1.052423222257859114e+00
-1.436439809820239333e+00 -1.052990189384683140e+00
-1.437001287123733206e+00 -1.053582756242086083e+00
-1.437575460355626333e+00 -1.054206796419998371e+00
-1.438162765530014875e+00 -1.054870775736993060e+00
-1.438763659510071014e+00 -1.055587339741802744e+00
-1.439378621394950208e+00 -1.056376156774071040e+00
-1.440008154040672395e+00 -1.057269235066573554e+00
-1.440652785734028773e+00 -1.058321266427082907e+00
-1.441313072042263332e+00 -1.059630160508846286e+00
-1.441989597865998451e+00 -1.061376175453770720e+00
-1.442682979728657999e+00 -1.063880966681475027e+00
-1.443393868343149533e+00 -1.067629389921313621e+00
-1.444122951505961039e+00 -1.073103527616289909e+00
-1.444870957381126697e+00 -1.080475091597620674e+00
-1.445638658252257125e+00 -1.089540396838130532e+00
-1.446426874841728383e+00 -1.099923988325656854e+00
-1.447236481323502133e+00 -1.111262493914799920e+00
-1.448068411192853233e+00 -1.123274173719669200e+00
-1.448923664205856721e+00 -1.135760170727478258e+00
-1.449803314669249055e+00 -1.148584821187663474e+00
-1.450708521454868727e+00 -1.161655904205019407e+00
-1.451640540243921418e+00 -1.174910004862309121e+00
-1.452600738692077842e+00 -1.188302696285706173e+00
-1.453590615473806968e+00 -1.201802165700681435e+00
-1.454611824555012589e+00 -1.215385090439836446e+00
-1.455666206623725145e+00 -1.229033939677207199e+00
-1.456755830487236336e+00 -1.242735173373678004e+00
-1.457883048600332909e+00 -1.256478006215017817e+00
-1.459050573028397135e+00 -1.270253525984721854e+00
-1.460261581603641501e+00 -1.284054028404982617e+00
-1.461519869759082768e+00 -1.297872471428945795e+00
-1.462830073294010269e+00 -1.311701971084104468e+00
-1.464198004531348740e+00 -1.325535261864947856e+00
-1.465631175726932689e+00 -1.339364024789439833e+00
-1.466810251664554920e+00 -1.339549107643437376e+00
-1.468017405349839155e+00 -1.339743538694326608e+00
-1.469253605798913620e+00 -1.339948107328409854e+00
-1.470519868505485439e+00 -1.340163695330137683e+00
-1.471817258809642759e+00 -1.340391290779326061e+00
-1.473146895669360745e+00 -1.340632004522927634e+00
-1.474509955907540526e+00 -1.340887089792433429e+00
-1.475907679024351715e+00 -1.341157965686536002e+00
-1.477341372686482357e+00 -1.341446245431820561e+00
-1.478812419032655034e+00 -1.341753770587361450e+00
-1.480322281971001575e+00 -1.342082652693133316e+00
-1.481872515690862535e+00 -1.342435324306904265e+00
-1.483464774673558750e+00 -1.342814601971425992e+00
-1.485100825568614891e+00 -1.343223764462899483e+00
-1.486782561411694958e+00 -1.343666650778677862e+00
-1.488512018808546333e+00 -1.344147783852060574e+00
-1.490291398911323117e+00 -1.344672528118733279e+00
-1.492123093292170077e+00 -1.345247292077111467e+00
-1.494009716207485461e+00 -1.345879791296372696e+00
-1.495954145295155246e+00 -1.346579393560452864e+00
-1.497959573532697375e+00 -1.347357576963664538e+00
-1.500029576425562672e+00 -1.348228545303810089e+00
-1.502168200078853655e+00 -1.349210065424909732e+00
-1.504380078333068749e+00 -1.350324621993382657e+00
-1.506670591008736126e+00 -1.351601032475691744e+00
-1.509046081332857892e+00 -1.353076738093382358e+00
-1.511514160233361492e+00 -1.354801099319304925e+00
-1.514084140891750474e+00 -1.356840196720144442e+00
-1.516767673283924811e+00 -1.359283891514569964e+00
-1.519579693913557294e+00 -1.362256238958120980e+00
-1.522539886975037504e+00 -1.365930681640794786e+00
-1.525675002633803956e+00 -1.370551356639765572e+00
-1.529022664121636454e+00 -1.376459936428560571e+00
-1.532637864168318931e+00 -1.384120063620473573e+00
-1.536604525542382804e+00 -1.394112322267540005e+00
-1.541056995437529720e+00 -1.407041843068045583e+00
-1.546221646692035989e+00 -1.423296580491355989e+00
-1.552499016689165678e+00 -1.442695861357567111e+00
-1.560617984911087941e+00 -1.464215602647919390e+00
-1.571847711873948672e+00 -1.485932591939360448e+00
-1.587931515531526339e+00 -1.505364492622924377e+00
-1.610025945951861104e+00 -1.520714464442789904e+00
-1.637533309999662068e+00 -1.532093767980950316e+00
-1.668852065467582246e+00 -1.540756832897487660e+00
-1.702607439830546632e+00 -1.547837369075268921e+00
-1.737927870127015995e+00 -1.554041677830227286e+00
-1.774295381580388797e+00 -1.559776242324706352e+00
-1.811395824538619914e+00 -1.565283185427576385e+00
-1.849030263334032087e+00 -1.570720863477416795e+00
-1.887066981322895964e+00 -1.576209358660926041e+00
-1.887411492710579841e+00 -1.576915793792401210e+00
-1.887766768797753070e+00 -1.577661742372596931e+00
-1.888133335051867867e+00 -1.578450958427818795e+00
-1.888511751666168248e+00 -1.579287698516144145e+00
-1.888902616440775395e+00 -1.580176803264290442e+00
-1.889306567950234328e+00 -1.581123791922859123e+00
-1.889724289030486393e+00 -1.582134970638000349e+00
-1.890156510622628128e+00 -1.583217553954346934e+00
-1.890604016015628108e+00 -1.584379796836670629e+00
-1.891067645535943642e+00 -1.585631130630404284e+00
-1.891548301738233961e+00 -1.586982290095153791e+00
-1.892046955159000232e+00 -1.588445409091541860e+00
-1.892564650703249418e+00 -1.590034049145714556e+00
-1.893102514744235521e+00 -1.591763108616324196e+00
-1.893661763027433498e+00 -1.593648543971009968e+00
-1.894243709482911209e+00 -1.595706826988050553e+00
-1.894849776065113955e+00 -1.597954076722280625e+00
-1.895481503756207164e+00 -1.600404859794889889e+00
-1.896140564888887603e+00 -1.603070755222983923e+00
-1.896828776967178998e+00 -1.605958911144389711e+00
-1.897548118189914534e+00 -1.609070921579798918e+00
-1.898300744911373350e+00 -1.612402344369058493e+00
-1.899089011307871777e+00 -1.615943029349891091e+00
-1.899915491558001213e+00 -1.619678182505786657e+00
-1.900783004888577654e+00 -1.623589880241961714e+00
-1.901694643888081071e+00 -1.627658670159817467e+00
-1.902653806545278270e+00 -1.631864960558173872e+00
-1.903664232532020995e+00 -1.636190041571617515e+00
-1.904730044315983806e+00 -1.640616715463960151e+00
-1.905855793759673622e+00 -1.645129598122973880e+00
-1.907046514933830039e+00 -1.649715185346146917e+00
-1.908307783942419400e+00 -1.654361773933843871e+00
-1.909645786615378427e+00 -1.659059308581942505e+00
-1.911067394963793076e+00 -1.663799204262834674e+00
-1.912580253293706622e+00 -1.668574176487524596e+00
-1.914192874815706880e+00 -1.673378100446664574e+00
-1.915914749433202724e+00 -1.678205914518215547e+00
-1.917756463094581809e+00 -1.683053583754004601e+00
-1.919729828586494547e+00 -1.687918145327762298e+00
-1.921848026838064216e+00 -1.692797873091939520e+00
-1.924125756583865643e+00 -1.697692628680915083e+00
-1.926579388455496034e+00 -1.702604526135504948e+00
-1.929227117077164211e+00 -1.707539156817627912e+00
-1.932089101369745210e+00 -1.712507869597576837e+00
-1.935187578904189243e+00 -1.717532123095026675e+00
-1.938546934794563636e+00 -1.722651980553695727e+00
-1.942193699534095153e+00 -1.727942472018235698e+00
-1.946156444023582788e+00 -1.733540807968462438e+00
-1.950465535108115267e+00 -1.739665779505060073e+00
-1.955152713288243138e+00 -1.746540842336181010e+00
-1.957643416128922453e+00 -1.756354443934795562e+00
-1.960318489147264254e+00 -1.766948169169773930e+00
-1.963199010940551048e+00 -1.777930325138987522e+00
-1.966309085423375347e+00 -1.789172667571011344e+00
-1.969676261256169569e+00 -1.800611569333464335e+00
-1.973331956836282153e+00 -1.812202930242144516e+00
-1.977311848676155615e+00 -1.823909018824662054e+00
-1.981656152384256186e+00 -1.835693883263815218e+00
-1.986409686883077397e+00 -1.847521759078077253e+00
-1.991621567022411554e+00 -1.859356929414489601e+00
-1.997344328658962276e+00 -1.871164635519579456e+00
-2.003632278099294783e+00 -1.882913001975434097e+00
-2.010538913736555688e+00 -1.894576010309735548e+00
-2.018113434495439229e+00 -1.906137429528723892e+00
-2.026396640815202765e+00 -1.917595326584850213e+00
-2.035416885636938122e+00 -1.928966414243029837e+00
-2.045186982540478926e+00 -1.940289218423095319e+00
-2.055702928965495779e+00 -1.951625065062993825e+00
-2.066944875743526477e+00 -1.963056286128786132e+00
-2.078880125809849932e+00 -1.974681685477869930e+00
-2.091467394238953670e+00 -1.986609890585729010e+00
-2.104661362103247502e+00 -1.998951515420784419e+00
-2.118416726815670614e+00 -2.011811065766114126e+00
-2.132691315455741421e+00 -2.025279388068688569e+00
-2.147448179459662043e+00 -2.039427338375744636e+00
-2.162656814458137511e+00 -2.054301244697549933e+00
-2.178293736316048612e+00 -2.069920575982654221e+00
-2.194342635748725900e+00 -2.086277952721041551e+00
-2.210794278002821578e+00 -2.103341274308810238e+00
-2.227646244636984463e+00 -2.121057417830826797e+00
-2.244902548330834247e+00 -2.139356803883950775e+00
-2.262573095593269024e+00 -2.158158171096382638e+00
-2.280672929990563258e+00 -2.177373101144055134e+00
-2.299221166094502333e+00 -2.196910087643380916e+00
-2.318239532096642463e+00 -2.216678147257085563e+00
-2.337750489078167071e+00 -2.236590070121194262e+00
-2.357774992794903657e+00 -2.256565386097305836e+00
-2.378330095831624025e+00 -2.276533012598745298e+00
-2.399426712506087522e+00 -2.296433412436583055e+00
-2.421067924893032242e+00 -2.316220006057361669e+00
-2.443248146724369185e+00 -2.335859613005163649e+00
-2.465953284128290512e+00 -2.355331847389584343e+00
-2.489161802111444999e+00 -2.374627600036888886e+00
-2.512846416600847732e+00 -2.393746912751402167e+00
-2.536976050519464287e+00 -2.412696620093737199e+00
-2.561517725647313615e+00 -2.431488093288727725e+00
-2.586438167305872504e+00 -2.450135310862625815e+00
-2.611705020011626299e+00 -2.468653356699793022e+00
-2.637287669286480174e+00 -2.487057347644286764e+00
-2.663157723154114365e+00 -2.505361733724478679e+00
-2.663369083395271453e+00 -2.505405723223335990e+00
-2.663586951654465462e+00 -2.505451017798454583e+00
-2.663811684589611151e+00 -2.505497687273938734e+00
-2.664043667041698260e+00 -2.505545807029117000e+00
-2.664283314923260093e+00 -2.505595458590200497e+00
-2.664531078470103065e+00 -2.505646730301513525e+00
-2.664787445910477892e+00 -2.505699718089168027e+00
-2.665052947615389467e+00 -2.505754526332805820e+00
-2.665328160804904201e+00 -2.505811268863921804e+00
-2.665613714898890318e+00 -2.505870070113210168e+00
-2.665910297616968627e+00 -2.505931066434034182e+00
-2.666218661952242108e+00 -2.505994407634965171e+00
-2.666539634167377049e+00 -2.506060258761698467e+00
-2.666874122991043095e+00 -2.506128802177924886e+00
-2.667223130228603800e+00 -2.506200240006384306e+00
-2.667587763045331073e+00 -2.506274797006395438e+00
-2.667969248235134927e+00 -2.506352723983349406e+00
-2.668368948855817546e+00 -2.506434301850638757e+00
-2.668788383696814925e+00 -2.506519846497141657e+00
-2.669229250151882837e+00 -2.506609714656319099e+00
-2.669693451203462686e+00 -2.506704311030260257e+00
-2.670183127395730605e+00 -2.506804096998827003e+00
-2.670700694890300930e+00 -2.506909601348544570e+00
-2.671248890976634538e+00 -2.507021433599248894e+00
-2.671830828767878696e+00 -2.507140300706102831e+00
-2.672450063277835852e+00 -2.507267028195990566e+00
-2.673110671681779849e+00 -2.507402587199714983e+00
-2.673817351360740613e+00 -2.507548129426541372e+00
-2.674575540381829430e+00 -2.507705032993192251e+00
-2.675391566467090865e+00 -2.507874963324627338e+00
-2.676272832375674149e+00 -2.508059955354930537e+00
-2.677228048142689776e+00 -2.508262526429658745e+00
-2.678267524023730584e+00 -2.508485834452895524e+00
-2.679403542618355338e+00 -2.508733904410611171e+00
-2.680650834943441030e+00 -2.509011961248682088e+00
-2.682027193808790511e+00 -2.509326933784230551e+00
-2.683554269507160583e+00 -2.509688244597898521e+00
-2.685258608537837155e+00 -2.510109100706732654e+00
-2.687173016860489927e+00 -2.510608711121495418e+00
-2.689338355698768446e+00 -2.511216339537260644e+00
-2.691805909437358313e+00 -2.511979304159522197e+00
-2.694640496965239773e+00 -2.512980379823175792e+00
-2.697924515569023018e+00 -2.514380519195333452e+00
-2.701763074594490277e+00 -2.516538960118162027e+00
-2.706290216423842043e+00 -2.520371290392010355e+00
-2.711675782671655544e+00 -2.527905299078728962e+00
-2.718131516714859419e+00 -2.540358702696412063e+00
-2.725913236862735900e+00 -2.555763045476059592e+00
-2.735313494788058630e+00 -2.572329898997724573e+00
-2.746637548315825406e+00 -2.589309993129348175e+00
-2.748534878846771612e+00 -2.592510231236177631e+00
-2.750463729051815687e+00 -2.595794928087227227e+00
-2.752424670112254557e+00 -2.599164064046235012e+00
-2.754418283390595690e+00 -2.602617443685348864e+00
-2.756445160806233918e+00 -2.606154710811568798e+00
-2.758505905252042645e+00 -2.609775364443389201e+00
-2.760601131056497071e+00 -2.613478775168750712e+00
-2.762731464496545275e+00 -2.617264201375903543e+00
-2.764897544366950122e+00 -2.621130804924473257e+00
-2.767100022612512422e+00 -2.625077665907331159e+00
-2.769339565030191519e+00 -2.629103796238512647e+00
-2.771616852048952584e+00 -2.633208151882510339e+00
-2.773932579596027015e+00 -2.637389643612551904e+00
-2.776287460059127188e+00 -2.641647146247512623e+00
-2.778682223355329217e+00 -2.645979506367458711e+00
-2.781117618118262858e+00 -2.650385548547065540e+00
-2.783594413016699853e+00 -2.654864080174372809e+00
-2.786113398218822645e+00 -2.659413894941057954e+00
-2.788675387017980789e+00 -2.664033775100960177e+00
-2.791281217637293643e+00 -2.668722492597292106e+00
-2.793931755232071268e+00 -2.673478809157504354e+00
-2.796627894110884416e+00 -2.678301475449419655e+00
-2.799370560197667501e+00 -2.683189229383945218e+00
-2.802160713759240807e+00 -2.688140793639878012e+00
-2.804999352424157877e+00 -2.693154872475285178e+00
-2.807887514520305938e+00 -2.698230147879044249e+00
-2.810826282759969708e+00 -2.703365275105192644e+00
-2.813816788301495286e+00 -2.708558877623101768e+00
-2.816860215216694385e+00 -2.713809541507756329e+00
-2.819957805391739125e+00 -2.719115809287977470e+00
-2.823110863886225008e+00 -2.724476173266053625e+00
-2.826320764769993943e+00 -2.729889068321000423e+00
-2.829588957448840869e+00 -2.735352864210319090e+00
-2.832916973477856093e+00 -2.740865857392478677e+00
-2.836306433843440278e+00 -2.746426262405765595e+00
-2.839759056670245752e+00 -2.752032202860158261e+00
-2.843276665275821014e+00 -2.757681702129082701e+00
-2.846861196451275777e+00 -2.763372673869826102e+00
-2.850514708788401741e+00 -2.769102912556865359e+00
-2.854239390799909959e+00 -2.774870084284295935e+00
-2.858037568487362012e+00 -2.780671718184130281e+00
-2.861911711899268518e+00 -2.786505198918000747e+00
-2.865864440089100906e+00 -2.792367760831505841e+00
-2.869898523731643003e+00 -2.798256484511059128e+00
-2.874016884491401136e+00 -2.804168296647083558e+00
-2.878222590069659415e+00 -2.810099974274099743e+00
-2.882518843705153433e+00 -2.816048154609542387e+00
-2.886908966794149212e+00 -2.822009351822077683e+00
-2.891396373265690212e+00 -2.827979982090143007e+00
-2.895984534442558100e+00 -2.833956398216611383e+00
-2.897199731017056301e+00 -2.836294714179540044e+00
-2.898440299220366168e+00 -2.838657654793120599e+00
-2.899707338358245678e+00 -2.841044644026037957e+00
-2.901002013936408552e+00 -2.843455045096880962e+00
-2.902325561131570364e+00 -2.845888158726259221e+00
-2.903679288103429457e+00 -2.848343221738074416e+00
-2.905064579028711069e+00 -2.850819406138510814e+00
-2.906482896708588282e+00 -2.853315818831489104e+00
-2.907935784567011961e+00 -2.855831502163963975e+00
-2.909424867819905725e+00 -2.858365435532525645e+00
-2.910951853555310720e+00 -2.860916538323501346e+00
-2.912518529424253266e+00 -2.863483674499986531e+00
-2.914126760604447419e+00 -2.866065659187986281e+00
-2.915778484668464898e+00 -2.868661267645328472e+00
-2.917475703970639600e+00 -2.871269247015851622e+00
-2.919220475170039908e+00 -2.873888331269263130e+00
-2.921014895539432832e+00 -2.876517259696314888e+00
-2.922861085780878110e+00 -2.879154799259146191e+00
-2.924761169186752330e+00 -2.881799770980250752e+00
-2.926717247156076507e+00 -2.884451080383430011e+00
-2.928731371301817266e+00 -2.887107751775613185e+00
-2.930805512659005796e+00 -2.889768965884897067e+00
-2.932941528810899978e+00 -2.892434100063297375e+00
-2.935141130064353288e+00 -2.895102769948471710e+00
-2.937405846090431982e+00 -2.897774871192863699e+00
-2.939736994659228220e+00 -2.900450619653582862e+00
-2.942135654196931682e+00 -2.903130588333944662e+00
-2.944602641843966140e+00 -2.905815739411183873e+00
-2.947138498479232371e+00 -2.908507449891345242e+00
-2.949743481804076861e+00 -2.911207529793051751e+00
-2.952417568083865351e+00 -2.913918232243565942e+00
-2.955160462581270853e+00 -2.916642255416009633e+00
-2.957971618151937321e+00 -2.919382736776278353e+00
-2.960850260980066651e+00 -2.922143240571541511e+00
-2.963795422065164331e+00 -2.924927739821325368e+00
-2.966805972866355390e+00 -2.927740594231492466e+00
-2.969880663475944260e+00 -2.930586525431302380e+00
-2.973018161813277160e+00 -2.933470590749207574e+00
-2.976217092570373257e+00 -2.936398156426917261e+00
-2.979476074959876097e+00 -2.939374870765571579e+00
-2.982793758672463547e+00 -2.942406637245268186e+00
-2.986168857809058164e+00 -2.945499587197248470e+00
-2.989600182889697866e+00 -2.948660051164460061e+00
-2.993086671341772309e+00 -2.951894527680285485e+00
-2.996627417134996030e+00 -2.955209647837095943e+00
-3.000221700464244634e+00 -2.958612133711020054e+00
-3.003869018597967955e+00 -2.962108748458707641e+00
-3.007569119225539822e+00 -2.965706235706289995e+00
-3.011322037870064250e+00 -2.969411245710788183e+00
-3.015128141203185397e+00 -2.973230245689368445e+00
-3.015491704428912012e+00 -2.975824636741447371e+00
-3.015867498645409039e+00 -2.978506502963199409e+00
-3.016256784561148319e+00 -2.981278627233158840e+00
-3.016661190120622393e+00 -2.984143551533697813e+00
-3.017082890656861860e+00 -2.987103392663146284e+00
-3.017524909167947023e+00 -2.990159536590240918e+00
-3.017991639914008761e+00 -2.993312108184102094e+00
-3.018489810267269924e+00 -2.996559001333559458e+00
-3.019030356912005164e+00 -2.999893993327052755e+00
-3.019632341066513348e+00 -3.003302818814729935e+00
-3.020331706860837961e+00 -3.006754399243133591e+00
-3.021201833069937948e+00 -3.010180277620969846e+00
-3.022398522769436102e+00 -3.013429614144162105e+00
-3.024209441658167741e+00 -3.016219732070974491e+00
-3.026909507070924654e+00 -3.018280711999164367e+00
-3.030427406618120934e+00 -3.019688855823714047e+00
-3.034491815057733799e+00 -3.020720452022936708e+00
-3.038915067010516946e+00 -3.021568084948967226e+00
-3.043606530663693022e+00 -3.022327243292956211e+00
-3.048524578258728912e+00 -3.023044332266073830e+00
-3.053649687350759478e+00 -3.023743555858652954e+00
-3.058972656217085362e+00 -3.024438686153595679e+00
-3.064489395066565258e+00 -3.025138258390125845e+00
-3.070198476192010251e+00 -3.025848008968267777e+00
-3.076099899583850217e+00 -3.026572100184521386e+00
-3.082194430066687030e+00 -3.027313775914262095e+00
-3.088483221013100355e+00 -3.028075733426424332e+00
-3.094967590566302551e+00 -3.028860345598130888e+00
-3.101648883585807592e+00 -3.029669800472122976e+00
-3.108528384286680435e+00 -3.030506193302956675e+00
-3.115607260322047267e+00 -3.031371590421713780e+00
-3.122886527265705592e+00 -3.032268076011966684e+00
-3.130367026895507276e+00 -3.033197788424126795e+00
-3.138049415172503576e+00 -3.034162950151544358e+00
-3.145934157256129460e+00 -3.035165894150498644e+00
-3.154021527759044208e+00 -3.036209088343833962e+00
-3.162311614975755969e+00 -3.037295159658936150e+00
-3.170804328155478302e+00 -3.038426918680419586e+00
-3.179499407109549036e+00 -3.039607385875219503e+00
-3.188396433593106760e+00 -3.040839820336101784e+00
-3.197494844006194104e+00 -3.042127752075488356e+00
-3.206793943037220984e+00 -3.043475019089767919e+00
-3.216292917931476758e+00 -3.044885810725285413e+00
-3.225990853115417334e+00 -3.046364719352063766e+00
-3.235886744946769866e+00 -3.047916803057297841e+00
-3.245979516394288833e+00 -3.049547663115873330e+00
-3.256268031479732095e+00 -3.051263541547855951e+00
-3.266751109339979475e+00 -3.053071446400637878e+00
-3.277427537789224576e+00 -3.054979315915058002e+00
-3.288296086280619424e+00 -3.056996238115026188e+00
-3.288631883957657376e+00 -3.057776065476284000e+00
-3.288973885150722865e+00 -3.058571983254758653e+00
-3.289322305324530848e+00 -3.059384805572056720e+00
-3.289677371310771647e+00 -3.060215465186474582e+00
-3.290039322112810360e+00 -3.061065044401758417e+00
-3.290408409781183430e+00 -3.061934816548564253e+00
-3.290784900367217158e+00 -3.062826302418933277e+00
-3.291169074963074870e+00 -3.063741348164755518e+00
-3.291561230837395602e+00 -3.064682234485990975e+00
-3.291961682676872059e+00 -3.065651832162411772e+00
-3.292370763945408729e+00 -3.066653827318171821e+00
-3.292788828373910182e+00 -3.067693053182831253e+00
-3.293216251595343369e+00 -3.068775986494855168e+00
-3.293653432941662018e+00 -3.069911500079964828e+00
-3.294100797421240401e+00 -3.071112011731894409e+00
-3.294558797897884084e+00 -3.072395226925596301e+00
-3.295027917495211511e+00 -3.073786691401560134e+00
-3.295508672253371518e+00 -3.075323167788297507e+00
-3.296001614068506225e+00 -3.077055925996170060e+00
-3.296507333949597385e+00 -3.079050570728758096e+00
-3.297026465631743619e+00 -3.081376674516097758e+00
-3.297559689590292997e+00 -3.084083294315317136e+00
-3.298107737506177362e+00 -3.087173828887757931e+00
-3.298671397239535619e+00 -3.090605260331666493e+00
-3.299251518376356440e+00 -3.094312346122428892e+00
-3.299849018421491476e+00 -3.098232114191905140e+00
-3.300464889721073547e+00 -3.102314699011534671e+00
-3.301100207208155446e+00 -3.106523963598822657e+00
-3.301756137077286102e+00 -3.110834501678199082e+00
-3.302433946506944551e+00 -3.115228423648097156e+00
-3.303135014562817329e+00 -3.119692887161290340e+00
-3.303860844429939991e+00 -3.124218393446369646e+00
-3.304613077137212862e+00 -3.128797653232447740e+00
-3.305393506953126614e+00 -3.133424835188204138e+00
-3.306204098645573630e+00 -3.138095062102199240e+00
-3.307047006810207801e+00 -3.142804065996165352e+00
-3.307924597478080653e+00 -3.147547945393240898e+00
-3.308839472211772659e+00 -3.152322988642234147e+00
-3.309794494884565008e+00 -3.157125540210917514e+00
-3.310792821303735423e+00 -3.161951895024683878e+00
-3.311837931777755095e+00 -3.166798211100212868e+00
-3.312933666626576734e+00 -3.171660434072869794e+00
-3.314084264479900455e+00 -3.176534229462514958e+00
-3.315294402980744515e+00 -3.181414920115192224e+00
-3.316569241188956241e+00 -3.186297427485845102e+00
-3.317914462535121789e+00 -3.191176216479069350e+00
-3.319336316583022306e+00 -3.196045244571586341e+00
-3.320841657095351618e+00 -3.200897916989701386e+00
-3.322437972951276297e+00 -3.205727050861194805e+00
-3.324133407350101876e+00 -3.210524852517206540e+00
-3.324747432049997009e+00 -3.211461845738015963e+00
-3.325383621113877197e+00 -3.212423767985087775e+00
-3.326043173184078494e+00 -3.213411452404188573e+00
-3.326727372633783819e+00 -3.214425764894609294e+00
-3.327437597110277423e+00 -3.215467605616144642e+00
-3.328175325853833133e+00 -3.216537910574487125e+00
-3.328942148881429475e+00 -3.217637653288469402e+00
-3.329739777135447110e+00 -3.218767846542433642e+00
-3.330570053709677847e+00 -3.219929544226749485e+00
-3.331434966278752796e+00 -3.221123843269237952e+00
-3.332336660872315726e+00 -3.222351885659667126e+00
-3.333277457152325152e+00 -3.223614860569042229e+00
-3.334259865370576836e+00 -3.224914006564576052e+00
-3.335286605204299537e+00 -3.226250613920331300e+00
-3.336360626690123343e+00 -3.227626027022495236e+00
-3.337485133501129297e+00 -3.229041646866980475e+00
-3.338663608837653118e+00 -3.230498933645645554e+00
-3.339899844229661241e+00 -3.231999409416107749e+00
-3.341197971576392867e+00 -3.233544660848466812e+00
-3.342562498776343372e+00 -3.235136342041164959e+00
-3.343998349326191111e+00 -3.236776177397127086e+00
-3.345510906288961195e+00 -3.238465964551209719e+00
-3.347106061046302372e+00 -3.240207577340825207e+00
-3.348790267253431097e+00 -3.242002968814474695e+00
-3.350570600402260180e+00 -3.243854174278190783e+00
-3.352454823361143976e+00 -3.245763314389274345e+00
-3.354451458188887347e+00 -3.247732598321120268e+00
-3.356569864403365688e+00 -3.249764327044734280e+00
-3.358820323705649979e+00 -3.255395399478083540e+00
-3.361214130899111918e+00 -3.265945786562870712e+00
-3.363763690376174509e+00 -3.276557331421943609e+00
-3.366482617045643000e+00 -3.287227887680230776e+00
-3.369385839910962854e+00 -3.297955510934222456e+00
-3.372489705653482162e+00 -3.308738417415177935e+00
-3.375812078497408830e+00 -3.319574954162136660e+00
-3.379372431317118508e+00 -3.330463576869276299e+00
-3.383191921394317792e+00 -3.341402833021001051e+00
-3.387293442477374406e+00 -3.352391348779656166e+00
-3.391701642922823723e+00 -3.363427818607504616e+00
-3.396442897865564081e+00 -3.374510996928155926e+00
-3.401545221816161479e+00 -3.385639691340646351e+00
-3.407038107172343899e+00 -3.396812757036846708e+00
-3.412952274312538670e+00 -3.408029092165913099e+00
-3.419319320740977552e+00 -3.419287633953888239e+00
-3.430587355432214824e+00 -3.430587355432214380e+00
-3.441927262661753417e+00 -3.441927262661750309e+00
-3.453306392363359567e+00 -3.453306392363359123e+00
-3.464723809884028949e+00 -3.464723809884027617e+00
-3.476178607441622770e+00 -3.476178607441620994e+00
-3.487669902601872707e+00 -3.487669902601868710e+00
-3.488466739680110340e+00 -3.488466739680107231e+00
-3.489281722016077669e+00 -3.489281722016074561e+00
-3.490115539919211862e+00 -3.490115539919210086e+00
-3.490968920841490242e+00 -3.490968920841486245e+00
-3.491842632064478646e+00 -3.491842632064476426e+00
-3.492737483633713946e+00 -3.492737483633713058e+00
-3.493654331567288995e+00 -3.493654331567288107e+00
-3.494594081368952665e+00 -3.494594081368951333e+00
-3.495557691879415341e+00 -3.495557691879414453e+00
-3.496546179503636775e+00 -3.496546179503635887e+00
-3.497560622856213275e+00 -3.497560622856212387e+00
-3.498602167871748936e+00 -3.498602167871748492e+00
-3.499672033432441154e+00 -3.499672033432439378e+00
-3.500771517570620883e+00 -3.500771517570619107e+00
-3.501902004309988214e+00 -3.501902004309985550e+00
-3.503064971215526846e+00 -3.503064971215525958e+00
-3.504261997728218780e+00 -3.504261997728217892e+00
-3.505494774366847199e+00 -3.505494774366846755e+00
-3.506765112884437929e+00 -3.506765112884435265e+00
-3.508074957471249977e+00 -3.508074957471249977e+00
-3.509426397098376338e+00 -3.509426397098374117e+00
-3.510821679095173842e+00 -3.510821679095172954e+00
-3.512263224048433941e+00 -3.512263224048433052e+00
-3.513753642099063157e+00 -3.513753642099062269e+00
-3.515295750691260324e+00 -3.515295750691259435e+00
-3.516892593795603261e+00 -3.516892593795599709e+00
-3.518547462577926055e+00 -3.518547462577924723e+00
-3.520263917414965693e+00 -3.520263917414963473e+00
-3.522045811060085185e+00 -3.522045811060084297e+00
-3.523897312632307877e+00 -3.523897312632306988e+00
-3.525822931932716564e+00 -3.525822931932715232e+00
-3.527827543380383624e+00 -3.527827543380383624e+00
-3.529916408602345790e+00 -3.529916408602345790e+00
-3.532095196413011617e+00 -3.532095196413009841e+00
-3.534369998589104167e+00 -3.534369998589101947e+00
-3.536747339511111754e+00 -3.536747339511110866e+00
-3.539234177442378559e+00 -3.539234177442377671e+00
-3.541837895012149851e+00 -3.541837895012148962e+00
-3.544566276439454100e+00 -3.544566276439453212e+00
-3.547427469273191303e+00 -3.547427469273190415e+00
-3.550429929023481979e+00 -3.550429929023480646e+00
-3.553582346085866650e+00 -3.553582346085865762e+00
-3.556893555819347963e+00 -3.556893555819347075e+00
-3.560372434437863109e+00 -3.560372434437862221e+00
-3.564027785290439621e+00 -3.564027785290437400e+00
-3.567868221782948268e+00 -3.567868221782944715e+00
-3.571902054181471442e+00 -3.571902054181470554e+00
-3.576137187362116610e+00 -3.576137187362115721e+00
-3.580581034854455780e+00 -3.580581034854455336e+00
-3.585240451084954039e+00 -3.585240451084954039e+00
-3.587177209149067458e+00 -3.587177209149067458e+00
-3.589182506088449465e+00 -3.589182506088448577e+00
-3.591260357791111968e+00 -3.591260357791108859e+00
-3.593414740447527844e+00 -3.593414740447526068e+00
-3.595649491125489039e+00 -3.595649491125488151e+00
-3.597968195390937041e+00 -3.597968195390935264e+00
-3.600374067895085073e+00 -3.600374067895085073e+00
-3.603049653042599054e+00 -3.602869834181533726e+00
-3.607172283088232678e+00 -3.605457623575816672e+00
-3.611329482585039941e+00 -3.608138883351518889e+00
-3.615521150146529195e+00 -3.610914323066531484e+00
-3.619747181361111288e+00 -3.613783895047294692e+00
-3.624007468914935082e+00 -3.616746812924645837e+00
-3.628301902709686555e+00 -3.619801605692690050e+00
-3.632630369975553553e+00 -3.622946200878616629e+00
-3.636992755379343745e+00 -3.626178027807717363e+00
-3.641388941128139045e+00 -3.629494130973006882e+00
-3.645818807068558876e+00 -3.632891284092964579e+00
-3.650282230781966231e+00 -3.636366097155488752e+00
-3.654779087675838589e+00 -3.639915111048573237e+00
-3.659309251071583002e+00 -3.643534876748161455e+00
-3.663872592289142638e+00 -3.647222018095657159e+00
-3.668468980728593731e+00 -3.650973278755737628e+00
-3.673098283949173037e+00 -3.654785554958331684e+00
-3.677760367745935621e+00 -3.658655916158742194e+00
-3.682455096224452884e+00 -3.662581615908318433e+00
-3.687182331873779528e+00 -3.666560095135161568e+00
-3.691941935638065608e+00 -3.670588979795167628e+00
-3.696733766987056136e+00 -3.674666074548767369e+00
-3.701557683985841507e+00 -3.678789353802293771e+00
-3.706413543364026619e+00 -3.682956951157852821e+00
-3.711301200584706805e+00 -3.687167148058347887e+00
-3.716220509913391812e+00 -3.691418362200846293e+00
-3.721171324487162035e+00 -3.695709136120284288e+00
-3.726153496384286612e+00 -3.700038126213032186e+00
-3.731166876694409051e+00 -3.704404092369514956e+00
-3.736211315589593074e+00 -3.708805888311221377e+00
-3.741286662396268614e+00 -3.713242452674689886e+00
-3.746392765668287161e+00 -3.717712800847935650e+00
-3.751529473261153935e+00 -3.722216017540350474e+00
-3.756696632407544811e+00 -3.726751250051020037e+00
-3.761894089794166618e+00 -3.731317702191333296e+00
-3.767121691640036296e+00 -3.735914628812856630e+00
-3.772379283776172709e+00 -3.740541330890063243e+00
-3.777666711726741955e+00 -3.745197151107992006e+00
-3.782983820791641083e+00 -3.749881469906945153e+00
-3.788330456130510004e+00 -3.754593701939150652e+00
-3.793706462848129402e+00 -3.759333292895507661e+00
-3.799111686081137140e+00 -3.764099716664074613e+00
-3.804545971086066292e+00 -3.768892472785299930e+00
-3.804590488353762012e+00 -3.768935360591050721e+00
-3.804635108316479553e+00 -3.768978357879568364e+00
-3.804679831332651307e+00 -3.769021465072801558e+00
-3.804724657762323492e+00 -3.769064682594758686e+00
-3.804769587967173461e+00 -3.769108010871506931e+00
-3.804814622310515482e+00 -3.769151450331183373e+00
-3.804859761157307396e+00 -3.769195001404015866e+00
-3.804905004874166607e+00 -3.769238664522314597e+00
-3.804950353829365639e+00 -3.769282440120516942e+00
-3.804995808392862333e+00 -3.769326328635153267e+00
-3.805041368936283419e+00 -3.769370330504913102e+00
-3.805087035832956044e+00 -3.769414446170615385e+00
-3.805132809457909104e+00 -3.769458676075229775e+00
-3.805178690187870139e+00 -3.769503020663904191e+00
-3.805224678401301297e+00 -3.769547480383961702e+00
-3.805270774478383800e+00 -3.769592055684921394e+00
-3.805316978801043248e+00 -3.769636747018505485e+00
-3.805363291752947408e+00 -3.769681554838647752e+00
-3.805409713719533737e+00 -3.769726479601519298e+00
-3.805456245087994294e+00 -3.769771521765535649e+00
-3.805502886247303262e+00 -3.769816681791358981e+00
-3.805549637588230283e+00 -3.769861960141924317e+00
-3.805596499503333341e+00 -3.769907357282450633e+00
-3.805643472386981419e+00 -3.769952873680450178e+00
-3.805690556635361599e+00 -3.769998509805734699e+00
-3.805737752646495053e+00 -3.770044266130446076e+00
-3.805785060820221499e+00 -3.770090143129053217e+00
-3.805832481558253377e+00 -3.770136141278377817e+00
-3.805880015264148764e+00 -3.770182261057590356e+00
-3.805927662343337126e+00 -3.770228502948243854e+00
-3.805975423203126429e+00 -3.770274867434284971e+00
-3.806023298252721787e+00 -3.770321355002046015e+00
-3.806071287903221911e+00 -3.770367966140282689e+00
-3.806119392567638648e+00 -3.770414701340178087e+00
-3.806167612660908084e+00 -3.770461561095353353e+00
-3.806215948599900756e+00 -3.770508545901889885e+00
-3.806264400803432757e+00 -3.770555656258340882e+00
-3.806312969692266179e+00 -3.770602892665734451e+00
-3.806361655689141532e+00 -3.770650255627608693e+00
-3.806410459218769748e+00 -3.770697745650003263e+00
-3.806459380707855278e+00 -3.770745363241496673e+00
-3.806508420585099639e+00 -3.770793108913197411e+00
-3.806557579281213854e+00 -3.770840983178777694e+00
-3.806606857228934881e+00 -3.770888986554480127e+00
-3.806656254863032274e+00 -3.770937119559127026e+00
-3.806705772620328609e+00 -3.770985382714147516e+00
-3.806755410939689721e+00 -3.771033776543581073e+00
-3.806805170262066884e+00 -3.771082301574101514e+00
-3.806855051030479942e+00 -3.771130958335025429e+00
-3.806905053690053276e+00 -3.771179747358329504e+00
-3.806936292974770097e+00 -3.771212563176436383e+00
-3.806967576868334202e+00 -3.771245430894257122e+00
-3.806998905472207984e+00 -3.771278350631866338e+00
-3.807030278888153596e+00 -3.771311322509691255e+00
-3.807061697218237839e+00 -3.771344346648506374e+00
-3.807093160564817946e+00 -3.771377423169436138e+00
-3.807124669030572672e+00 -3.771410552193951382e+00
-3.807156222718465433e+00 -3.771443733843876434e+00
-3.807187821731786936e+00 -3.771476968241390892e+00
-3.807219466174114331e+00 -3.771510255509032739e+00
-3.807251156149351168e+00 -3.771543595769677903e+00
-3.807282891761691879e+00 -3.771576989146575354e+00
-3.807314673115656856e+00 -3.771610435763331104e+00
-3.807346500316065363e+00 -3.771643935743901110e+00
-3.807378373468057742e+00 -3.771677489212601486e+00
-3.807410292677082086e+00 -3.771711096294120491e+00
-3.807442258048904904e+00 -3.771744757113496771e+00
-3.807474269689605784e+00 -3.771778471796140675e+00
-3.807506327705587168e+00 -3.771812240467823152e+00
-3.807538432203557477e+00 -3.771846063254680193e+00
-3.807570583290555088e+00 -3.771879940283220822e+00
-3.807602781073934128e+00 -3.771913871680311114e+00
-3.807635025661372019e+00 -3.771947857573201279e+00
-3.807667317160868148e+00 -3.771981898089504792e+00
-3.807699655680742534e+00 -3.772015993357200614e+00
-3.807732041329645600e+00 -3.772050143504655839e+00
-3.807764474216553285e+00 -3.772084348660599495e+00
-3.807796954450760385e+00 -3.772118608954144747e+00
-3.807829482141898758e+00 -3.772152924514773353e+00
-3.807862057399935107e+00 -3.772187295472358315e+00
-3.807894680335150550e+00 -3.772221721957133678e+00
-3.807927351058171705e+00 -3.772256204099733612e+00
-3.807960069679952486e+00 -3.772290742031159549e+00
-3.807992836311781648e+00 -3.772325335882808162e+00
-3.808025651065290784e+00 -3.772359985786451819e+00
-3.808058514052436117e+00 -3.772394691874247918e+00
-3.808091425385521589e+00 -3.772429454278752203e+00
-3.808124385177184212e+00 -3.772464273132896118e+00
-3.808157393540412272e+00 -3.772499148570010785e+00
-3.808190450588514686e+00 -3.772534080723812355e+00
-3.808223556435170298e+00 -3.772569069728409552e+00
-3.808256711194380806e+00 -3.772604115718309004e+00
-3.808289914980507174e+00 -3.772639218828408580e+00
-3.808323167908247875e+00 -3.772674379194000949e+00
-3.808356470092655766e+00 -3.772709596950788669e+00
-3.808389821649130091e+00 -3.772744872234851776e+00
-3.808423222693421817e+00 -3.772780205182689084e+00
-3.808456673341629184e+00 -3.772815595931192867e+00
-3.808490173710212812e+00 -3.772851044617660410e+00
-3.808523723915981929e+00 -3.772886551379794007e+00
-3.808570115521725086e+00 -3.772907129754448974e+00
-3.808616539184547456e+00 -3.772927729401095664e+00
-3.808662994930929635e+00 -3.772948350351583713e+00
-3.808709482787367762e+00 -3.772968992637805830e+00
-3.808756002780382843e+00 -3.772989656291721339e+00
-3.808802554936507878e+00 -3.773010341345337526e+00
-3.808849139282305174e+00 -3.773031047830715412e+00
-3.808895755844340147e+00 -3.773051775779967976e+00
-3.808942404649214630e+00 -3.773072525225263707e+00
-3.808989085723538448e+00 -3.773093296198826163e+00
-3.809035799093937413e+00 -3.773114088732929083e+00
-3.809082544787065316e+00 -3.773134902859900830e+00
-3.809129322829592379e+00 -3.773155738612129717e+00
-3.809176133248202589e+00 -3.773176596022045803e+00
-3.809222976069604805e+00 -3.773197475122148425e+00
-3.809269851320520761e+00 -3.773218375944974223e+00
-3.809316759027696619e+00 -3.773239298523128671e+00
-3.809363699217895860e+00 -3.773260242889262539e+00
-3.809410671917895730e+00 -3.773281209076089660e+00
-3.809457677154502342e+00 -3.773302197116363388e+00
-3.809504714954528914e+00 -3.773323207042910798e+00
-3.809551785344816199e+00 -3.773344238888599822e+00
-3.809598888352220936e+00 -3.773365292686353900e+00
-3.809646024003616738e+00 -3.773386368469160423e+00
-3.809693192325896316e+00 -3.773407466270050747e+00
-3.809740393345977694e+00 -3.773428586122118400e+00
-3.809787627090786888e+00 -3.773449728058506647e+00
-3.809834893587279669e+00 -3.773470892112419595e+00
-3.809882192862419359e+00 -3.773492078317112863e+00
-3.809929524943195478e+00 -3.773513286705898473e+00
-3.809976889856616644e+00 -3.773534517312139958e+00
-3.810024287629708351e+00 -3.773555770169264800e+00
-3.810071718289510301e+00 -3.773577045310745781e+00
-3.810119181863091509e+00 -3.773598342770124514e+00
-3.810166678377526761e+00 -3.773619662580973699e+00
-3.810214207859921487e+00 -3.773641004776952190e+00
-3.810261770337391773e+00 -3.773662369391756144e+00
-3.810309365837079021e+00 -3.773683756459140337e+00
-3.810356994386135288e+00 -3.773705166012917722e+00
-3.810404656011735725e+00 -3.773726598086955875e+00
-3.810452350741076799e+00 -3.773748052715177437e+00
-3.810500078601365193e+00 -3.773769529931564115e+00
-3.810547839619840893e+00 -3.773791029770154903e+00
-3.810595633823749218e+00 -3.773812552265038978e+00
-3.810643461240355911e+00 -3.773834097450366798e+00
-3.810691321896951589e+00 -3.773855665360341227e+00
-3.810739215820844628e+00 -3.773877256029229965e+00
-3.810787143039353619e+00 -3.773898869491345565e+00
-3.810835103579822913e+00 -3.773920505781069412e+00
-3.810883097469616398e+00 -3.773942164932827747e+00
-3.810838119986401651e+00 -3.773898884225436845e+00
-3.810793155092725204e+00 -3.773855617268071949e+00
-3.810748202785871008e+00 -3.773812364059247582e+00
-3.810703263063133228e+00 -3.773769124597476488e+00
-3.810658335921798479e+00 -3.773725898881270080e+00
-3.810613421359155151e+00 -3.773682686909145545e+00
-3.810568519372494301e+00 -3.773639488679611631e+00
-3.810523629959094993e+00 -3.773596304191182860e+00
-3.810478753116254502e+00 -3.773553133442363539e+00
-3.810433888841253669e+00 -3.773509976431665081e+00
-3.810389037131378664e+00 -3.773466833157602451e+00
-3.810344197983914327e+00 -3.773423703618667968e+00
-3.810299371396149937e+00 -3.773380587813384590e+00
-3.810254557365365891e+00 -3.773337485740248631e+00
-3.810209755888848804e+00 -3.773294397397768396e+00
-3.810164966963880850e+00 -3.773251322784445083e+00
-3.810120190587747757e+00 -3.773208261898783444e+00
-3.810075426757730810e+00 -3.773165214739288231e+00
-3.810030675471113515e+00 -3.773122181304454870e+00
-3.809985936725176270e+00 -3.773079161592790776e+00
-3.809941210517203469e+00 -3.773036155602790931e+00
-3.809896496844474623e+00 -3.772993163332956978e+00
-3.809851795704267907e+00 -3.772950184781783012e+00
-3.809807107093869938e+00 -3.772907219947770230e+00
-3.809762431010557560e+00 -3.772864268829415835e+00
-3.809717767451606285e+00 -3.772821331425211255e+00
-3.809673116414301841e+00 -3.772778407733652806e+00
-3.809628477895919740e+00 -3.772735497753232359e+00
-3.809583851893739048e+00 -3.772692601482445340e+00
-3.809539238405032169e+00 -3.772649718919784512e+00
-3.809494637427084829e+00 -3.772606850063741746e+00
-3.809450048957169432e+00 -3.772563994912802254e+00
-3.809405472992564157e+00 -3.772521153465458799e+00
-3.809360909530542294e+00 -3.772478325720201919e+00
-3.809316358568388239e+00 -3.772435511675515052e+00
-3.809271820103361073e+00 -3.772392711329889181e+00
-3.809227294132756292e+00 -3.772349924681809519e+00
-3.809182780653829870e+00 -3.772307151729756391e+00
-3.809138279663866644e+00 -3.772264392472220340e+00
-3.809093791160134579e+00 -3.772221646907680803e+00
-3.809049315139910519e+00 -3.772178915034625213e+00
-3.809004851600465091e+00 -3.772136196851531675e+00
-3.808960400539073810e+00 -3.772093492356878297e+00
-3.808915961953005525e+00 -3.772050801549151178e+00
-3.808871535839532640e+00 -3.772008124426826203e+00
-3.808827122195925341e+00 -3.771965460988382368e+00
-3.808782721019456474e+00 -3.771922811232296890e+00
-3.808738332307397556e+00 -3.771880175157048321e+00
-3.808693956057013885e+00 -3.771837552761107215e+00
-3.808649592265578754e+00 -3.771794944042956121e+00
