-1.148054452438801443e+00 8.587048230955185435e-02 8.587048230955185435e-02 8.587048230955185435e-02 8.587048230955185435e-02 1.319795417057905151e+00
-1.149215910920809103e+00 8.587048230955174333e-02 8.587048230955185435e-02 8.587048230955185435e-02 8.587048230955185435e-02 1.288502308152743137e+00
-1.150407561622240005e+00 8.587048230955185435e-02 8.587048230955185435e-02 8.587048230955185435e-02 8.587048230955196537e-02 1.257239391467005252e+00
-1.151630550115162022e+00 8.587048230955185435e-02 8.587048230955185435e-02 8.587048230955185435e-02 8.587048230955196537e-02 1.226007812572758482e+00
-1.152886078093352529e+00 8.587048230955174333e-02 8.587048230955185435e-02 8.587048230955185435e-02 8.587048230955185435e-02 1.194808773163779092e+00
-1.154175406673839444e+00 8.587048230955174333e-02 8.587048230955185435e-02 8.587048230955185435e-02 8.587048230955185435e-02 1.163643534357096332e+00
-1.155499859919319361e+00 8.587048230955185435e-02 8.587048230955185435e-02 8.587048230955185435e-02 8.587048230955196537e-02 1.132513420215407463e+00
-1.156860828597363611e+00 8.587048230955185435e-02 8.587048230955185435e-02 8.587048230955185435e-02 8.587048230955196537e-02 1.101419821506282926e+00
-1.158259774193497460e+00 8.587048230955174333e-02 8.587048230955185435e-02 8.587048230955185435e-02 8.587048230955185435e-02 1.070364199715246434e+00
-1.159698233196428729e+00 8.587048230955174333e-02 8.587048230955185435e-02 8.587048230955185435e-02 8.587048230955185435e-02 1.039348091331008916e+00
-1.161177821675010602e+00 8.587048230955185435e-02 8.587048230955185435e-02 8.587048230955185435e-02 8.587048230955196537e-02 1.008373112422421558e+00
-1.162700240167839461e+00 8.587048230955185435e-02 8.587048230955185435e-02 8.587048230955185435e-02 8.587048230955196537e-02 9.774409635280812969e-01
-1.164267278907831438e+00 8.587048230955185435e-02 8.587048230955185435e-02 8.587048230955185435e-02 8.587048230955185435e-02 9.465534348809037102e-01
-1.165880823405569089e+00 8.587048230955185435e-02 8.587048230955185435e-02 8.587048230955185435e-02 8.587048230955185435e-02 9.157124119914723526e-01
-1.167542860416745487e+00 8.587048230955185435e-02 8.587048230955185435e-02 8.587048230955185435e-02 8.587048230955185435e-02 8.849198816154789649e-01
-1.169255484320578020e+00 8.587048230955185435e-02 8.587048230955185435e-02 8.587048230955185435e-02 8.587048230955185435e-02 8.541779381321420450e-01
-1.171020903937666668e+00 8.587048230955185435e-02 8.587048230955185435e-02 8.587048230955185435e-02 8.587048230955185435e-02 8.234887903620616845e-01
-1.172841449817341397e+00 8.587048230955185435e-02 8.587048230955185435e-02 8.587048230955185435e-02 8.587048230955185435e-02 7.928547688545670713e-01
-1.174719582026122700e+00 8.587048230955185435e-02 8.587048230955185435e-02 8.587048230955185435e-02 8.587048230955185435e-02 7.622783336761789208e-01
-1.176657898470423014e+00 8.587048230955185435e-02 8.587048230955185435e-02 8.587048230955185435e-02 8.587048230955185435e-02 7.317620827333102262e-01
-1.178659143788032937e+00 8.587048230955185435e-02 8.587048230955185435e-02 8.587048230955185435e-02 8.587048230955185435e-02 7.013087606637509186e-01
-1.180726218844182940e+00 8.587048230955185435e-02 8.587048230955185435e-02 8.587048230955185435e-02 8.587048230955185435e-02 6.709212683327315796e-01
-1.182862190869019781e+00 8.587048230955185435e-02 8.587048230955185435e-02 8.587048230955185435e-02 8.587048230955185435e-02 6.406026729703988565e-01
-1.185070304274053576e+00 8.587048230955185435e-02 8.587048230955185435e-02 8.587048230955185435e-02 8.587048230955185435e-02 6.103562189882637545e-01
-1.187353992185463003e+00 8.587048230955185435e-02 8.587048230955185435e-02 8.587048230955185435e-02 8.587048230955185435e-02 5.801853395125033952e-01
-1.189716888731911171e+00 8.587048230955185435e-02 8.587048230955185435e-02 8.587048230955185435e-02 8.587048230955185435e-02 5.500936686717823321e-01
-1.192162842123643429e+00 8.587048230955185435e-02 8.587048230955185435e-02 8.587048230955185435e-02 8.587048230955185435e-02 5.200850546763452487e-01
-1.194695928557824915e+00 8.587048230955185435e-02 8.587048230955185435e-02 8.587048230955185435e-02 8.587048230955185435e-02 4.901635737233576706e-01
-1.197320466982215503e+00 8.587048230955185435e-02 8.587048230955185435e-02 8.587048230955185435e-02 8.587048230955185435e-02 4.603335447605790831e-01
-1.200041034745010338e+00 8.587048230955185435e-02 8.587048230955185435e-02 8.587048230955185435e-02 8.587048230955185435e-02 4.305995451362045756e-01
-1.202862484152748435e+00 8.587048230955185435e-02 8.587048230955185435e-02 8.587048230955185435e-02 8.587048230955185435e-02 4.009664271567732197e-01
-1.205789959950191115e+00 8.587048230955185435e-02 8.587048230955185435e-02 8.587048230955185435e-02 8.587048230955185435e-02 3.714393355670465025e-01
-1.208828917725583985e+00 8.587048230955185435e-02 8.587048230955185435e-02 8.587048230955185435e-02 8.587048230955185435e-02 3.420237259552704190e-01
-1.211985143231220974e+00 8.587048230955185435e-02 8.587048230955185435e-02 8.587048230955185435e-02 8.587048230955185435e-02 3.127253840737377888e-01
-1.215264772592149711e+00 8.587048230955185435e-02 8.587048230955185435e-02 8.587048230955185435e-02 8.587048230955185435e-02 2.835504460474972399e-01
-1.218674313354533245e+00 8.587048230955185435e-02 8.587048230955185435e-02 8.587048230955185435e-02 8.587048230955185435e-02 2.545054194227117095e-01
-1.222220666298853953e+00 8.587048230955185435e-02 8.587048230955185435e-02 8.587048230955185435e-02 8.587048230955185435e-02 2.255972049798630474e-01
-1.225911147911004306e+00 8.587048230955184047e-02 8.587048230955185435e-02 8.587048230955186823e-02 8.587048230955186823e-02 1.968331192048438927e-01
-1.229753513365472672e+00 8.587048230955185435e-02 8.587048230955185435e-02 8.587048230955185435e-02 8.587048230955185435e-02 1.682209172721430279e-01
-1.233755979828317084e+00 8.587048230955185435e-02 8.587048230955185435e-02 8.587048230955185435e-02 8.587048230955185435e-02 1.397688163478184031e-01
-1.237927249832522225e+00 8.587048230955185435e-02 8.587048230955185435e-02 8.587048230955185435e-02 8.587048230955185435e-02 1.114855189648542022e-01
-1.242276534413663924e+00 8.338023615882628192e-02 8.587048230955185435e-02 8.587048230955185435e-02 8.587048230955185435e-02 8.587048230955185435e-02
-1.246813575618778813e+00 5.546270997677185677e-02 8.587048230955185435e-02 8.587048230955185435e-02 8.587048230955185435e-02 8.587048230955185435e-02
-1.251548667915239665e+00 2.774323488606368973e-02 8.587048230955185435e-02 8.587048230955185435e-02 8.587048230955185435e-02 8.587048230955185435e-02
-1.256492677929007762e+00 2.326775126626073886e-04 8.587048230955185435e-02 8.587048230955185435e-02 8.587048230955185435e-02 8.587048230955185435e-02
-1.261657061832946791e+00 -2.705750597056807982e-02 8.587048230955185435e-02 8.587048230955185435e-02 8.587048230955185435e-02 8.587048230955185435e-02
-1.267053879586836906e+00 -5.411525560384701505e-02 8.587048230955185435e-02 8.587048230955185435e-02 8.587048230955185435e-02 8.587048230955185435e-02
-1.272695805103025268e+00 -8.092789747482800888e-02 8.587048230955185435e-02 8.587048230955185435e-02 8.587048230955185435e-02 8.587048230955185435e-02
-1.278596131278305403e+00 -1.074821386867169937e-01 8.587048230955185435e-02 8.587048230955185435e-02 8.587048230955185435e-02 8.587048230955185435e-02
-1.284768768698167474e+00 -1.337640686540245705e-01 8.587048230955185435e-02 8.587048230955185435e-02 8.587048230955185435e-02 8.587048230955185435e-02
-1.291228236690368014e+00 -1.597591680489931776e-01 8.587048230955185435e-02 8.587048230955185435e-02 8.587048230955185435e-02 8.587048230955185435e-02
-1.291228236690368014e+00 -1.597591680489931776e-01 5.918125184744216227e-02 5.918125184744216227e-02 5.918125184744217615e-02 8.587048230955185435e-02
-1.291228236690368014e+00 -1.597591680489931498e-01 3.249202138533247020e-02 3.249202138533249795e-02 3.249202138533249795e-02 8.587048230955185435e-02
-1.291228236690368014e+00 -1.597591680489931498e-01 5.802790923222778119e-03 5.802790923222805874e-03 5.802790923222805874e-03 8.587048230955185435e-02
-1.291228236690368014e+00 -1.597591680489931776e-01 -2.088643953888685845e-02 -2.088643953888685845e-02 -2.088643953888685845e-02 8.587048230955185435e-02
-1.291228236690368014e+00 -1.597591680489931498e-01 -4.757567000099652277e-02 -4.757567000099652277e-02 -4.757567000099649501e-02 8.587048230955185435e-02
-1.291228236690368014e+00 -1.597591680489931776e-01 -7.426490046310624260e-02 -7.426490046310624260e-02 -7.426490046310622872e-02 8.587048230955185435e-02
-1.291228236690368014e+00 -1.597591680489931221e-01 -1.009541309252159069e-01 -1.009541309252159069e-01 -1.009541309252158792e-01 8.587048230955185435e-02
-1.291228236690368014e+00 -1.597591680489931776e-01 -1.276433613873255712e-01 -1.276433613873255712e-01 -1.276433613873255712e-01 8.587048230955184047e-02
-1.291228236690368014e+00 -1.597591680489931776e-01 -1.543325918494352911e-01 -1.543325918494352633e-01 -1.543325918494352356e-01 8.587048230955184047e-02
-1.291228236690368014e+00 -1.810218223115448999e-01 -1.810218223115448999e-01 -1.810218223115448999e-01 -1.597591680489931776e-01 8.587048230955185435e-02
-1.291228236690368014e+00 -2.077110527736546475e-01 -2.077110527736546475e-01 -2.077110527736546475e-01 -1.597591680489931776e-01 8.587048230955185435e-02
-1.291228236690368014e+00 -2.344002832357643396e-01 -2.344002832357643396e-01 -2.344002832357643396e-01 -1.597591680489931776e-01 8.587048230955185435e-02
-1.291228236690368014e+00 -2.610895136978740871e-01 -2.610895136978739761e-01 -2.610895136978739206e-01 -1.597591680489931498e-01 8.587048230955182659e-02
-1.291228236690368014e+00 -2.877787441599837237e-01 -2.877787441599837237e-01 -2.877787441599837237e-01 -1.597591680489932053e-01 8.587048230955190986e-02
-1.291228236690368014e+00 -3.144679746220933048e-01 -3.144679746220933048e-01 -3.144679746220933048e-01 -1.597591680489931776e-01 8.587048230955185435e-02
-1.291228236690368014e+00 -3.411572050842029968e-01 -3.411572050842029968e-01 -3.411572050842029968e-01 -1.597591680489931776e-01 8.587048230955185435e-02
-1.291228236690368014e+00 -3.678464355463126889e-01 -3.678464355463126889e-01 -3.678464355463126889e-01 -1.597591680489931776e-01 8.587048230955185435e-02
-1.291228236690368014e+00 -3.945356660084224920e-01 -3.945356660084223810e-01 -3.945356660084222700e-01 -1.597591680489930943e-01 8.587048230955179884e-02
-1.291228236690368014e+00 -4.212248964705320731e-01 -4.212248964705320731e-01 -4.212248964705320731e-01 -1.597591680489931776e-01 8.587048230955185435e-02
-1.291228236690368014e+00 -4.479141269326416541e-01 -4.479141269326416541e-01 -4.479141269326416541e-01 -1.597591680489931776e-01 8.587048230955184047e-02
-1.291228236690368014e+00 -4.746033573947513462e-01 -4.746033573947513462e-01 -4.746033573947513462e-01 -1.597591680489931776e-01 8.587048230955184047e-02
-1.291228236690368014e+00 -5.012925878568611493e-01 -5.012925878568611493e-01 -5.012925878568611493e-01 -1.597591680489931776e-01 8.587048230955184047e-02
-1.291228236690368014e+00 -5.279818183189707304e-01 -5.279818183189707304e-01 -5.279818183189707304e-01 -1.597591680489931776e-01 8.587048230955184047e-02
-1.291228236690368014e+00 -5.546710487810805335e-01 -5.546710487810805335e-01 -5.546710487810805335e-01 -1.597591680489931776e-01 8.587048230955182659e-02
-1.291228236690368014e+00 -5.813602792431901145e-01 -5.813602792431901145e-01 -5.813602792431901145e-01 -1.597591680489931776e-01 8.587048230955185435e-02
-1.291228236690368014e+00 -6.080495097052998066e-01 -6.080495097052998066e-01 -6.080495097052998066e-01 -1.597591680489931776e-01 8.587048230955184047e-02
-1.291228236690368014e+00 -6.347387401674093876e-01 -6.347387401674093876e-01 -6.347387401674093876e-01 -1.597591680489931776e-01 8.587048230955186823e-02
-1.291228236690368014e+00 -6.614279706295191907e-01 -6.614279706295191907e-01 -6.614279706295191907e-01 -1.597591680489931776e-01 8.587048230955185435e-02
-1.291228236690368014e+00 -6.881172010916287718e-01 -6.881172010916287718e-01 -6.881172010916287718e-01 -1.597591680489931776e-01 8.587048230955188211e-02
-1.291228236690368014e+00 -7.148064315537384639e-01 -7.148064315537384639e-01 -7.148064315537384639e-01 -1.597591680489931776e-01 8.587048230955185435e-02
-1.291228236690368014e+00 -7.414956620158482670e-01 -7.414956620158482670e-01 -7.414956620158482670e-01 -1.597591680489931776e-01 8.587048230955185435e-02
-1.291228236690368014e+00 -7.681848924779580701e-01 -7.681848924779577370e-01 -7.681848924779577370e-01 -1.597591680489930943e-01 8.587048230955174333e-02
-1.291228236690368014e+00 -7.948741229400675401e-01 -7.948741229400675401e-01 -7.948741229400675401e-01 -1.597591680489931776e-01 8.587048230955188211e-02
-1.291228236690368014e+00 -8.215633534021773432e-01 -8.215633534021773432e-01 -8.215633534021771212e-01 -1.597591680489932331e-01 8.587048230955168782e-02
-1.291228236690368014e+00 -8.482525838642869243e-01 -8.482525838642869243e-01 -8.482525838642869243e-01 -1.597591680489931776e-01 8.587048230955185435e-02
-1.291228236690368014e+00 -8.749418143263965053e-01 -8.749418143263965053e-01 -8.749418143263965053e-01 -1.597591680489931776e-01 8.587048230955188211e-02
-1.291228236690368014e+00 -9.016310447885063084e-01 -9.016310447885063084e-01 -9.016310447885063084e-01 -1.597591680489931776e-01 8.587048230955188211e-02
-1.291228236690368014e+00 -9.283202752506161115e-01 -9.283202752506160005e-01 -9.283202752506157784e-01 -1.597591680489932608e-01 8.587048230955185435e-02
-1.291228236690368014e+00 -9.550095057127256926e-01 -9.550095057127256926e-01 -9.550095057127255815e-01 -1.597591680489932053e-01 8.587048230955174333e-02
-1.291228236690368014e+00 -9.816987361748352736e-01 -9.816987361748350516e-01 -9.816987361748350516e-01 -1.597591680489933164e-01 8.587048230955179884e-02
-1.291228236690368014e+00 -1.008387966636945077e+00 -1.008387966636945077e+00 -1.008387966636945077e+00 -1.597591680489931776e-01 8.587048230955182659e-02
-1.291228236690368014e+00 -1.035077197099054658e+00 -1.035077197099054658e+00 -1.035077197099054658e+00 -1.597591680489931776e-01 8.587048230955188211e-02
-1.291228236690368014e+00 -1.061766427561164239e+00 -1.061766427561164239e+00 -1.061766427561164239e+00 -1.597591680489931776e-01 8.587048230955185435e-02
-1.291228236690368014e+00 -1.088455658023274264e+00 -1.088455658023274264e+00 -1.088455658023274264e+00 -1.597591680489931776e-01 8.587048230955182659e-02
-1.291228236690368014e+00 -1.115144888485383845e+00 -1.115144888485383845e+00 -1.115144888485383845e+00 -1.597591680489931776e-01 8.587048230955185435e-02
-1.291228236690368014e+00 -1.141834118947493426e+00 -1.141834118947493426e+00 -1.141834118947493426e+00 -1.597591680489931776e-01 8.587048230955185435e-02
-1.291228236690368014e+00 -1.168523349409603007e+00 -1.168523349409603007e+00 -1.168523349409603007e+00 -1.597591680489931776e-01 8.587048230955185435e-02
-1.291228236690368014e+00 -1.195212579871713032e+00 -1.195212579871713032e+00 -1.195212579871713032e+00 -1.597591680489931776e-01 8.587048230955185435e-02
-1.291228236690368014e+00 -1.221901810333822169e+00 -1.221901810333822169e+00 -1.221901810333822169e+00 -1.597591680489931776e-01 8.587048230955185435e-02
-1.291228236690368014e+00 -1.248591040795932194e+00 -1.248591040795932194e+00 -1.248591040795932194e+00 -1.597591680489931776e-01 8.587048230955185435e-02
-1.291228236690368014e+00 -1.248591040795932194e+00 -1.248591040795932194e+00 -1.248591040795932194e+00 -1.597591680489931776e-01 6.645436504842827663e-02
-1.291228236690368014e+00 -1.248591040795932194e+00 -1.248591040795932194e+00 -1.248591040795932194e+00 -1.597591680489931776e-01 4.703824778730453238e-02
-1.291228236690368014e+00 -1.248591040795932194e+00 -1.248591040795932194e+00 -1.248591040795932194e+00 -1.597591680489931776e-01 2.762213052618089915e-02
-1.291228236690368014e+00 -1.248591040795932194e+00 -1.248591040795932194e+00 -1.248591040795932194e+00 -1.597591680489931776e-01 8.206013265057265915e-03
-1.291228236690368014e+00 -1.248591040795932194e+00 -1.248591040795932194e+00 -1.248591040795932194e+00 -1.597591680489931776e-01 -1.121010399606642283e-02
-1.291228236690368014e+00 -1.248591040795932194e+00 -1.248591040795932194e+00 -1.248591040795932194e+00 -1.597591680489931776e-01 -3.062622125719005606e-02
-1.291228236690368014e+00 -1.248591040795932194e+00 -1.248591040795932194e+00 -1.248591040795932194e+00 -1.597591680489931776e-01 -5.004233851831363378e-02
-1.291228236690368014e+00 -1.248591040795932194e+00 -1.248591040795932194e+00 -1.248591040795932194e+00 -1.597591680489931776e-01 -6.945845577943743354e-02
-1.291228236690368014e+00 -1.248591040795932194e+00 -1.248591040795932194e+00 -1.248591040795932194e+00 -1.597591680489931776e-01 -8.887457304056101126e-02
-1.291228236690368014e+00 -1.248591040795932194e+00 -1.248591040795932194e+00 -1.248591040795932194e+00 -1.597591680489931776e-01 -1.082906903016845335e-01
-1.291228236690368014e+00 -1.248591040795932194e+00 -1.248591040795932194e+00 -1.248591040795932194e+00 -1.597591680489931776e-01 -1.277068075628083887e-01
-1.291228236690368014e+00 -1.248591040795932194e+00 -1.248591040795932194e+00 -1.248591040795932194e+00 -1.597591680489931776e-01 -1.471229248239319110e-01
-1.291228236690368014e+00 -1.248591040795932194e+00 -1.248591040795932194e+00 -1.248591040795932194e+00 -1.665390420850555164e-01 -1.597591680489931776e-01
-1.291228236690368014e+00 -1.248591040795932194e+00 -1.248591040795932194e+00 -1.248591040795932194e+00 -1.859551593461793717e-01 -1.597591680489931776e-01
-1.291228236690368014e+00 -1.248591040795932194e+00 -1.248591040795932194e+00 -1.248591040795932194e+00 -2.053712766073028939e-01 -1.597591680489931776e-01
-1.291228236690368014e+00 -1.248591040795932194e+00 -1.248591040795932194e+00 -1.248591040795932194e+00 -2.247873938684264716e-01 -1.597591680489931776e-01
-1.291228236690368014e+00 -1.248591040795932194e+00 -1.248591040795932194e+00 -1.248591040795932194e+00 -2.442035111295502436e-01 -1.597591680489931776e-01
-1.291228236690368014e+00 -1.248591040795932194e+00 -1.248591040795932194e+00 -1.248591040795932194e+00 -2.636196283906738769e-01 -1.597591680489931776e-01
-1.291228236690368014e+00 -1.248591040795932194e+00 -1.248591040795932194e+00 -1.248591040795932194e+00 -2.830357456517974546e-01 -1.597591680489931776e-01
-1.291228236690368014e+00 -1.248591040795932194e+00 -1.248591040795932194e+00 -1.248591040795932194e+00 -3.024518629129212544e-01 -1.597591680489931776e-01
-1.291228236690368014e+00 -1.248591040795932194e+00 -1.248591040795932194e+00 -1.248591040795932194e+00 -3.218679801740448321e-01 -1.597591680489931776e-01
-1.291228236690368014e+00 -1.248591040795932194e+00 -1.248591040795932194e+00 -1.248591040795932194e+00 -3.412840974351683543e-01 -1.597591680489931776e-01
-1.291228236690368014e+00 -1.248591040795932194e+00 -1.248591040795932194e+00 -1.248591040795931972e+00 -3.607002146962920430e-01 -1.597591680489931776e-01
-1.291228236690368014e+00 -1.248591040795932194e+00 -1.248591040795932194e+00 -1.248591040795932194e+00 -3.801163319574157318e-01 -1.597591680489931776e-01
-1.291228236690368014e+00 -1.248591040795932194e+00 -1.248591040795932194e+00 -1.248591040795932194e+00 -3.995324492185392540e-01 -1.597591680489931776e-01
-1.291228236690368014e+00 -1.248591040795932194e+00 -1.248591040795932194e+00 -1.248591040795932194e+00 -4.189485664796630537e-01 -1.597591680489931776e-01
-1.291228236690368014e+00 -1.248591040795932194e+00 -1.248591040795932194e+00 -1.248591040795932194e+00 -4.383646837407866870e-01 -1.597591680489931776e-01
-1.291228236690368014e+00 -1.248591040795932194e+00 -1.248591040795932194e+00 -1.248591040795931972e+00 -4.577808010019103757e-01 -1.597591680489931776e-01
-1.291228236690368014e+00 -1.248591040795932194e+00 -1.248591040795932194e+00 -1.248591040795931972e+00 -4.771969182630340089e-01 -1.597591680489931776e-01
-1.291228236690368014e+00 -1.248591040795932194e+00 -1.248591040795932194e+00 -1.248591040795932194e+00 -4.966130355241576977e-01 -1.597591680489931776e-01
-1.291228236690368014e+00 -1.248591040795932194e+00 -1.248591040795932194e+00 -1.248591040795932194e+00 -5.160291527852813864e-01 -1.597591680489931776e-01
-1.291228236690368014e+00 -1.248591040795932194e+00 -1.248591040795932194e+00 -1.248591040795932194e+00 -5.354452700464049641e-01 -1.597591680489931776e-01
-1.291228236690368014e+00 -1.248591040795932194e+00 -1.248591040795932194e+00 -1.248591040795932194e+00 -5.548613873075286529e-01 -1.597591680489931776e-01
-1.291228236690368014e+00 -1.248591040795932194e+00 -1.248591040795932194e+00 -1.248591040795931972e+00 -5.742775045686523416e-01 -1.597591680489931776e-01
-1.291228236690368014e+00 -1.248591040795932194e+00 -1.248591040795932194e+00 -1.248591040795931972e+00 -5.936936218297759194e-01 -1.597591680489931776e-01
-1.291228236690368014e+00 -1.248591040795932194e+00 -1.248591040795932194e+00 -1.248591040795932194e+00 -6.131097390908994971e-01 -1.597591680489931776e-01
-1.291228236690368014e+00 -1.248591040795932194e+00 -1.248591040795932194e+00 -1.248591040795932194e+00 -6.325258563520234079e-01 -1.597591680489931776e-01
-1.291228236690368014e+00 -1.248591040795932194e+00 -1.248591040795932194e+00 -1.248591040795932194e+00 -6.519419736131468746e-01 -1.597591680489931776e-01
-1.291228236690368014e+00 -1.248591040795932194e+00 -1.248591040795932194e+00 -1.248591040795932194e+00 -6.713580908742704523e-01 -1.597591680489931776e-01
-1.291228236690368014e+00 -1.248591040795932194e+00 -1.248591040795932194e+00 -1.248591040795931972e+00 -6.907742081353941410e-01 -1.597591680489931776e-01
-1.291228236690368014e+00 -1.248591040795932194e+00 -1.248591040795932194e+00 -1.248591040795931972e+00 -7.101903253965179408e-01 -1.597591680489931776e-01
-1.291228236690368014e+00 -1.248591040795932194e+00 -1.248591040795932194e+00 -1.248591040795932194e+00 -7.296064426576415185e-01 -1.597591680489931776e-01
-1.291228236690368014e+00 -1.248591040795932194e+00 -1.248591040795932194e+00 -1.248591040795932194e+00 -7.490225599187652072e-01 -1.597591680489931776e-01
-1.291228236690368014e+00 -1.248591040795932194e+00 -1.248591040795932194e+00 -1.248591040795932194e+00 -7.684386771798887850e-01 -1.597591680489931776e-01
-1.291228236690368014e+00 -1.248591040795932194e+00 -1.248591040795932194e+00 -1.248591040795932194e+00 -7.878547944410123627e-01 -1.597591680489931776e-01
-1.291228236690368014e+00 -1.248591040795932194e+00 -1.248591040795932194e+00 -1.248591040795932194e+00 -8.072709117021360514e-01 -1.597591680489931776e-01
-1.291228236690368014e+00 -1.248591040795932194e+00 -1.248591040795932194e+00 -1.248591040795931972e+00 -8.266870289632596291e-01 -1.597591680489931776e-01
-1.291228236690368014e+00 -1.248591040795932194e+00 -1.248591040795932194e+00 -1.248591040795931972e+00 -8.461031462243833179e-01 -1.597591680489931776e-01
-1.291228236690368014e+00 -1.248591040795932194e+00 -1.248591040795932194e+00 -1.248591040795932194e+00 -8.655192634855071177e-01 -1.597591680489931776e-01
-1.291228236690368014e+00 -1.248591040795932194e+00 -1.248591040795932194e+00 -1.248591040795932194e+00 -8.849353807466306954e-01 -1.597591680489931776e-01
-1.301411164339999704e+00 -1.248591040795932194e+00 -1.248591040795932194e+00 -1.248591040795932194e+00 -8.849353807466306954e-01 -1.623334078231231659e-01
-1.311639810245780025e+00 -1.248591040795931972e+00 -1.248591040795931972e+00 -1.248591040795931750e+00 -8.849353807466309174e-01 -1.648619293411048292e-01
-1.321913259686102515e+00 -1.248591040795932194e+00 -1.248591040795932194e+00 -1.248591040795931972e+00 -8.849353807466306954e-01 -1.673456473245441556e-01
-1.332230611954644761e+00 -1.248591040795932416e+00 -1.248591040795931972e+00 -1.248591040795931750e+00 -8.849353807466309174e-01 -1.697854624797639489e-01
-1.342590980576730431e+00 -1.248591040795932194e+00 -1.248591040795932194e+00 -1.248591040795932194e+00 -8.849353807466306954e-01 -1.721822612814402631e-01
-1.352993493487606891e+00 -1.248591040795932194e+00 -1.248591040795932194e+00 -1.248591040795932194e+00 -8.849353807466306954e-01 -1.745369157943255645e-01
-1.363437293174877940e+00 -1.248591040795932194e+00 -1.248591040795932194e+00 -1.248591040795932194e+00 -8.849353807466306954e-01 -1.768502835308163879e-01
-1.373921536787291675e+00 -1.248591040795932194e+00 -1.248591040795931972e+00 -1.248591040795931750e+00 -8.849353807466304733e-01 -1.791232073421643589e-01
-1.384445396212029555e+00 -1.248591040795931972e+00 -1.248591040795931972e+00 -1.248591040795931750e+00 -8.849353807466309174e-01 -1.813565153411882125e-01
-1.395008058122579886e+00 -1.248591040795932194e+00 -1.248591040795931972e+00 -1.248591040795931750e+00 -8.849353807466304733e-01 -1.835510208543998656e-01
-1.405608723999217213e+00 -1.248591040795932194e+00 -1.248591040795931972e+00 -1.248591040795931750e+00 -8.849353807466304733e-01 -1.857075224015244663e-01
-1.416246610124042515e+00 -1.248591040795932194e+00 -1.248591040795931972e+00 -1.248591040795931750e+00 -8.849353807466304733e-01 -1.878268037004611202e-01
-1.426920947552458685e+00 -1.248591040795932194e+00 -1.248591040795932194e+00 -1.248591040795932194e+00 -8.849353807466306954e-01 -1.899096336958069342e-01
-1.437630982062890528e+00 -1.248591040795932194e+00 -1.248591040795932194e+00 -1.248591040795932194e+00 -8.849353807466306954e-01 -1.919567666091367419e-01
-1.448375974086478113e+00 -1.248591040795932194e+00 -1.248591040795931972e+00 -1.248591040795931750e+00 -8.849353807466304733e-01 -1.939689420093110572e-01
-1.459155198618389715e+00 -1.248591040795931972e+00 -1.248591040795931972e+00 -1.248591040795931750e+00 -8.849353807466305843e-01 -1.959468849011613001e-01
-1.469967945112335972e+00 -1.248591040795932194e+00 -1.248591040795931972e+00 -1.248591040795931750e+00 -8.849353807466304733e-01 -1.978913058309769157e-01
-1.480813517359774512e+00 -1.248591040795932194e+00 -1.248591040795931972e+00 -1.248591040795931750e+00 -8.849353807466304733e-01 -1.998029010073003320e-01
-1.491691233355228352e+00 -1.248591040795932194e+00 -1.248591040795931972e+00 -1.248591040795931750e+00 -8.849353807466304733e-01 -2.016823524356083364e-01
-1.502600425149060337e+00 -1.248591040795932194e+00 -1.248591040795932194e+00 -1.248591040795932194e+00 -8.849353807466306954e-01 -2.035303280655382796e-01
-1.513540438688970591e+00 -1.248591040795932194e+00 -1.248591040795931972e+00 -1.248591040795931750e+00 -8.849353807466304733e-01 -2.053474819493896486e-01
-1.524510633651417812e+00 -1.248591040795932194e+00 -1.248591040795931972e+00 -1.248591040795931750e+00 -8.849353807466304733e-01 -2.071344544107045493e-01
-1.535510383264080403e+00 -1.248591040795932194e+00 -1.248591040795931972e+00 -1.248591040795931750e+00 -8.849353807466304733e-01 -2.088918722218037760e-01
-1.546539074120425461e+00 -1.248591040795932194e+00 -1.248591040795931972e+00 -1.248591040795931750e+00 -8.849353807466305843e-01 -2.106203487892204240e-01
-1.557596105987362201e+00 -1.248591040795932194e+00 -1.248591040795931972e+00 -1.248591040795931750e+00 -8.849353807466309174e-01 -2.123204843460456126e-01
-1.568680891606915040e+00 -1.248591040795932194e+00 -1.248591040795932194e+00 -1.248591040795932194e+00 -8.849353807466306954e-01 -2.139928661502547014e-01
-1.579792856492773900e+00 -1.248591040795932194e+00 -1.248591040795931972e+00 -1.248591040795931750e+00 -8.849353807466309174e-01 -2.156380686881577136e-01
-1.590931438722525737e+00 -1.248591040795932194e+00 -1.248591040795931972e+00 -1.248591040795931750e+00 -8.849353807466304733e-01 -2.172566538821678050e-01
-1.602096088726319589e+00 -1.248591040795931972e+00 -1.248591040795931972e+00 -1.248591040795931750e+00 -8.849353807466309174e-01 -2.188491713021359364e-01
-1.613286269072650603e+00 -1.248591040795932194e+00 -1.248591040795931972e+00 -1.248591040795931750e+00 -8.849353807466304733e-01 -2.204161583795667401e-01
-1.624501454251912502e+00 -1.248591040795932194e+00 -1.248591040795931972e+00 -1.248591040795931750e+00 -8.849353807466304733e-01 -2.219581406240666854e-01
-1.635741130458304049e+00 -1.248591040795932194e+00 -1.248591040795931972e+00 -1.248591040795931750e+00 -8.849353807466309174e-01 -2.234756318414368448e-01
-1.647004795370641261e+00 -1.248591040795932194e+00 -1.248591040795932194e+00 -1.248591040795932194e+00 -8.849353807466306954e-01 -2.249691343528616161e-01
-1.658291957932575666e+00 -1.248591040795932194e+00 -1.248591040795932194e+00 -1.248591040795932194e+00 -8.849353807466306954e-01 -2.264391392146893611e-01
-1.669602138132675773e+00 -1.248591040795931972e+00 -1.248591040795931972e+00 -1.248591040795931750e+00 -8.849353807466309174e-01 -2.278861264383506002e-01
-1.680934866784804527e+00 -1.248591040795932194e+00 -1.248591040795931972e+00 -1.248591040795931750e+00 -8.849353807466304733e-01 -2.293105652099839686e-01
-1.692289685309158465e+00 -1.248591040795932194e+00 -1.248591040795931972e+00 -1.248591040795931750e+00 -8.849353807466305843e-01 -2.307129141093918756e-01
-1.703666145514340258e+00 -1.248591040795932194e+00 -1.248591040795931972e+00 -1.248591040795931750e+00 -8.849353807466309174e-01 -2.320936213279719551e-01
-1.715063809380766191e+00 -1.248591040795932194e+00 -1.248591040795931972e+00 -1.248591040795931750e+00 -8.849353807466304733e-01 -2.334531248853081442e-01
-1.726482248845701895e+00 -1.248591040795932194e+00 -1.248591040795932194e+00 -1.248591040795932194e+00 -8.849353807466306954e-01 -2.347918528441339525e-01
-1.737921045590187230e+00 -1.248591040795932194e+00 -1.248591040795931972e+00 -1.248591040795931750e+00 -8.849353807466304733e-01 -2.361102235234106284e-01
-1.749379790828073045e+00 -1.248591040795932194e+00 -1.248591040795931972e+00 -1.248591040795931750e+00 -8.849353807466304733e-01 -2.374086457092864921e-01
-1.760858085097390280e+00 -1.248591040795932194e+00 -1.248591040795931972e+00 -1.248591040795931750e+00 -8.849353807466304733e-01 -2.386875188637314071e-01
-1.772355538054222190e+00 -1.248591040795932194e+00 -1.248591040795931972e+00 -1.248591040795931750e+00 -8.849353807466304733e-01 -2.399472333306614247e-01
-1.783871768269250868e+00 -1.248591040795932194e+00 -1.248591040795931972e+00 -1.248591040795931750e+00 -8.849353807466304733e-01 -2.411881705393946196e-01
-1.795406403027116848e+00 -1.248591040795932194e+00 -1.248591040795932194e+00 -1.248591040795932194e+00 -8.849353807466306954e-01 -2.424107032052905675e-01
-1.806959078128715701e+00 -1.248591040795932194e+00 -1.248591040795932194e+00 -1.248591040795932194e+00 -8.849353807466306954e-01 -2.436151955274533099e-01
-1.818529437696541073e+00 -1.248591040795932194e+00 -1.248591040795931972e+00 -1.248591040795931750e+00 -8.849353807466304733e-01 -2.448020033833900322e-01
-1.830117133983158118e+00 -1.248591040795932194e+00 -1.248591040795931972e+00 -1.248591040795931750e+00 -8.849353807466304733e-01 -2.459714745205345832e-01
-1.841721827182895677e+00 -1.248591040795932194e+00 -1.248591040795931972e+00 -1.248591040795931750e+00 -8.849353807466304733e-01 -2.471239487445589522e-01
