-1.856313149944656349e+00 -8.238986598734416648e-18
-1.856313149944656349e+00 -1.467860237817714575e+00
-1.856313149944656349e+00 -1.467860237817714131e+00
-1.856313149944656349e+00 -1.467860237817714353e+00
-1.856313149944656571e+00 -1.467860237817714797e+00
-1.856313149944657459e+00 -1.467860237817714575e+00
-1.856313149944656571e+00 -1.467860237817714575e+00
-1.856313149944657015e+00 -1.467860237817714797e+00
-1.856313149944655683e+00 -1.467860237817714353e+00
-1.856313149944656127e+00 -1.467860237817714797e+00
-1.856313149944656127e+00 -1.467860237817714797e+00
-1.856313149944655905e+00 -1.467860237817714575e+00
-1.856313149944655905e+00 -1.467860237817714575e+00
-1.856313149944656349e+00 -1.467860237817715463e+00
-1.856313149944655461e+00 -1.467860237817715685e+00
-1.856313149944656571e+00 -1.467860237817714353e+00
