1.917553141716608511e+00 1.952769748438211606e+00
1.680612316591861166e+00 1.751045530035066689e+00
1.566114022485896706e+00 1.653565161783379533e+00
1.451615728379932246e+00 1.556084793531691268e+00
1.329190281658862771e+00 1.451855488432153063e+00
1.206764834937792408e+00 1.347626183332615302e+00
1.206764834937792186e+00 1.347626183332614636e+00
1.206764834937792408e+00 1.347626183332615302e+00
1.002103263800406152e+00 1.274801496414442292e+00
7.097158138837115215e-01 1.098971824685284648e+00
3.591003119418499923e-01 7.809143519505195030e-01
-7.183992961048444974e-03 4.125281502756251717e-01
-3.602212271877351935e-01 4.090669085250784320e-01
-7.196006088310128446e-01 3.734960698649726907e-01
-7.893372727489303964e-01 3.639313144285993840e-01
-8.592581094226974248e-01 3.456535504278335780e-01
-8.601832526473687235e-01 1.641862547676251616e-01
-8.613332144481732344e-01 -5.866362838383006734e-02
-8.638146262119438257e-01 -1.256386733215474616e-01
-8.679152007783977885e-01 -4.147498891766279172e-01
-8.738681969665917926e-01 -5.009411723205440259e-01
-8.880844122136789531e-01 -6.845627838544132704e-01
-9.059510343433423429e-01 -7.097111771543492820e-01
-9.495109460093752451e-01 -7.594892122204992546e-01
-9.598668233177228837e-01 -8.606114399993884945e-01
-9.781749155294390263e-01 -9.572993154814962713e-01
-9.781749155294390263e-01 -9.572993154814962713e-01
-9.781749155294390263e-01 -9.572993154814962713e-01
-1.041926248965799884e+00 -9.800889165777288969e-01
-1.117582523926238469e+00 -9.941269498282211403e-01
-1.122630097805851657e+00 -9.951334062818848469e-01
-1.127682740513409110e+00 -9.961539070599984003e-01
-1.127624331594242468e+00 -9.961254413867132174e-01
-1.127566009748792286e+00 -9.960969841057706331e-01
-1.120943392008373563e+00 -9.926274544060255112e-01
-1.115398926921188805e+00 -9.893062439270911002e-01
-1.115398926921187472e+00 -9.893062439270909891e-01
-1.115398926921186362e+00 -9.893062439270908781e-01
-1.110682017645515218e+00 -9.861177283043144337e-01
-1.106675010211820354e+00 -9.830970502096806340e-01
-1.218707265772734916e+00 -1.033619363715183370e+00
-1.379193702939643273e+00 -1.085245629397691536e+00
-1.379193702939642829e+00 -1.085245629397692424e+00
-1.379193702939642829e+00 -1.085245629397694422e+00
-1.400712848859213100e+00 -1.098724353796644904e+00
-1.422560136232427386e+00 -1.114025394612825570e+00
-1.422579788124467060e+00 -1.114039752078356038e+00
-1.422599440269130655e+00 -1.114054110672759057e+00
-1.423125152591292464e+00 -1.116105105250878360e+00
-1.423841124282674953e+00 -1.119096749496870657e+00
-1.424547436403391210e+00 -1.122297908647511999e+00
-1.425514906785251057e+00 -1.135919389314292705e+00
-1.426623910538662221e+00 -1.135937552641119730e+00
-1.428658201445308640e+00 -1.144496517159213189e+00
-1.432199161579539748e+00 -1.165502878187793190e+00
-1.438599410645215793e+00 -1.206688302473785335e+00
-1.452578911025201647e+00 -1.266650762838168021e+00
-1.477648703336881919e+00 -1.360246854613945233e+00
-1.480957492145968057e+00 -1.372164227905777301e+00
-1.484500417101909608e+00 -1.384623552672455293e+00
-1.484500417101910053e+00 -1.384623552672455737e+00
-1.484500417101908276e+00 -1.384623552672455959e+00
-1.495471303987898182e+00 -1.420718777122676801e+00
-1.508865669642238672e+00 -1.459080804037722556e+00
-1.509023121802248513e+00 -1.459746293557408592e+00
-1.509202159699253087e+00 -1.472816968056120057e+00
-1.620855280456891201e+00 -1.509902903611001657e+00
-1.821526272747812314e+00 -1.510851251503204207e+00
-1.821677612113561828e+00 -1.589837610170397264e+00
-1.822244601068037317e+00 -1.821891690285441401e+00
-1.822247389141873342e+00 -1.822032985688331053e+00
-1.822250826850449590e+00 -1.822250826850447591e+00
-1.820925039110868449e+00 -1.820925039110868227e+00
-1.819735580733137903e+00 -1.819735580733137015e+00
-1.818677213365502032e+00 -1.818677213365501588e+00
-1.817715564116775040e+00 -1.817715564116774374e+00
-1.817695925552973213e+00 -1.817695925552972769e+00
-1.817676325204544252e+00 -1.817676325204543808e+00
-1.817676325204544696e+00 -1.817676325204544252e+00
-1.817676325204544252e+00 -1.817676325204543808e+00
-1.815975418671173403e+00 -1.815975418671172736e+00
-1.814452363594874829e+00 -1.814452363594873052e+00
-1.813038544446569533e+00 -1.813038544446568423e+00
-1.811762599662441797e+00 -1.811762599662441131e+00
-1.811741289466103355e+00 -1.811741289466102689e+00
-1.811720015731441036e+00 -1.811720015731440148e+00
-1.811720015731441036e+00 -1.811720015731439704e+00
-1.811720015731441702e+00 -1.811720015731440592e+00
-1.821772756744302058e+00 -1.821772756744301169e+00
-1.834397257824925687e+00 -1.834397257824922578e+00
-1.846755437636934838e+00 -1.846755437636933950e+00
-1.946900100407380041e+00 -1.861967239059918899e+00
-1.946900100407381373e+00 -1.861967239059918455e+00
-1.946900100407380485e+00 -1.861967239059918011e+00
-1.950150378214608127e+00 -1.862460966842784060e+00
-1.953403458211501853e+00 -1.862957838889127471e+00
-1.952637569297276388e+00 -1.861744996360677806e+00
-1.951932057658520625e+00 -1.860633675566096157e+00
-1.951932057658522401e+00 -1.860633675566093714e+00
-1.951932057658521957e+00 -1.860633675566096157e+00
-1.951138458887869076e+00 -1.859390385458812966e+00
-1.950414928581302387e+00 -1.858263137214193783e+00
-1.950286962552745917e+00 -1.858064391052736797e+00
-1.950161070720567213e+00 -1.857869049088235469e+00
-1.950922904975483263e+00 -1.879480114203980312e+00
-1.952054248939267378e+00 -1.905435941627279028e+00
-1.952097828426852422e+00 -1.905458150921396365e+00
-1.952142399259789052e+00 -1.905480937710671840e+00
-1.953043811402105812e+00 -1.905481131831897601e+00
-1.954390246658932906e+00 -1.905481417219190288e+00
-1.955187635602325003e+00 -1.905888748711155101e+00
-1.956451803005759382e+00 -1.906430416139346606e+00
-1.957154142070130609e+00 -1.925050727687213303e+00
-1.958352614726432739e+00 -1.948311745363481506e+00
-1.959124669065257729e+00 -1.948651396402746094e+00
-1.960512048366090498e+00 -1.949278909399027926e+00
-1.961018683706620580e+00 -1.949474855085098213e+00
-1.961801258247924507e+00 -1.949810601371054775e+00
-1.962101961555945406e+00 -1.950086443853906726e+00
-1.962526478554589726e+00 -1.950397607539613887e+00
-1.982877022416342117e+00 -1.967993256236629129e+00
-2.004450883470893618e+00 -1.986752396215068828e+00
-2.020387493951238511e+00 -2.000673997805391124e+00
-2.036995355718840273e+00 -2.015232185820463595e+00
-2.036995355718840273e+00 -2.015232185820461819e+00
-2.036995355718839829e+00 -2.015232185820462707e+00
-2.046271936421802717e+00 -2.023381580952801073e+00
-2.055764622767696892e+00 -2.031728899738723282e+00
-2.055790406631980982e+00 -2.031798192551982130e+00
-2.055818821427466414e+00 -2.031874896506197903e+00
-2.055867091630417143e+00 -2.032005984485114602e+00
-2.055924134193043429e+00 -2.032162109185096543e+00
-2.055924215653591069e+00 -2.032162333048017633e+00
-2.055924297133641776e+00 -2.032162556967077816e+00
-2.055924297133641332e+00 -2.032162556967079148e+00
-2.055924297133641776e+00 -2.032162556967078704e+00
-2.056005591464366233e+00 -2.032312138075734076e+00
-2.056105085052305714e+00 -2.032485315126697056e+00
-2.056189546294750148e+00 -2.032579554325449234e+00
-2.056290155026024635e+00 -2.032700734349435212e+00
-2.056315507845583479e+00 -2.032703171900787087e+00
-2.056342424774384003e+00 -2.032706600231968253e+00
-2.056411178363275916e+00 -2.032706657807278994e+00
-2.056491647738512452e+00 -2.032706721817355344e+00
-2.056491647738508011e+00 -2.032706721817355344e+00
-2.056491647738511119e+00 -2.032706721817355344e+00
-2.056516443669178518e+00 -2.032833110155821466e+00
-2.056545019071070790e+00 -2.032984947225899841e+00
-2.056545337835424370e+00 -2.032986679086616455e+00
-2.056545657112709424e+00 -2.032988414585470416e+00
-2.056545944749307964e+00 -2.032989978824548682e+00
-2.056546232803010188e+00 -2.032991546025454177e+00
-2.056546232803008412e+00 -2.032991546025455953e+00
-2.056546232803009744e+00 -2.032991546025454177e+00
-2.056993277485341665e+00 -2.033136394067296848e+00
-2.057483654346395685e+00 -2.033304228383143286e+00
-2.057483679034606716e+00 -2.033304237082471655e+00
-2.057483703722935431e+00 -2.033304245781867969e+00
-2.057496815949823699e+00 -2.033308869788550410e+00
-2.057509961387789410e+00 -2.033313512869352913e+00
-2.057518707822381998e+00 -2.033340884279346117e+00
-2.057527654582435694e+00 -2.033368856743621667e+00
-2.057587197412283686e+00 -2.033576737998491257e+00
-2.057659688714938984e+00 -2.033817430439796237e+00
-2.057717474366008936e+00 -2.034004292412300519e+00
-2.057785562010762792e+00 -2.034229180623084776e+00
-2.057852386306400216e+00 -2.034236715374693194e+00
-2.057935742743303820e+00 -2.034245145444507408e+00
-2.057968832958534833e+00 -2.034366621556347177e+00
-2.058006546926371971e+00 -2.034503453910680992e+00
-2.058051900938688838e+00 -2.034572972123371848e+00
-2.058106795485719065e+00 -2.034738148961307225e+00
-2.058137186849423816e+00 -2.034768582569421724e+00
-2.058170784117122842e+00 -2.034805091262242183e+00
-2.058202594670318852e+00 -2.034805157309530710e+00
-2.058238482536367542e+00 -2.034805229358925605e+00
-2.058310045793199539e+00 -2.034947820471130875e+00
-2.058388385108142149e+00 -2.035099981163412064e+00
-2.058536535789786015e+00 -2.035308986132486897e+00
-2.058715936563876081e+00 -2.035653979817889869e+00
-2.058804453262644607e+00 -2.035750798516305249e+00
-2.058902581707716894e+00 -2.035871795466746459e+00
-2.059051262467828103e+00 -2.035881837250585580e+00
-2.059231292123000046e+00 -2.035893755164509766e+00
-2.059368712573596660e+00 -2.035959010035181649e+00
-2.059520475938666273e+00 -2.036031248287255568e+00
-2.059583666837392357e+00 -2.036061380123639797e+00
-2.059649535946399546e+00 -2.036092822435056071e+00
-2.059650950018217408e+00 -2.036093497809099429e+00
-2.059652365352508063e+00 -2.036094173801816343e+00
-2.059652365352507619e+00 -2.036094173801816343e+00
-2.059652365352507175e+00 -2.036094173801817231e+00
-2.059726657381727222e+00 -2.036183857729692459e+00
-2.059809137847807392e+00 -2.036285447900449519e+00
-2.059882149474390189e+00 -2.036377284537520538e+00
-2.059962307976849427e+00 -2.036480330101492875e+00
-2.059962307976846763e+00 -2.036480330101492875e+00
-2.059962307976850759e+00 -2.036480330101493319e+00
-2.059962368040377356e+00 -2.036480408226005068e+00
-2.059962428108122356e+00 -2.036480486357405084e+00
-2.060084427669031992e+00 -2.036908656457317779e+00
-2.060211055755688747e+00 -2.037351328602691858e+00
-2.060211055755687415e+00 -2.037351328602693190e+00
-2.060211055755684750e+00 -2.037351328602692302e+00
-2.060422717927032465e+00 -2.038087025444759171e+00
-2.060648220570882483e+00 -2.038864533819266800e+00
-2.061243041676580567e+00 -2.040880366698054171e+00
-2.061951702159699362e+00 -2.043205934577675187e+00
-2.061951702159699806e+00 -2.043205934577675187e+00
-2.061951702159701583e+00 -2.043205934577674743e+00
-2.062121258300913862e+00 -2.043529848828621542e+00
-2.062295412762351177e+00 -2.043861038124057838e+00
-2.062365295483289618e+00 -2.043993498695372946e+00
-2.062435935850705615e+00 -2.044127139714347230e+00
-2.064039059549183985e+00 -2.047087839810641796e+00
-2.066106209683887585e+00 -2.050686895162430190e+00
-2.067068547513277288e+00 -2.051826533342551606e+00
-2.068109054540385738e+00 -2.053051767613066403e+00
-2.068109054540386627e+00 -2.053051767613065071e+00
-2.068109054540385738e+00 -2.053051767613063294e+00
-2.069432491929675155e+00 -2.054597056926717791e+00
-2.070901237310366572e+00 -2.056289644932905780e+00
-2.070932710635547735e+00 -2.056325602915777928e+00
-2.070964257498791650e+00 -2.056361630321290601e+00
-2.070980674387241649e+00 -2.056468267518269943e+00
-2.070998902776975736e+00 -2.056583941529613657e+00
-2.071019429374164389e+00 -2.056595230809351804e+00
-2.071042876026352619e+00 -2.056665239810080870e+00
-2.071050814131005779e+00 -2.056678109466389071e+00
-2.071059058728325741e+00 -2.056694298782742347e+00
-2.071077366857243529e+00 -2.056698029575897646e+00
-2.071097761462018738e+00 -2.056702122300374302e+00
-2.071097867914607704e+00 -2.056702165935109683e+00
-2.071097974375648132e+00 -2.056702209573480822e+00
-2.071175018684408897e+00 -2.056733834564436592e+00
-2.071256666450575157e+00 -2.056767447610174493e+00
-2.071332944930175834e+00 -2.056798943400218516e+00
-2.071413558870256466e+00 -2.056832328650277653e+00
-2.071413644686204147e+00 -2.056832364244705058e+00
-2.071413730507250861e+00 -2.056832399841365344e+00
-2.071438181431960235e+00 -2.057159738737931676e+00
-2.071466455668772966e+00 -2.057552742113295086e+00
-2.071489704464398063e+00 -2.057557027377705516e+00
-2.071516346466367953e+00 -2.057563682089547541e+00
-2.071528262697335698e+00 -2.057577207170808720e+00
-2.071540811476460853e+00 -2.057596059263975707e+00
-2.071558061805683248e+00 -2.057604316723386173e+00
-2.071576807532846676e+00 -2.057613192322104378e+00
-2.071584597418731022e+00 -2.057627101464159836e+00
-2.071592545407594077e+00 -2.057641240040511743e+00
-2.071658274691520862e+00 -2.057730078068826796e+00
-2.071736281967003102e+00 -2.057863420146131439e+00
-2.071803019428831938e+00 -2.057937173308250767e+00
-2.071880124629738695e+00 -2.058023452375421058e+00
-2.071940816060258594e+00 -2.058023481706295232e+00
-2.072011625890718189e+00 -2.058023515099745904e+00
-2.072089191480281034e+00 -2.058149771353846802e+00
-2.072180784957921240e+00 -2.058297036831998827e+00
-2.072204051029909344e+00 -2.058321551752906764e+00
-2.072228425530866502e+00 -2.058348007976862348e+00
-2.072303880488926442e+00 -2.058369721217975012e+00
-2.072392925922260432e+00 -2.058460950941960910e+00
-2.072449781220233600e+00 -2.058473518880671094e+00
-2.072513499049589036e+00 -2.058487379686738006e+00
-2.072513499049591257e+00 -2.058487379686740226e+00
-2.072513499049588148e+00 -2.058487379686739338e+00
-2.072646515598196792e+00 -2.058687728477811341e+00
-2.072799208968695517e+00 -2.058912764988795274e+00
-2.072840694101269143e+00 -2.058972911663102590e+00
-2.072883815931174212e+00 -2.059034959336110582e+00
-2.072885170806177513e+00 -2.059036900943108428e+00
-2.072886527341372798e+00 -2.059038844442653726e+00
-2.072886527341372798e+00 -2.059038844442651506e+00
-2.072886527341372798e+00 -2.059038844442651062e+00
-2.072932534701438012e+00 -2.059251257716089079e+00
-2.072980547453297184e+00 -2.059476148457340727e+00
-2.072994575932010974e+00 -2.059542488608988808e+00
-2.073008781517937216e+00 -2.059609960536507689e+00
-2.073080197530109636e+00 -2.059953718577785420e+00
-2.073156311311320277e+00 -2.060328662955083434e+00
-2.073166547269752247e+00 -2.060373573166160543e+00
-2.073177787973633279e+00 -2.060424202581424336e+00
-2.073188662753062683e+00 -2.060440977588580580e+00
-2.073200895852413517e+00 -2.060485649499203653e+00
-2.073211675836359902e+00 -2.060485918420577711e+00
-2.073223774831231658e+00 -2.060486918567789871e+00
-2.073224247426122435e+00 -2.060487268600772026e+00
-2.073224721866814502e+00 -2.060487620201207459e+00
-2.073224721866814058e+00 -2.060487620201206571e+00
-2.073224721866815390e+00 -2.060487620201205239e+00
-2.073318027047837742e+00 -2.060635883290596659e+00
-2.073416466226537302e+00 -2.060791716621654501e+00
-2.073582628935150218e+00 -2.061053261309345519e+00
-2.073764807004599753e+00 -2.061337639147146739e+00
-2.073834316077967532e+00 -2.061445436455715541e+00
-2.073906345241611771e+00 -2.061556709800419718e+00
-2.073914364392861032e+00 -2.061593105134409409e+00
-2.073923490114151225e+00 -2.061635184649993846e+00
-2.073923612701564778e+00 -2.061635228545398935e+00
-2.073923735524744405e+00 -2.061635272845089073e+00
-2.073931848049363591e+00 -2.061638887992168545e+00
-2.073940996781400425e+00 -2.061645639302917221e+00
-2.073949378598394233e+00 -2.061646353876328774e+00
-2.073958894503289407e+00 -2.061647156446500873e+00
-2.073979062484700986e+00 -2.061707809221753340e+00
-2.074002429287724603e+00 -2.061778538664848170e+00
-2.074019968519869028e+00 -2.061780801022357501e+00
-2.074039904980437221e+00 -2.061784821714192528e+00
-2.074042961777228022e+00 -2.061785859845044921e+00
-2.074046080164182460e+00 -2.061788767063720496e+00
-2.074065977772946656e+00 -2.061794139449111274e+00
-2.074089018185092836e+00 -2.061800256625960781e+00
-2.074140504427941512e+00 -2.061892631430662259e+00
-2.074195751245743846e+00 -2.061992341550761054e+00
-2.074195751245743846e+00 -2.061992341550758390e+00
-2.074195751245743846e+00 -2.061992341550758390e+00
-2.074203207620887834e+00 -2.062005845804114834e+00
-2.074210735441129660e+00 -2.062019490805470312e+00
-2.074269284167292504e+00 -2.062126007634649483e+00
-2.074332355791971505e+00 -2.062241532894574458e+00
-2.074343640166136371e+00 -2.062249910330314240e+00
-2.074356643737084394e+00 -2.062259551268782243e+00
-2.074369073454199075e+00 -2.062273291679350695e+00
-2.074383634649055619e+00 -2.062291524657923869e+00
-2.074396052366155985e+00 -2.062291524756744376e+00
-2.074410602468164555e+00 -2.062291581926838813e+00
-2.074411904695370623e+00 -2.062292389307845308e+00
-2.074413225388015647e+00 -2.062293208054442939e+00
-2.074482249061353478e+00 -2.062358102693243822e+00
-2.074554263923302333e+00 -2.062426018761390090e+00
-2.074559937521990083e+00 -2.062431378503216450e+00
-2.074565630137668482e+00 -2.062436757538783638e+00
-2.074565630137668482e+00 -2.062436757538782750e+00
-2.074565630137668482e+00 -2.062436757538783194e+00
-2.074742236006387408e+00 -2.062604294448887821e+00
-2.074938248057690782e+00 -2.062791728384359757e+00
-2.074963866991019312e+00 -2.062813058501691277e+00
-2.074990400523410550e+00 -2.062835158796409107e+00
-2.075023588979588496e+00 -2.062862813996376499e+00
-2.075058268802441042e+00 -2.062891725314442759e+00
-2.075093940382199964e+00 -2.062921476869744808e+00
-2.075131265375162126e+00 -2.062952621099626960e+00
-2.075131265375162126e+00 -2.062952621099626516e+00
-2.075131265375162126e+00 -2.062952621099626960e+00
-2.075214566712707764e+00 -2.063026594304685712e+00
-2.075300163717495927e+00 -2.063102602448016132e+00
-2.075300163717495927e+00 -2.063102602448017020e+00
-2.075300163717495927e+00 -2.063102602448016576e+00
-2.075407536513246942e+00 -2.063197941109077949e+00
-2.075518637169320169e+00 -2.063296582102592591e+00
-2.075693384184493784e+00 -2.063451713523686060e+00
-2.075877782035936647e+00 -2.063615384685257848e+00
-2.075878492713471246e+00 -2.063619149318714374e+00
-2.075879262055550178e+00 -2.063623182808839829e+00
-2.075879916667328740e+00 -2.063623766155531225e+00
-2.075880620297120949e+00 -2.063624608899738089e+00
-2.075880723802060679e+00 -2.063624692976099961e+00
-2.075880828422776325e+00 -2.063624778007712379e+00
-2.075881554707640131e+00 -2.063624812162601518e+00
-2.075882342143145820e+00 -2.063624847843696486e+00
-2.075882947428930425e+00 -2.063631331676790470e+00
-2.075883592013039181e+00 -2.063638262554159830e+00
-2.075883808768229866e+00 -2.063638922930310038e+00
-2.075884030153991588e+00 -2.063639764184548309e+00
-2.075884549957303982e+00 -2.063640032445706041e+00
-2.075885096625522674e+00 -2.063640359221202036e+00
-2.075885765395512284e+00 -2.063640359221201148e+00
-2.075886481945360185e+00 -2.063640359221204701e+00
-2.075886648399504875e+00 -2.063641212516035495e+00
-2.075886823971069273e+00 -2.063642113576218406e+00
-2.075886858134152302e+00 -2.063642289542507058e+00
-2.075886892655796068e+00 -2.063642467406181513e+00
-2.075887094009292166e+00 -2.063642603311433898e+00
-2.075887308847161883e+00 -2.063642911738272190e+00
-2.075887511138686303e+00 -2.063642911738273078e+00
-2.075887727322651699e+00 -2.063642911738273522e+00
-2.075888511473108711e+00 -2.063645139920312843e+00
-2.075889321472863980e+00 -2.063647434974585249e+00
-2.075890352793341442e+00 -2.063648999166050046e+00
-2.075891427740938600e+00 -2.063650999441202671e+00
-2.075892731536484348e+00 -2.063651971227387083e+00
-2.075894107191766924e+00 -2.063654852817868868e+00
-2.075895653139000707e+00 -2.063654852817869312e+00
-2.075897301789020766e+00 -2.063654852817870644e+00
-2.075897301789020766e+00 -2.063654852817870644e+00
-2.075897301789020766e+00 -2.063654852817868868e+00
-2.075879306272452318e+00 -2.063635624968048088e+00
-2.075861527385884031e+00 -2.063616626286353117e+00
-2.075839145867155455e+00 -2.063592705990742626e+00
-2.075817102843688922e+00 -2.063569144031884406e+00
-2.075807399153732025e+00 -2.063558770617821558e+00
-2.075797760319965324e+00 -2.063548465898654705e+00
-2.075797760319965324e+00 -2.063548465898654705e+00
-2.075797760319965324e+00 -2.063548465898656037e+00
-2.075786739821192661e+00 -2.063535936181499775e+00
-2.075775935215288470e+00 -2.063523674711751799e+00
-2.075768474529026797e+00 -2.063515221184581083e+00
-2.075761115037644711e+00 -2.063506892812232429e+00
-2.075760836895188532e+00 -2.063506578256299573e+00
-2.075760558896230012e+00 -2.063506263877500135e+00
-2.075760558896230012e+00 -2.063506263877501912e+00
-2.075760558896230012e+00 -2.063506263877501024e+00
-2.075753694797358051e+00 -2.063498287997099556e+00
-2.075746866299756022e+00 -2.063490357761361249e+00
-2.075733578275742897e+00 -2.063474938001952363e+00
-2.075720423976695983e+00 -2.063459689278622555e+00
-2.075699791636378855e+00 -2.063435803561363358e+00
-2.075679483788884561e+00 -2.063412331197344241e+00
-2.075675088784756372e+00 -2.063406640533659520e+00
-2.075670717175488456e+00 -2.063400982803155426e+00
-2.075661043746214407e+00 -2.063388472806866325e+00
-2.075651483850653456e+00 -2.063376122240885291e+00
-2.075651483850653456e+00 -2.063376122240884403e+00
-2.075651483850653456e+00 -2.063376122240884847e+00
-2.075645511220761019e+00 -2.063368412453949308e+00
-2.075639582464718025e+00 -2.063360764109975598e+00
-2.075639561726454474e+00 -2.063360761437337487e+00
-2.075639541446640202e+00 -2.063360758824409835e+00
-2.075639539887887963e+00 -2.063360757826306457e+00
-2.075639538331742528e+00 -2.063360757689867597e+00
-2.075639517535182943e+00 -2.063360724066505725e+00
-2.075639497196667183e+00 -2.063360723459012558e+00
-2.075639477932918808e+00 -2.063360513616177894e+00
-2.075639459063177483e+00 -2.063360308665113774e+00
-2.075638817787095025e+00 -2.063358845330959035e+00
-2.075638184177993839e+00 -2.063357400968518718e+00
-2.075637816945555159e+00 -2.063356564504965185e+00
-2.075637452262029559e+00 -2.063355734335445391e+00
-2.075637262313047682e+00 -2.063355302126292035e+00
-2.075637073051587844e+00 -2.063354871612863572e+00
-2.075637073051588732e+00 -2.063354871612863572e+00
-2.075637073051589176e+00 -2.063354871612863128e+00
-2.075637073051589176e+00 -2.063354871612864461e+00
-2.075637073051589176e+00 -2.063354871612864017e+00
-2.075635457455194288e+00 -2.063353379038351587e+00
-2.075633849993498981e+00 -2.063351894273575571e+00
-2.075629976366043294e+00 -2.063348317523188147e+00
-2.075626149569202550e+00 -2.063344785682320381e+00
-2.075625182549186043e+00 -2.063343893458621903e+00
-2.075624218496615825e+00 -2.063343004077844878e+00
-2.075623958677224934e+00 -2.063342756496478803e+00
-2.075623703157196243e+00 -2.063342513071932061e+00
-2.075623415718740095e+00 -2.063342431402060750e+00
-2.075623133439496559e+00 -2.063342366188624322e+00
-2.075622977802700220e+00 -2.063341947409128796e+00
-2.075622823677533813e+00 -2.063341599462435560e+00
-2.075622636184854208e+00 -2.063341092602230198e+00
-2.075622450919899720e+00 -2.063340591717207406e+00
-2.075622236852950220e+00 -2.063340564591690907e+00
-2.075622025050284591e+00 -2.063340537753926895e+00
-2.075621714526724837e+00 -2.063340414675407075e+00
-2.075621408731080031e+00 -2.063340357406923786e+00
-2.075621097727446518e+00 -2.063339859263344511e+00
-2.075620791443819613e+00 -2.063339574046902491e+00
-2.075620695094468005e+00 -2.063339432151388042e+00
-2.075620599210210138e+00 -2.063339290923277947e+00
-2.075620617566718451e+00 -2.063339312818398330e+00
-2.075620636058410629e+00 -2.063339334880025966e+00
-2.075620638008464969e+00 -2.063339337206860247e+00
-2.075620639960028324e+00 -2.063339339535561479e+00
-2.075620651661188365e+00 -2.063339353499181961e+00
-2.075620663416819500e+00 -2.063339367529981594e+00
-2.075620663416819500e+00 -2.063339367529981594e+00
-2.075620663416819500e+00 -2.063339367529981594e+00
-2.075620663416819500e+00 -2.063339367529981594e+00
-2.075620663416819500e+00 -2.063339367529981594e+00
-2.075617747914520361e+00 -2.063335962753320540e+00
-2.075614845707966616e+00 -2.063332574254576279e+00
-2.075614805976806920e+00 -2.063332527871283517e+00
-2.075614766248133236e+00 -2.063332481491032322e+00
-2.075607911230471725e+00 -2.063324480870475153e+00
-2.075601129825887625e+00 -2.063316570268723282e+00
-2.075601207822415528e+00 -2.063316954005119275e+00
-2.075601286825806024e+00 -2.063317343134416948e+00
-2.075601368454105256e+00 -2.063317472030534727e+00
-2.075601451188613833e+00 -2.063317612236921672e+00
-2.075601532846040431e+00 -2.063317612517149957e+00
-2.075601615607494121e+00 -2.063317646740266298e+00
-2.075601619383450558e+00 -2.063317646740278732e+00
-2.075601623161725140e+00 -2.063317646740292499e+00
-2.075597269213420581e+00 -2.063316886589664723e+00
-2.075592948084937550e+00 -2.063316131518887708e+00
-2.075592948084937550e+00 -2.063316131518887708e+00
-2.075592948084937550e+00 -2.063316131518887708e+00
-2.075592075961994798e+00 -2.063315979046154158e+00
-2.075591205169774245e+00 -2.063315826779708484e+00
-2.075588777617285885e+00 -2.063315402159556999e+00
-2.075586360376235451e+00 -2.063314979139465155e+00
-2.075586460283381118e+00 -2.063314982556327948e+00
-2.075586560879455700e+00 -2.063314985990317929e+00
-2.075586635811777825e+00 -2.063314988544058259e+00
-2.075586711128753148e+00 -2.063314991107329188e+00
-2.075586723851522208e+00 -2.063314991539972887e+00
-2.075586736585302461e+00 -2.063314991972886592e+00
-2.075586736585302461e+00 -2.063314991972884815e+00
-2.075586736585302461e+00 -2.063314991972884815e+00
-2.075586786416926621e+00 -2.063315071289241409e+00
-2.075586836805500823e+00 -2.063315151541039949e+00
-2.075586863989549169e+00 -2.063315192756077998e+00
-2.075586891339055828e+00 -2.063315234241339446e+00
-2.075586926461973736e+00 -2.063315261315787463e+00
-2.075586961860579560e+00 -2.063315303066922457e+00
-2.075586999395545806e+00 -2.063315303321202610e+00
-2.075587037245244737e+00 -2.063315303577233362e+00
-2.075587024354708543e+00 -2.063315292071689289e+00
-2.075587011489117284e+00 -2.063315280589753886e+00
-2.075586963880259539e+00 -2.063315275991088438e+00
-2.075586916605991483e+00 -2.063315273275437178e+00
-2.075586881946680062e+00 -2.063315239980032523e+00
-2.075586847467767893e+00 -2.063315206875193208e+00
-2.075586799854831632e+00 -2.063313681758560669e+00
-2.075586752576464189e+00 -2.063312169154410736e+00
