-4.822216521318241966e+00 -3.972119544695746463e+00
-4.822405826785773897e+00 -3.972725848421821748e+00
-4.822596371182582331e+00 -3.973336329993577554e+00
-4.822788166504272667e+00 -3.973951038716405204e+00
-4.822981224899194785e+00 -3.974570024586716155e+00
-4.823175558670843799e+00 -3.975193338302131618e+00
-4.823371180280307868e+00 -3.975821031271804973e+00
-4.823568102348764874e+00 -3.976453155626875180e+00
-4.823766337660020831e+00 -3.977089764231072078e+00
-4.823965899163079385e+00 -3.977730910691371857e+00
-4.824166799974810793e+00 -3.978376649368863927e+00
-4.824369053382602246e+00 -3.979027035389710143e+00
-4.824572672847120103e+00 -3.979682124656221731e+00
-4.824777672005079232e+00 -3.980341973858037452e+00
-4.824984064672115380e+00 -3.981006640483516268e+00
-4.825191864845631784e+00 -3.981676182831129562e+00
-4.825401086707814535e+00 -3.982350660021076294e+00
-4.825611744628591104e+00 -3.983030132006945667e+00
-4.825823853168722088e+00 -3.983714659587558771e+00
-4.826037427082929376e+00 -3.984404304418863063e+00
-4.826252481323071386e+00 -3.985099129025997833e+00
-4.826469031041424884e+00 -3.985799196815440482e+00
-4.826687091593953483e+00 -3.986504572087258058e+00
-4.826906678543738671e+00 -3.987215320047496903e+00
-4.827127807664385095e+00 -3.987931506820630911e+00
-4.827350494943575043e+00 -3.988653199462144361e+00
-4.827574756586613169e+00 -3.989380465971206657e+00
-4.827800609020122202e+00 -3.990113375303429688e+00
-4.828028068895757308e+00 -3.990851997383718430e+00
-4.828257153094000387e+00 -3.991596403119201053e+00
-4.828487878728067173e+00 -3.992346664412262935e+00
-4.828720263147848080e+00 -3.993102854173616656e+00
-4.828954323943970728e+00 -3.993865046335475899e+00
-4.829190078951899778e+00 -3.994633315864779544e+00
-4.829427546256163772e+00 -3.995407738776475259e+00
-4.829666744194648587e+00 -3.996188392146846180e+00
-4.829907691362971711e+00 -3.996975354126889979e+00
-4.830150406618966663e+00 -3.997768703955746350e+00
-4.830394909087249999e+00 -3.998568521974120937e+00
-4.830641218163865602e+00 -3.999374889637782537e+00
-4.830889353521087060e+00 -4.000187889531002128e+00
-4.831139335112213828e+00 -4.001007605380067389e+00
-4.831391183176604542e+00 -4.001834122066733279e+00
-4.831644918244689002e+00 -4.002667525641692592e+00
-4.831900561143169348e+00 -4.003507903338005214e+00
-4.832158133000302058e+00 -4.004355343584480309e+00
-4.832417655251290078e+00 -4.005209936019014094e+00
-4.832679149643809069e+00 -4.006071771501875212e+00
-4.832942638243626021e+00 -4.006940942128890626e+00
-4.833208143440361759e+00 -4.007817541244553361e+00
-4.833269618415335422e+00 -4.007899514449115408e+00
-4.833331396764480203e+00 -4.007981839644902067e+00
-4.833393480784518026e+00 -4.008064520468024305e+00
-4.833455872795730635e+00 -4.008147560617726590e+00
-4.833518575142236706e+00 -4.008230963857918105e+00
-4.833581590192302713e+00 -4.008314734018664893e+00
-4.833644920338673323e+00 -4.008398874997783246e+00
-4.833708567998885819e+00 -4.008483390762467735e+00
-4.833772535615581845e+00 -4.008568285350961879e+00
-4.833836825656864455e+00 -4.008653562874262555e+00
-4.833901440616607204e+00 -4.008739227517922110e+00
-4.833966383014809409e+00 -4.008825283543846041e+00
-4.834031655397944327e+00 -4.008911735292184808e+00
-4.834097260339303759e+00 -4.008998587183277174e+00
-4.834163200439357766e+00 -4.009085843719628173e+00
-4.834229478326120599e+00 -4.009173509487987452e+00
-4.834296096655529063e+00 -4.009261589161445372e+00
-4.834363058111790679e+00 -4.009350087501634796e+00
-4.834430365407796693e+00 -4.009439009360974637e+00
-4.834498021285489777e+00 -4.009528359684997767e+00
-4.834566028516273484e+00 -4.009618143514735777e+00
-4.834634389901395934e+00 -4.009708365989206769e+00
-4.834703108272369043e+00 -4.009799032347940440e+00
-4.834772186491385959e+00 -4.009890147933624860e+00
-4.834841627451731405e+00 -4.009981718194814526e+00
-4.834911434078209780e+00 -4.010073748688727235e+00
-4.834981609327599905e+00 -4.010166245084131553e+00
-4.835052156189076022e+00 -4.010259213164346193e+00
-4.835123077684664317e+00 -4.010352658830305117e+00
-4.835194376869702104e+00 -4.010446588103740773e+00
-4.835266056833313897e+00 -4.010541007130485447e+00
-4.835338120698860820e+00 -4.010635922183851676e+00
-4.835410571624444209e+00 -4.010731339668146767e+00
-4.835483412803384340e+00 -4.010827266122311663e+00
-4.835556647464728464e+00 -4.010923708223645967e+00
-4.835630278873741084e+00 -4.011020672791701713e+00
-4.835704310332432421e+00 -4.011118166792295270e+00
-4.835778745180093097e+00 -4.011216197341630263e+00
-4.835853586793792402e+00 -4.011314771710617677e+00
-4.835928838588962719e+00 -4.011413897329262568e+00
-4.836004504019919992e+00 -4.011513581791325223e+00
-4.836080586580454366e+00 -4.011613832859014295e+00
-4.836157089804371978e+00 -4.011714658467934846e+00
-4.836234017266101581e+00 -4.011816066732155406e+00
-4.836311372581274526e+00 -4.011918065949523715e+00
-4.836389159407328719e+00 -4.012020664607098830e+00
-4.836467381444133018e+00 -4.012123871386820362e+00
-4.836546042434596515e+00 -4.012227695171366015e+00
-4.836625146165310696e+00 -4.012332145050259591e+00
-4.836704696467212017e+00 -4.012437230326137083e+00
-4.836707298498135188e+00 -4.016068070020725855e+00
-4.836709930236145816e+00 -4.019704236964188659e+00
-4.836712592216569462e+00 -4.023345727685684992e+00
-4.836715284988032160e+00 -4.026992538397870192e+00
-4.836718009112877859e+00 -4.030644664998072280e+00
-4.836720765167612512e+00 -4.034302103069473233e+00
-4.836723553743350834e+00 -4.037964847882455466e+00
-4.836726375446313675e+00 -4.041632894395990050e+00
-4.836729230898272114e+00 -4.045306237259151061e+00
-4.836732120737130991e+00 -4.048984870812676995e+00
-4.836735045617380102e+00 -4.052668789090665413e+00
-4.836738006210704377e+00 -4.056357985822324430e+00
-4.836741003206545209e+00 -4.060052454433807689e+00
-4.836744037312690203e+00 -4.063752188050152370e+00
-4.836747109255902011e+00 -4.067457179497294462e+00
-4.836750219782575577e+00 -4.071167421304147105e+00
-4.836753369659407831e+00 -4.074882905704777514e+00
-4.836756559674102007e+00 -4.078603624640665615e+00
-4.836759790636107503e+00 -4.082329569763020416e+00
-4.836763063377388150e+00 -4.086060732435185194e+00
-4.836766378753203810e+00 -4.089797103735120842e+00
-4.836769737642976352e+00 -4.093538674457934512e+00
-4.836773140951126315e+00 -4.097285435118531716e+00
-4.836776589608006383e+00 -4.101037375954274644e+00
-4.836780084570841076e+00 -4.104794486927748842e+00
-4.836783626824710858e+00 -4.108556757729583175e+00
-4.836787217383597515e+00 -4.112324177781332857e+00
-4.836790857291460632e+00 -4.116096736238423759e+00
-4.836794547623372686e+00 -4.119874421993158009e+00
-4.836798289486702984e+00 -4.123657223677783534e+00
-4.836802084022354009e+00 -4.127445129667603574e+00
-4.836805932406059050e+00 -4.131238128084153693e+00
-4.836809835849722461e+00 -4.135036206798435643e+00
-4.836813795602883381e+00 -4.138839353434181412e+00
-4.836817812954161688e+00 -4.142647555371184787e+00
-4.836821889232842508e+00 -4.146460799748676429e+00
-4.836826025810504248e+00 -4.150279073468724711e+00
-4.836830224102742548e+00 -4.154102363199698722e+00
-4.836834485570960851e+00 -4.157930655379793450e+00
-4.836838811724285314e+00 -4.161763936220516769e+00
-4.836843204121525019e+00 -4.166904306009631576e+00
-4.836847664373276068e+00 -4.172274985409895720e+00
-4.836852194144121597e+00 -4.177678285117256252e+00
-4.836856795154919730e+00 -4.183113600355019557e+00
-4.836861469185240736e+00 -4.188580330982448530e+00
-4.836866218075937418e+00 -4.194077881988277134e+00
-4.836871043731817643e+00 -4.199605663945884970e+00
-4.836875948124481184e+00 -4.205163093431149690e+00
-4.836880933295312879e+00 -4.210749593404140789e+00
-4.836886001358630338e+00 -4.216364593555894658e+00
-4.837015136518088454e+00 -4.218759265429147476e+00
-4.837144876105319291e+00 -4.221154280879943599e+00
-4.837275224653540207e+00 -4.223549637510340737e+00
-4.837406186746180836e+00 -4.225945332944408328e+00
-4.837537767017663803e+00 -4.228341364828021476e+00
-4.837669970154196974e+00 -4.230737730828590060e+00
-4.837802800894596800e+00 -4.233134428634819812e+00
-4.837936264031097444e+00 -4.235531455956510705e+00
-4.838070364410207880e+00 -4.237928810524286938e+00
-4.838205106933583188e+00 -4.240326490089374900e+00
-4.838340496558886983e+00 -4.242724492423409544e+00
-4.838476538300702678e+00 -4.245122815318166154e+00
-4.838613237231457198e+00 -4.247521456585367616e+00
-4.838750598482339349e+00 -4.249920414056456153e+00
-4.838888627244286589e+00 -4.252319685582381048e+00
-4.839027328768930936e+00 -4.254719269033382822e+00
-4.839166708369632808e+00 -4.257119162298800497e+00
-4.839306771422474895e+00 -4.259519363286833560e+00
-4.839447523367329751e+00 -4.261919869924367887e+00
-4.839588969708906063e+00 -4.264320680156756360e+00
-4.839731116017856216e+00 -4.266721791947612807e+00
-4.839873967931875853e+00 -4.269123203278649470e+00
-4.840017531156851405e+00 -4.271524912149446074e+00
-4.840161811468034259e+00 -4.273926916577258872e+00
-4.840306814711211381e+00 -4.276329214596866102e+00
-4.840452546803938105e+00 -4.278731804260346827e+00
-4.840599013736778033e+00 -4.281134683636911298e+00
-4.840746221574581121e+00 -4.283537850812702885e+00
-4.840894176457781306e+00 -4.285941303890637322e+00
-4.841042884603739438e+00 -4.288345040990219736e+00
-4.841192352308094193e+00 -4.290749060247352809e+00
-4.841342585946166288e+00 -4.293153359814189329e+00
-4.841493591974387556e+00 -4.295557937858933251e+00
-4.841645376931762002e+00 -4.297962792565691359e+00
-4.841797947441366823e+00 -4.300367922134284093e+00
-4.841951310211868531e+00 -4.302773324780121200e+00
-4.842105472039113678e+00 -4.305178998733977913e+00
-4.842260439807722250e+00 -4.307584942241888371e+00
-4.842416220492739676e+00 -4.309991153564944888e+00
-4.842572821161312824e+00 -4.312397630979178942e+00
-4.842730248974434382e+00 -4.314804372775371100e+00
-4.842888511188686351e+00 -4.317211377258917793e+00
-4.843047615158083907e+00 -4.319618642749672333e+00
-4.843207568335900604e+00 -4.322026167581796585e+00
-4.843368378276598385e+00 -4.324433950103609092e+00
-4.843530052637762040e+00 -4.326841988677446516e+00
-4.843692599182110037e+00 -4.329250281679507317e+00
-4.843856025779546215e+00 -4.331658827499722975e+00
-4.844020340409247893e+00 -4.334067624541599884e+00
-4.844185551161850789e+00 -4.336476671222090573e+00
-4.846236445542516869e+00 -4.337532676874304549e+00
-4.848305941423639354e+00 -4.338599011392447302e+00
-4.850394236418578586e+00 -4.339675792343377303e+00
-4.852501529857295992e+00 -4.340763138399920784e+00
-4.854628022776028118e+00 -4.341861169336005410e+00
-4.856773917905722548e+00 -4.342970006020951956e+00
-4.858939419659139780e+00 -4.344089770413025242e+00
-4.861124734116589963e+00 -4.345220585552134196e+00
-4.863330069010243228e+00 -4.346362575551708574e+00
-4.865555633707010053e+00 -4.347515865589629769e+00
-4.867801639189882401e+00 -4.348680581898365816e+00
-4.870068298037714349e+00 -4.349856851754057452e+00
-4.872355824403441282e+00 -4.351044803464720445e+00
-4.874664433990592016e+00 -4.352244566357404310e+00
-4.876994344028138251e+00 -4.353456270764358038e+00
-4.879345773243568551e+00 -4.354680048008148674e+00
-4.881718941834201075e+00 -4.355916030385680315e+00
-4.884114071436573390e+00 -4.357164351151123327e+00
-4.886531385094031066e+00 -4.358425144497692472e+00
-4.888971107222306323e+00 -4.359698545538295278e+00
-4.891433463573096496e+00 -4.360984690284936960e+00
-4.893918681195676079e+00 -4.362283715626965375e+00
-4.896426988396326507e+00 -4.363595759308029010e+00
-4.898958614695702707e+00 -4.364920959901781750e+00
-4.901513790783998736e+00 -4.366259456786308668e+00
-4.904092748473869889e+00 -4.367611390117162706e+00
-4.906695720651129022e+00 -4.368976900799162344e+00
-4.909322941223106973e+00 -4.370356130456729105e+00
-4.911974645064680622e+00 -4.371749221402882135e+00
-4.914651067961896658e+00 -4.373156316606792160e+00
-4.917352446553212353e+00 -4.374577559659946324e+00
-4.920079018268237014e+00 -4.376013094740830667e+00
-4.922831021264007845e+00 -4.377463066578125783e+00
-4.925608694358763806e+00 -4.378927620412491173e+00
-4.928412276963121563e+00 -4.380406901956792609e+00
-4.931242009008761862e+00 -4.381901057354817830e+00
-4.934098130874467358e+00 -4.383410233138532064e+00
-4.936980883309544765e+00 -4.384934576183747268e+00
-4.939890507354705917e+00 -4.386474233664275246e+00
-4.942827244260213249e+00 -4.388029353004575306e+00
-4.945791335401488631e+00 -4.389600081830815625e+00
-4.948783022191988401e+00 -4.391186567920422057e+00
-4.951802545993522209e+00 -4.392788959150084160e+00
-4.954850148023896672e+00 -4.394407403442263771e+00
-4.957926069261946012e+00 -4.396042048710125272e+00
-4.961030550349978085e+00 -4.397693042801003926e+00
-4.964163831493625167e+00 -4.399360533438366083e+00
-4.967326152359171410e+00 -4.401044668162304774e+00
-4.970517751968302811e+00 -4.402745594268560048e+00
-4.973738868590471540e+00 -4.404463458746118221e+00
-4.975171811894909091e+00 -4.405378489787436180e+00
-4.976607740996730200e+00 -4.406295252785434435e+00
-4.978046664689144585e+00 -4.407213748395976793e+00
-4.979488591850465440e+00 -4.408133977260537684e+00
-4.980933531445178808e+00 -4.409055940006224361e+00
-4.982381492525000510e+00 -4.409979637245747597e+00
-4.983832484229940185e+00 -4.410905069577452764e+00
-4.985286515789386641e+00 -4.411832237585290528e+00
-4.986743596523185218e+00 -4.412761141838829282e+00
-4.988203735842743569e+00 -4.413691782893271132e+00
-4.989666943252146325e+00 -4.414624161289423476e+00
-4.991133228349265316e+00 -4.415558277553733646e+00
-4.992602600826892001e+00 -4.416494132198282685e+00
-4.994075070473878775e+00 -4.417431725720775582e+00
-4.995550647176305148e+00 -4.418371058604572355e+00
-4.997029340918604845e+00 -4.419312131318680947e+00
-4.998511161784782608e+00 -4.420254944317764334e+00
-4.999996119959555507e+00 -4.421199498042150289e+00
-5.001484225729583954e+00 -4.422145792917852702e+00
-5.002975489484644989e+00 -4.423093829356562701e+00
-5.004469921718880165e+00 -4.424043607755669072e+00
-5.005967533031990158e+00 -4.424995128498277808e+00
-5.007468334130501297e+00 -4.425948391953216543e+00
-5.008972335828989486e+00 -4.426903398475038109e+00
-5.010479549051357395e+00 -4.427860148404062279e+00
-5.011989984832106337e+00 -4.428818642066365996e+00
-5.013503654317595704e+00 -4.429778879773810907e+00
-5.015020568767359244e+00 -4.430740861824060239e+00
-5.016540739555403583e+00 -4.431704588500593900e+00
-5.018064178171527168e+00 -4.432670060072727125e+00
-5.019590896222617893e+00 -4.433637276795635351e+00
-5.021120905434021786e+00 -4.434606238910368425e+00
-5.022654217650899255e+00 -4.435576946643870144e+00
-5.024190844839538705e+00 -4.436549400209009342e+00
-5.025730799088766965e+00 -4.437523599804597652e+00
-5.027274092611327738e+00 -4.438499545615408159e+00
-5.028820737745243186e+00 -4.439477237812211818e+00
-5.030370746955256323e+00 -4.440456676551794324e+00
-5.031924132834225460e+00 -4.441437861976980095e+00
-5.033480908104544405e+00 -4.442420794216665136e+00
-5.035041085619592849e+00 -4.443405473385847237e+00
-5.036604678365178778e+00 -4.444391899585640182e+00
-5.038171699460993302e+00 -4.445380072903327928e+00
-5.039742162162085037e+00 -4.446369993412364607e+00
-5.041316079860330035e+00 -4.447361661172430480e+00
-5.042893466085942578e+00 -4.448355076229455918e+00
-5.044474334508948665e+00 -4.449350238615645381e+00
-5.046058698940721676e+00 -4.450347148349524495e+00
-5.047646573335495823e+00 -4.451345805435963143e+00
-5.049237971791899149e+00 -4.452346209866217208e+00
-5.054341451377459826e+00 -4.454899877346602644e+00
-5.059456872832035934e+00 -4.457460060990006134e+00
-5.064584194392598882e+00 -4.460026733686272671e+00
-5.069723374140506778e+00 -4.462599868258839031e+00
-5.074874370006542179e+00 -4.465179437468556500e+00
-5.080037139775849475e+00 -4.467765414017411452e+00
-5.085211641092886481e+00 -4.470357770552229937e+00
-5.090397831466337841e+00 -4.472956479668361851e+00
-5.095595668274006229e+00 -4.475561513913297595e+00
-5.100805108767666241e+00 -4.478172845790220791e+00
-5.106026110077886315e+00 -4.480790447761576978e+00
-5.111258629218835559e+00 -4.483414292252530409e+00
-5.116502623093031055e+00 -4.486044351654422613e+00
-5.121758048496071858e+00 -4.488680598328170568e+00
-5.127024862121347226e+00 -4.491323004607606251e+00
-5.132303020564675577e+00 -4.493971542802795760e+00
-5.137592480328934563e+00 -4.496626185203293602e+00
-5.142893197828663610e+00 -4.499286904081365890e+00
-5.148205129394604285e+00 -4.501953671695141601e+00
-5.153528231278206917e+00 -4.504626460291745182e+00
-5.158862459656113231e+00 -4.507305242110380306e+00
-5.164207770634593686e+00 -4.509989989385332798e+00
-5.169564120253944850e+00 -4.512680674348979792e+00
-5.174931464492829924e+00 -4.515377269234716273e+00
-5.180309759272624603e+00 -4.518079746279826558e+00
-5.185698960461656348e+00 -4.520788077728357557e+00
-5.191099023879456986e+00 -4.523502235833885443e+00
-5.196509905300947807e+00 -4.526222192862280558e+00
-5.201931560460583803e+00 -4.528947921094408358e+00
-5.207363945056460608e+00 -4.531679392828777964e+00
-5.212807014754375246e+00 -4.534416580384146300e+00
-5.218260725191832705e+00 -4.537159456102115129e+00
-5.223725031982029421e+00 -4.539907992349593968e+00
-5.229199890717775467e+00 -4.542662161521313635e+00
-5.234685256975369683e+00 -4.545421936042245648e+00
-5.240181086318448145e+00 -4.548187288369964776e+00
-5.245687334301753602e+00 -4.550958190996998276e+00
-5.251203956474904011e+00 -4.553734616453100514e+00
-5.256730908386081147e+00 -4.556516537307514270e+00
-5.262268145585673906e+00 -4.559303926171173416e+00
-5.267815623629896749e+00 -4.562096755698826556e+00
-5.273373298084338856e+00 -4.564894998591190856e+00
-5.278941124527480433e+00 -4.567698627596987748e+00
-5.284519058554152160e+00 -4.570507615514975086e+00
-5.290107055778961787e+00 -4.573321935195943766e+00
-5.295705071839646116e+00 -4.576141559544630866e+00
-5.301313062400422105e+00 -4.578966461521632780e+00
-5.306930983155228709e+00 -4.581796614145254409e+00
-5.312558789830990946e+00 -4.584631990493313936e+00
-5.318196438190753383e+00 -4.587472563704923623e+00
-5.319751475149441688e+00 -4.588414966998431765e+00
-5.321307722721065225e+00 -4.589358154179752347e+00
-5.322865179275620306e+00 -4.590302124599115352e+00
-5.324423843183434535e+00 -4.591246877607608745e+00
-5.325983712815178350e+00 -4.592192412557186465e+00
-5.327544786541889010e+00 -4.593138728800689741e+00
-5.329107062735002565e+00 -4.594085825691857750e+00
-5.330670539766322769e+00 -4.595033702585346269e+00
-5.332235216008103684e+00 -4.595982358836726789e+00
-5.333801089833016817e+00 -4.596931793802516708e+00
-5.335368159614198191e+00 -4.597882006840200653e+00
-5.336936423725256340e+00 -4.598832997308201165e+00
-5.338505880540276749e+00 -4.599784764565960415e+00
-5.340076528433864489e+00 -4.600737307973879808e+00
-5.341648365781143326e+00 -4.601690626893391034e+00
-5.343221390957772599e+00 -4.602644720686937418e+00
-5.344795602339984519e+00 -4.603599588718007674e+00
-5.346370998304564637e+00 -4.604555230351139450e+00
-5.347947577228899796e+00 -4.605511644951923778e+00
-5.349525337490979915e+00 -4.606468831887035265e+00
-5.351104277469431736e+00 -4.607426790524228544e+00
-5.352684395543495732e+00 -4.608385520232374688e+00
-5.354265690093096275e+00 -4.609345020381450553e+00
-5.355848159498806105e+00 -4.610305290342565421e+00
-5.357431802141898736e+00 -4.611266329487968996e+00
-5.359016616404339572e+00 -4.612228137191066502e+00
-5.360602600668821438e+00 -4.613190712826427564e+00
-5.362189753318773455e+00 -4.614154055769807528e+00
-5.363778072738358382e+00 -4.615118165398147454e+00
-5.365367557312516134e+00 -4.616083041089607875e+00
-5.366958205426965556e+00 -4.617048682223552802e+00
-5.368550015468209757e+00 -4.618015088180587036e+00
-5.370142985823576964e+00 -4.618982258342557046e+00
-5.371737114881195652e+00 -4.619950192092563412e+00
-5.373332401030050498e+00 -4.620918888814974146e+00
-5.374928842659976169e+00 -4.621888347895452220e+00
-5.376526438161663535e+00 -4.622858568720935146e+00
-5.378125185926696972e+00 -4.623829550679677602e+00
-5.379725084347544595e+00 -4.624801293161250548e+00
-5.381326131817591119e+00 -4.625773795556553658e+00
-5.382928326731142299e+00 -4.626747057257832196e+00
-5.384531667483439143e+00 -4.627721077658680571e+00
-5.386136152470660576e+00 -4.628695856154067201e+00
-5.387741780089971400e+00 -4.629671392140334518e+00
-5.389348548739497424e+00 -4.630647685015214066e+00
-5.390956456818356557e+00 -4.631624734177843372e+00
-5.392565502726667681e+00 -4.632602539028765065e+00
-5.394175684865564868e+00 -4.633581098969967726e+00
-5.395787001637226687e+00 -4.634560413404856583e+00
-5.397399451444839791e+00 -4.635540481738294361e+00
-5.397399445323875611e+00 -4.635464465217887131e+00
-5.397399439205591065e+00 -4.635388502537813871e+00
-5.397399433089988818e+00 -4.635312593661771174e+00
-5.397399426977060877e+00 -4.635236738553458302e+00
-5.397399420866815234e+00 -4.635160937176582507e+00
-5.397399414759249225e+00 -4.635085189494854596e+00
-5.397399408654351305e+00 -4.635009495471979157e+00
-5.397399402552134795e+00 -4.634933855071675879e+00
-5.397399396452583709e+00 -4.634858268257656455e+00
-5.397399390355704263e+00 -4.634782734993645015e+00
-5.397399384261493793e+00 -4.634707255243366575e+00
-5.397399378169945194e+00 -4.634631828970553258e+00
-5.397399372081065572e+00 -4.634556456138928304e+00
-5.397399365994838938e+00 -4.634481136712234495e+00
-5.397399359911278616e+00 -4.634405870654203063e+00
-5.397399353830379276e+00 -4.634330657928583896e+00
-5.397399347752134702e+00 -4.634255498499119774e+00
-5.397399341676548445e+00 -4.634180392329565024e+00
-5.397399335603612514e+00 -4.634105339383672195e+00
-5.397399329533327794e+00 -4.634030339625196504e+00
-5.397399323465700505e+00 -4.633955393017904711e+00
-5.397399317400711105e+00 -4.633880499525560914e+00
-5.397399311338372918e+00 -4.633805659111939868e+00
-5.397399305278680615e+00 -4.633730871740816326e+00
-5.397399299221633306e+00 -4.633656137375965933e+00
-5.397399293167225665e+00 -4.633581455981174990e+00
-5.397399287115457689e+00 -4.633506827520233351e+00
-5.397399281066328491e+00 -4.633432251956933534e+00
-5.397399275019832743e+00 -4.633357729255072499e+00
-5.397399268975973108e+00 -4.633283259378451646e+00
-5.397399262934746922e+00 -4.633208842290880369e+00
-5.397399256896147079e+00 -4.633134477956171615e+00
-5.397399250860187792e+00 -4.633060166338139219e+00
-5.397399244826841525e+00 -4.632985907400602343e+00
-5.397399238796134036e+00 -4.632911701107390812e+00
-5.397399232768044897e+00 -4.632837547422333557e+00
-5.397399226742580325e+00 -4.632763446309274613e+00
-5.397399220719737656e+00 -4.632689397732042025e+00
-5.397399214699508896e+00 -4.632615401654494036e+00
-5.397399208681901150e+00 -4.632541458040479121e+00
-5.397399202666907314e+00 -4.632467566853849306e+00
-5.397399196654531828e+00 -4.632393728058477045e+00
-5.397399190644762257e+00 -4.632319941618224135e+00
-5.397399184637610148e+00 -4.632246207496965695e+00
-5.397399178633063954e+00 -4.632172525658575957e+00
-5.397399172631122788e+00 -4.632098896066951355e+00
-5.397399166631789313e+00 -4.632025318685966120e+00
-5.397399160635056425e+00 -4.631951793479525570e+00
-5.397399154640927676e+00 -4.631878320411533245e+00
-5.397399148649400402e+00 -4.631804899445884693e+00
-5.397381735028233152e+00 -4.631798551593265145e+00
-5.397364329794201332e+00 -4.631792206617782348e+00
-5.397346932941469611e+00 -4.631785864517518725e+00
-5.397329544464230189e+00 -4.631779525290548705e+00
-5.397312164356656616e+00 -4.631773188934960928e+00
-5.397294792612949976e+00 -4.631766855448824494e+00
-5.397277429227293588e+00 -4.631760524830236925e+00
-5.397260074193894752e+00 -4.631754197077273538e+00
-5.397242727506954552e+00 -4.631747872188037185e+00
-5.397225389160686504e+00 -4.631741550160601406e+00
-5.397208059149306791e+00 -4.631735230993071717e+00
-5.397190737467030708e+00 -4.631728914683525211e+00
-5.397173424108094864e+00 -4.631722601230070069e+00
-5.397156119066716329e+00 -4.631716290630794930e+00
-5.397138822337140596e+00 -4.631709982883800869e+00
-5.397121533913606939e+00 -4.631703677987185408e+00
-5.397104253790358186e+00 -4.631697375939049621e+00
-5.397086981961647822e+00 -4.631691076737497248e+00
-5.397069718421731999e+00 -4.631684780380636468e+00
-5.397052463164873970e+00 -4.631678486866560363e+00
-5.397035216185331663e+00 -4.631672196193390434e+00
-5.397017977477387873e+00 -4.631665908359231310e+00
-5.397000747035306745e+00 -4.631659623362195610e+00
-5.396983524853383507e+00 -4.631653341200387075e+00
-5.396966310925895627e+00 -4.631647061871928983e+00
-5.396949105247137446e+00 -4.631640785374937508e+00
-5.396931907811399753e+00 -4.631634511707525270e+00
-5.396914718612993767e+00 -4.631628240867818214e+00
-5.396897537646220044e+00 -4.631621972853934288e+00
-5.396880364905388916e+00 -4.631615707663984338e+00
-5.396863200384822257e+00 -4.631609445296112959e+00
-5.396846044078835725e+00 -4.631603185748426554e+00
-5.396828895981760077e+00 -4.631596929019064390e+00
-5.396811756087924294e+00 -4.631590675106155075e+00
-5.396794624391667128e+00 -4.631584424007820999e+00
-5.396777500887331769e+00 -4.631578175722203206e+00
-5.396760385569259633e+00 -4.631571930247432078e+00
-5.396743278431800128e+00 -4.631565687581640667e+00
-5.396726179469317763e+00 -4.631559447722970013e+00
-5.396709088676174382e+00 -4.631553210669554055e+00
-5.396692006046730050e+00 -4.631546976419536499e+00
-5.396674931575350165e+00 -4.631540744971065493e+00
-5.396657865256426767e+00 -4.631534516322271422e+00
-5.396640807084328806e+00 -4.631528290471305098e+00
-5.396623757053446546e+00 -4.631522067416316446e+00
-5.396606715158174694e+00 -4.631515847155448284e+00
-5.396589681392902627e+00 -4.631509629686854090e+00
-5.396572655752034819e+00 -4.631503415008685565e+00
-5.396555638229974861e+00 -4.631497203119093520e+00
-5.396538628821135219e+00 -4.631490994016232321e+00
-5.396405422005168262e+00 -4.631427217195986046e+00
-5.396272248200717492e+00 -4.631363450303918938e+00
-5.396139107395716117e+00 -4.631299693338577050e+00
-5.396005999578095569e+00 -4.631235946298494888e+00
-5.395872924735798826e+00 -4.631172209182222943e+00
-5.395739882856768865e+00 -4.631108481988295722e+00
-5.395606873928953107e+00 -4.631044764715256612e+00
-5.395473897940312291e+00 -4.630981057361652553e+00
-5.395340954878798279e+00 -4.630917359926014498e+00
-5.395208044732371810e+00 -4.630853672406891164e+00
-5.395075167489008727e+00 -4.630789994802824161e+00
-5.394942323136675988e+00 -4.630726327112351548e+00
-5.394809511663355650e+00 -4.630662669334021153e+00
-5.394676733057025331e+00 -4.630599021466369258e+00
-5.394543987305671529e+00 -4.630535383507939251e+00
-5.394411274397292289e+00 -4.630471755457272742e+00
-5.394278594319875886e+00 -4.630408137312916672e+00
-5.394145947061421253e+00 -4.630344529073401993e+00
-5.394013332609944200e+00 -4.630280930737285416e+00
-5.393880750953442771e+00 -4.630217342303093453e+00
-5.393748202079941656e+00 -4.630153763769378372e+00
-5.393615685977453111e+00 -4.630090195134680009e+00
-5.393483202634008045e+00 -4.630026636397541751e+00
-5.393350752037620488e+00 -4.629963087556504320e+00
-5.393218334176337336e+00 -4.629899548610109328e+00
-5.393085949038194826e+00 -4.629836019556901050e+00
-5.392953596611226530e+00 -4.629772500395419321e+00
-5.392821276883493553e+00 -4.629708991124211970e+00
-5.392688989843033909e+00 -4.629645491741813501e+00
-5.392556735477913143e+00 -4.629582002246777073e+00
-5.392424513776193251e+00 -4.629518522637633637e+00
-5.392292324725930008e+00 -4.629455052912932800e+00
-5.392160168315201396e+00 -4.629391593071214395e+00
-5.392028044532084508e+00 -4.629328143111028027e+00
-5.391895953364651106e+00 -4.629264703030907313e+00
-5.391763894800991608e+00 -4.629201272829398306e+00
-5.391631868829191987e+00 -4.629137852505045281e+00
-5.391499875437349765e+00 -4.629074442056392513e+00
-5.391367914613563350e+00 -4.629011041481978950e+00
-5.391235986345929376e+00 -4.628947650780350642e+00
-5.391104090622556910e+00 -4.628884269950053643e+00
-5.390972227431562125e+00 -4.628820898989622457e+00
-5.390840396761062969e+00 -4.628757537897604912e+00
-5.390708598599176504e+00 -4.628694186672546174e+00
-5.390576832934028673e+00 -4.628630845312992292e+00
-5.390445099753755187e+00 -4.628567513817473333e+00
-5.390313399046486431e+00 -4.628504192184550448e+00
-5.390181730800365223e+00 -4.628440880412757252e+00
-5.390050095003535269e+00 -4.628377578500634471e+00
-5.389918491644144716e+00 -4.628314286446730819e+00
-5.389779354513995813e+00 -4.628245925737223487e+00
-5.389640256549109942e+00 -4.628177574759821944e+00
-5.389501197732848858e+00 -4.628109233513418630e+00
-5.389362178048557439e+00 -4.628040901996905987e+00
-5.389223197479609873e+00 -4.627972580209166686e+00
-5.389084256009377683e+00 -4.627904268149101163e+00
-5.388945353621253709e+00 -4.627835965815591202e+00
-5.388806490298618357e+00 -4.627767673207531907e+00
-5.388667666024869796e+00 -4.627699390323810391e+00
-5.388528880783419517e+00 -4.627631117163318208e+00
-5.388390134557676348e+00 -4.627562853724942471e+00
-5.388251427331065102e+00 -4.627494600007574732e+00
-5.388112759087014147e+00 -4.627426356010110098e+00
-5.387974129808956292e+00 -4.627358121731425022e+00
-5.387835539480340330e+00 -4.627289897170419053e+00
-5.387696988084620386e+00 -4.627221682325981078e+00
-5.387558475605255026e+00 -4.627153477196995546e+00
-5.387420002025704591e+00 -4.627085281782354009e+00
-5.387281567329451626e+00 -4.627017096080944469e+00
-5.387143171499978678e+00 -4.626948920091662032e+00
-5.387004814520775398e+00 -4.626880753813387592e+00
-5.386866496375339430e+00 -4.626812597245014480e+00
-5.386728217047178191e+00 -4.626744450385428031e+00
-5.386589976519804424e+00 -4.626676313233515359e+00
-5.386451774776743306e+00 -4.626608185788173344e+00
-5.386313611801517354e+00 -4.626540068048285548e+00
-5.386175487577666843e+00 -4.626471960012740858e+00
-5.386037402088737380e+00 -4.626403861680422835e+00
-5.385899355318281678e+00 -4.626335773050227473e+00
-5.385761347249860442e+00 -4.626267694121036556e+00
-5.385623377867036154e+00 -4.626199624891741635e+00
-5.385485447153388172e+00 -4.626131565361233378e+00
-5.385347555092499405e+00 -4.626063515528390013e+00
-5.385209701667960758e+00 -4.625995475392105760e+00
-5.385071886863371127e+00 -4.625927444951273060e+00
-5.384934110662333850e+00 -4.625859424204771031e+00
-5.384796373048461149e+00 -4.625791413151488563e+00
-5.384658674005381229e+00 -4.625723411790321649e+00
-5.384521013516715193e+00 -4.625655420120143191e+00
-5.384383391566108124e+00 -4.625587438139854513e+00
-5.384245808137201550e+00 -4.625519465848332068e+00
-5.384108263213642331e+00 -4.625451503244469187e+00
-5.383970756779099531e+00 -4.625383550327154758e+00
-5.383833288817235108e+00 -4.625315607095268788e+00
-5.383695859311719900e+00 -4.625247673547701055e+00
-5.383558468246242512e+00 -4.625179749683336894e+00
-5.383421115604492435e+00 -4.625111835501066082e+00
-5.383283801370164490e+00 -4.625043930999774844e+00
-5.383146525526969484e+00 -4.624976036178351180e+00
-5.383009288058617337e+00 -4.624908151035672432e+00
-5.381607196737261845e+00 -4.622504695332216862e+00
-5.380211866703673351e+00 -4.620108398434139119e+00
-5.378823267891735149e+00 -4.617719251448600737e+00
-5.377441370238950746e+00 -4.615337245411780032e+00
-5.376066143688793986e+00 -4.612962371288847230e+00
-5.374697558193057390e+00 -4.610594619973984010e+00
-5.373335583714170305e+00 -4.608233982290347974e+00
-5.371980190227475305e+00 -4.605880448990103737e+00
-5.370631347723508142e+00 -4.603534010754423811e+00
-5.369289026210228855e+00 -4.601194658193493048e+00
-5.367953195715220893e+00 -4.598862381846545944e+00
-5.366623826287870713e+00 -4.596537172181896835e+00
-5.365300888001532265e+00 -4.594219019596945230e+00
-5.363984350955642633e+00 -4.591907914418257519e+00
-5.362674185277812811e+00 -4.589603846901569639e+00
-5.361370361125912254e+00 -4.588677735144165659e+00
-5.360072848690088598e+00 -4.588072943538314519e+00
-5.358781618194797147e+00 -4.587471038941500545e+00
-5.357496639900753976e+00 -4.586872005548231712e+00
-5.356217884106929006e+00 -4.586275827622797507e+00
-5.354945321152441373e+00 -4.585682489499456338e+00
-5.353678921418459247e+00 -4.585091975582627377e+00
-5.352418655330070330e+00 -4.584504270347034449e+00
-5.351164493358117724e+00 -4.583919358337873007e+00
-5.349916406021013593e+00 -4.583337224170943358e+00
-5.348674363886503969e+00 -4.582757852532775011e+00
-5.347438337573432676e+00 -4.582181228180743915e+00
-5.346208297753458183e+00 -4.581607335943217230e+00
-5.344984215152722484e+00 -4.581036160719587969e+00
-5.343766060553568842e+00 -4.580467687480412664e+00
-5.342553804796116523e+00 -4.579901901267463771e+00
-5.341347418779881728e+00 -4.579338787193807825e+00
-5.340146873465385191e+00 -4.578778330443847189e+00
-5.338952139875656755e+00 -4.578220516273389329e+00
-5.337763189097769256e+00 -4.577665330009673461e+00
-5.336579992284332441e+00 -4.577112757051382985e+00
-5.335402520654949576e+00 -4.576562782868701440e+00
-5.334230745497629655e+00 -4.576015393003291187e+00
-5.333064638170229799e+00 -4.575470573068306734e+00
-5.331904170101796403e+00 -4.574928308748403616e+00
-5.330749312793932937e+00 -4.574388585799691320e+00
-5.329600037822084246e+00 -4.573851390049729737e+00
-5.328456316836885698e+00 -4.573316707397516723e+00
-5.327318121565360443e+00 -4.572784523813407276e+00
-5.326185423812216158e+00 -4.572254825339094886e+00
-5.325058195460985466e+00 -4.571727598087560906e+00
-5.323936408475276494e+00 -4.571202828242991956e+00
-5.322820034899874209e+00 -4.570680502060726624e+00
-5.321709046861887060e+00 -4.570160605867179981e+00
-5.320603416571850985e+00 -4.569643126059760085e+00
-5.319420544070885271e+00 -4.568054061467829108e+00
-5.318244055251811986e+00 -4.566477606857355376e+00
-5.317073915852253307e+00 -4.564913665727448944e+00
-5.315910091668677673e+00 -4.563362141644851100e+00
-5.314752548559110501e+00 -4.561822938266474559e+00
-5.313601252445766754e+00 -4.560295959361432061e+00
-5.312456169317679944e+00 -4.558781108832520523e+00
-5.311317265233244989e+00 -4.557278290737165172e+00
-5.310184506322734421e+00 -4.555787409307852975e+00
-5.309057858790706241e+00 -4.554308368972010079e+00
-5.307937288918453511e+00 -4.552841074371348995e+00
-5.306822763066333160e+00 -4.551385430380670449e+00
-5.305714247676053041e+00 -4.549941342126141208e+00
-5.304611709272942122e+00 -4.548508715003057645e+00
-5.303515114468135394e+00 -4.547087454693011566e+00
-5.302424429960729491e+00 -4.545677467180601283e+00
-5.301339622539875229e+00 -4.544278658769581369e+00
-5.300260659086843518e+00 -4.542890936098484822e+00
-5.299187506577009543e+00 -4.541514206155738975e+00
-5.298120132081830747e+00 -4.540148376294252053e+00
-5.297058502770721766e+00 -4.538793354245519218e+00
-5.296002585912954252e+00 -4.537449048133186835e+00
-5.294952348879421677e+00 -4.536115366486139777e+00
-5.293907759144448555e+00 -4.534792218251090468e+00
-5.292868784287476203e+00 -4.533479512804667877e+00
-5.291835391994753834e+00 -4.532177159965062430e+00
-5.290807550060963926e+00 -4.530885070003132675e+00
-5.289785226390786299e+00 -4.529603153653113168e+00
-5.288768389000464865e+00 -4.528331322122808089e+00
-5.287757006019277561e+00 -4.527069487103362100e+00
-5.286751045690993855e+00 -4.525817560778559567e+00
-5.285750476375269180e+00 -4.524575455833718785e+00
-5.284755266549045594e+00 -4.523343085464127888e+00
-5.283765384807809440e+00 -4.522120363383056230e+00
-5.282780799866931609e+00 -4.520907203829382048e+00
-5.281801480562862139e+00 -4.519703521574751193e+00
-5.280827395854355011e+00 -4.518509231930428527e+00
-5.279858514823600579e+00 -4.517324250753676829e+00
-5.278894806677352669e+00 -4.516148494453775086e+00
-5.277936240748006824e+00 -4.514981879997690406e+00
-5.276982786494628819e+00 -4.513824324915364450e+00
-5.276034413503969844e+00 -4.512675747304640161e+00
-5.275091091491417750e+00 -4.511536065835836773e+00
-5.274152790301891436e+00 -4.510405199756008621e+00
-5.273219479910799201e+00 -4.509283068892833590e+00
-5.272291130424807015e+00 -4.508169593658228003e+00
-5.271367712082718704e+00 -4.507064695051585801e+00
-5.270449195256217578e+00 -4.505968294662775264e+00
-5.269535550450615169e+00 -4.504880314674786668e+00
-5.268626748305579532e+00 -4.503800677866123259e+00
-5.263864064227921524e+00 -4.501331565745817720e+00
-5.259119583141038667e+00 -4.498871463588876907e+00
-5.254393309182495031e+00 -4.496420384492273215e+00
-5.249685245730736582e+00 -4.493978341157414569e+00
-5.244995395403596383e+00 -4.491545345886814644e+00
-5.240323760056971203e+00 -4.489121410580847460e+00
-5.235670340783669552e+00 -4.486706546734607670e+00
-5.231035137912396493e+00 -4.484300765434849012e+00
-5.226418151006941848e+00 -4.481904077356969829e+00
-5.221819378865504291e+00 -4.479516492762122937e+00
-5.217238819520191306e+00 -4.477138021494392994e+00
-5.212676470236693227e+00 -4.474768672978078676e+00
-5.208132327514112703e+00 -4.472408456215044126e+00
-5.203606387084977136e+00 -4.470057379782175211e+00
-5.199098643915393225e+00 -4.467715451828926376e+00
-5.194609092205381806e+00 -4.465382680074982957e+00
-5.190137725389407208e+00 -4.463059071807956357e+00
-5.185684536137003420e+00 -4.460744633881266630e+00
-5.181249516353650719e+00 -4.458439372712035720e+00
-5.176832657181750896e+00 -4.456143294279170775e+00
-5.172433949001799647e+00 -4.453856404121443013e+00
-5.168053381433720617e+00 -4.451578707335779761e+00
-5.163690943338371753e+00 -4.449310208575568026e+00
-5.159346622819170669e+00 -4.447050912049126836e+00
-5.155020407223960710e+00 -4.444800821518239964e+00
-5.150712283146968495e+00 -4.442559940296830767e+00
-5.146422236430947095e+00 -4.440328271249722292e+00
-5.142150252169489733e+00 -4.438105816791511948e+00
-5.137896314709498036e+00 -4.435892578885550996e+00
-5.133660407653788837e+00 -4.433688559043058142e+00
-5.129442513863875952e+00 -4.431493758322296195e+00
-5.125242615462918039e+00 -4.429308177327899720e+00
-5.121060693838766831e+00 -4.427131816210306603e+00
-5.116896729647256059e+00 -4.424964674665294417e+00
-5.112750702815545445e+00 -4.422806751933615388e+00
-5.108622592545675190e+00 -4.420658046800782337e+00
-5.104512377318262573e+00 -4.418518557596937235e+00
-5.100420034896305133e+00 -4.416388282196829884e+00
-5.096345542329173917e+00 -4.414267218019932493e+00
-5.092288875956720418e+00 -4.412155362030654615e+00
-5.088250011413528284e+00 -4.410052710738661119e+00
-5.084228923633320463e+00 -4.407959260199324270e+00
-5.080225586853461373e+00 -4.405875006014282391e+00
-5.076239974619659812e+00 -4.403799943332098010e+00
-5.072272059790703835e+00 -4.401734066849037674e+00
-5.068321814543431003e+00 -4.399677370809980559e+00
-5.064389210377757244e+00 -4.397629849009398129e+00
-5.060474218121854939e+00 -4.395591494792491005e+00
-5.056576807937445572e+00 -4.393562301056414654e+00
-5.052696949325214959e+00 -4.391542260251596552e+00
-5.048414652159493698e+00 -4.389300601371183497e+00
-5.044150851087653820e+00 -4.387071475337237736e+00
-5.039905521502672237e+00 -4.384854818290166989e+00
-5.035678638137463636e+00 -4.382650566962881911e+00
-5.031470175068505135e+00 -4.380458658658044513e+00
-5.027280105719492909e+00 -4.378279031226116835e+00
-5.023108402865238631e+00 -4.376111623044133481e+00
-5.018955038635539267e+00 -4.373956372995182029e+00
-5.014819984519248486e+00 -4.371813220448644621e+00
-5.010703211368428001e+00 -4.369682105241122549e+00
-5.006604689402602837e+00 -4.367562967658006556e+00
-5.002524388213081430e+00 -4.365455748415761228e+00
-4.998462276767457801e+00 -4.363360388644829335e+00
-4.994418323414129723e+00 -4.361276829873161454e+00
-4.990392495886990076e+00 -4.359205014010399282e+00
-4.986384761310159952e+00 -4.357144883332630947e+00
-4.982395086202839884e+00 -4.355096380467731620e+00
-4.978423436484245457e+00 -4.353059448381295660e+00
-4.974469777478661925e+00 -4.351034030363115868e+00
-4.970534073920559237e+00 -4.349020070014198325e+00
-4.966616289959784325e+00 -4.347017511234319898e+00
-4.962716389166897279e+00 -4.345026298210109772e+00
-4.958834334538525290e+00 -4.343046375403593728e+00
-4.954970088502863135e+00 -4.341077687541264218e+00
-4.951123612925180772e+00 -4.339120179603618510e+00
-4.947294869113494364e+00 -4.337173796815151583e+00
-4.943483817824239068e+00 -4.335238484634797551e+00
-4.939690419268064403e+00 -4.333314188746817841e+00
-4.935914633115697114e+00 -4.331400855052101484e+00
-4.932156418503864437e+00 -4.329498429659885517e+00
-4.928415734041259988e+00 -4.327606858879894602e+00
-4.924692537814655324e+00 -4.325726089214826153e+00
-4.920986787394995510e+00 -4.323856067353262667e+00
-4.917298439843603042e+00 -4.321996740162912687e+00
-4.913627451718428851e+00 -4.320148054684231909e+00
-4.909973779080366363e+00 -4.318309958124382675e+00
-4.906337377499620622e+00 -4.316482397851522101e+00
-4.902718202062135155e+00 -4.314665321389428598e+00
-4.899116207376078336e+00 -4.312858676412432146e+00
-4.895531347578346626e+00 -4.311062410740642115e+00
-4.891963576341166409e+00 -4.309276472335496599e+00
-4.888412846878705587e+00 -4.307500809295575550e+00
-4.884879111953768671e+00 -4.305735369852696337e+00
-4.881362323884467003e+00 -4.303980102368257121e+00
-4.877862434550988446e+00 -4.302234955329899080e+00
-4.874379395402410609e+00 -4.300499877348336497e+00
-4.870913157463490073e+00 -4.298774817154484396e+00
-4.867463671341544007e+00 -4.297059723596803771e+00
-4.864030887233332656e+00 -4.295354545638859989e+00
-4.860614754931984471e+00 -4.293659232357124544e+00
