0.000000000000000000e+00 0.000000000000000000e+00 0.000000000000000000e+00 0.000000000000000000e+00 0.000000000000000000e+00 0.000000000000000000e+00
-4.135094305081035511e-17 -8.710653838751877785e-18 4.249358278635159999e-18 3.103748979113923631e-17 4.297836591161885037e-17 4.465476889919484104e-17
-4.676730283908996921e-01 -4.676730283908995256e-01 -4.597361848244348459e-01 -4.597361848244346239e-01 -8.248505165980151224e-03 -8.248505165979939588e-03
-9.208394615925599158e-01 -9.130949538462497239e-01 -8.969515515408441608e-01 -4.767345665624709294e-01 -4.526764596177328404e-01 -2.569394539974310596e-02
-9.208394615925599158e-01 -9.130949538462498349e-01 -8.969515515408438278e-01 -4.767345665624709294e-01 -4.526764596177327293e-01 -2.569394539974345290e-02
-9.208394615925600268e-01 -9.130949538462499460e-01 -8.969515515408441608e-01 -4.767345665624713180e-01 -4.526764596177331734e-01 -2.569394539974330025e-02
-1.299940295202133722e+00 -1.270614953886789023e+00 -9.218911042743136441e-01 -8.416184120958922765e-01 -8.256838231247126680e-01 -4.722374413421814854e-02
-1.299940295202133722e+00 -1.270614953886789245e+00 -9.218911042743133111e-01 -8.416184120958923875e-01 -8.256838231247134452e-01 -4.722374413421820405e-02
-1.299940295202133722e+00 -1.270614953886789689e+00 -9.218911042743138662e-01 -8.416184120958922765e-01 -8.256838231247130011e-01 -4.722374413421801670e-02
-1.563800853657688172e+00 -1.283858337992554111e+00 -1.178454108084716179e+00 -1.097594724876539196e+00 -1.080877663611207407e+00 -6.426736721690949616e-02
-1.577886400015575230e+00 -1.530063932966096996e+00 -1.429333227606174317e+00 -1.339556261824875083e+00 -1.332659646590664160e+00 -8.853578557016753003e-02
-1.577886400015575230e+00 -1.530063932966098328e+00 -1.429333227606174539e+00 -1.339556261824875083e+00 -1.332659646590664604e+00 -8.853578557016747452e-02
-1.669877938942935680e+00 -1.625604262918524556e+00 -1.518344928175516584e+00 -1.349966339105856283e+00 -1.343326690912137522e+00 -1.804416552791163753e-01
-1.669877938942935680e+00 -1.625604262918524334e+00 -1.518344928175516584e+00 -1.349966339105856505e+00 -1.343326690912138632e+00 -1.804416552791165973e-01
-1.669877938942936568e+00 -1.625604262918525222e+00 -1.518344928175516806e+00 -1.349966339105856505e+00 -1.343326690912137744e+00 -1.804416552791159867e-01
-1.669877938942935902e+00 -1.625604262918525222e+00 -1.518344928175517028e+00 -1.349966339105856283e+00 -1.343326690912138188e+00 -1.804416552791167083e-01
-1.720768913506930620e+00 -1.665721093725794022e+00 -1.521943974322435444e+00 -1.394643240186546285e+00 -1.362676068718946754e+00 -2.277997828901123234e-01
-1.720768913506930620e+00 -1.665721093725794022e+00 -1.521943974322435444e+00 -1.394643240186546285e+00 -1.362676068718946754e+00 -2.277997828901123234e-01
-1.719680534513916559e+00 -1.664604720526211779e+00 -1.521729451177809889e+00 -1.394523306595192302e+00 -1.361565976309721648e+00 -2.265933358734854575e-01
-1.718878431263645368e+00 -1.657743651679997710e+00 -1.515071448297250267e+00 -1.391385431681538165e+00 -1.355806348991475341e+00 -2.189563751252867896e-01
-1.718878431263645368e+00 -1.657743651679997487e+00 -1.515071448297250267e+00 -1.391385431681537943e+00 -1.355806348991475341e+00 -2.189563751252864565e-01
-1.686915027355927243e+00 -1.654566646034066446e+00 -1.482989305283977544e+00 -1.389853875470064448e+00 -1.324297934917901820e+00 -1.861134461459879041e-01
-1.686915027355927243e+00 -1.654566646034066446e+00 -1.482989305283977544e+00 -1.389853875470064448e+00 -1.324297934917901820e+00 -1.861134461459879041e-01
-1.686915027355927243e+00 -1.654566646034066002e+00 -1.482989305283978210e+00 -1.389853875470065336e+00 -1.324297934917902930e+00 -1.861134461459878764e-01
-1.650368022745581698e+00 -1.600579906108104966e+00 -1.383729473372059093e+00 -1.262448556044835302e+00 -1.247266115303972356e+00 -5.961409819429796392e-02
-1.613253706201339011e+00 -1.491472879967822074e+00 -1.313658471083454460e+00 -1.167430219460873220e+00 -1.127021049489244309e+00 8.243347591427642451e-02
-1.613253706201339455e+00 -1.491472879967821852e+00 -1.313658471083454904e+00 -1.167430219460873442e+00 -1.127021049489245863e+00 8.243347591427555021e-02
-1.613253706201339677e+00 -1.491472879967822518e+00 -1.313658471083454904e+00 -1.167430219460873442e+00 -1.127021049489245641e+00 8.243347591427604981e-02
-1.504002230482470948e+00 -1.423124215323945618e+00 -1.270736833669296351e+00 -1.003280507245238873e+00 -9.487636284175823276e-01 2.657725302013064228e-01
-1.504002230482470281e+00 -1.423124215323946062e+00 -1.270736833669296573e+00 -1.003280507245239095e+00 -9.487636284175826606e-01 2.657725302013066448e-01
-1.504002230482470059e+00 -1.423124215323946506e+00 -1.270736833669296573e+00 -1.003280507245239539e+00 -9.487636284175828827e-01 2.657725302013068114e-01
-1.504002230482470281e+00 -1.423124215323945618e+00 -1.270736833669296351e+00 -1.003280507245239317e+00 -9.487636284175823276e-01 2.657725302013064783e-01
-1.423415161169706344e+00 -1.270888338847020238e+00 -1.121639907296793304e+00 -9.011320658046677590e-01 -7.294965947005953577e-01 4.947970196215754068e-01
-1.360880697309625020e+00 -1.183632582916257059e+00 -8.978406490043673305e-01 -7.394958585260213990e-01 -5.118373140578621472e-01 7.393237215194972123e-01
-1.360880697309625020e+00 -1.183632582916256837e+00 -8.978406490043675525e-01 -7.394958585260209549e-01 -5.118373140578620362e-01 7.393237215194972123e-01
-1.360880697309625020e+00 -1.183632582916256837e+00 -8.978406490043675525e-01 -7.394958585260209549e-01 -5.118373140578620362e-01 7.393237215194972123e-01
-1.360880697309625020e+00 -1.183632582916256837e+00 -8.978406490043675525e-01 -7.394958585260209549e-01 -5.118373140578620362e-01 7.393237215194972123e-01
