-3.631558033289500997e+00 -3.403374354359648635e+00
-3.631923330150949258e+00 -3.403710258451730919e+00
-3.632292346739297351e+00 -3.404049417038100600e+00
-3.632665149150785755e+00 -3.404391946921245360e+00
-3.633041805205020847e+00 -3.404737971530185092e+00
-3.633422384503589786e+00 -3.405087621391060804e+00
-3.633806958491095251e+00 -3.405441034636961017e+00
-3.634195600518691727e+00 -3.405798357560637424e+00
-3.634588385910221486e+00 -3.406159745214190071e+00
-3.634985392031099050e+00 -3.406525362060184747e+00
-3.635386698360044466e+00 -3.406895382679173245e+00
-3.635792386563832412e+00 -3.407269992538989101e+00
-3.636202540575155240e+00 -3.407649388831868187e+00
-3.636617246673754522e+00 -3.408033781386017758e+00
-3.637036593571018717e+00 -3.408423393658849498e+00
-3.637460672498117553e+00 -3.408818463819981215e+00
-3.637889577297936050e+00 -3.409219245932818776e+00
-3.638323404520909854e+00 -3.409626011244453636e+00
-3.638762253524973289e+00 -3.410039049594553617e+00
-3.639206226579810188e+00 -3.410458670954975346e+00
-3.639655428975614448e+00 -3.410885207113024897e+00
-3.640109969136524182e+00 -3.411319013512332798e+00
-3.640569958739022116e+00 -3.411760471266707118e+00
-3.641035512835439913e+00 -3.412209989363622853e+00
-3.641506749982879931e+00 -3.412668007075372323e+00
-3.641983792377741391e+00 -3.413134996597186888e+00
-3.642466765996142719e+00 -3.413611465933160893e+00
-3.642955800740486527e+00 -3.414097962051867885e+00
-3.643451030592458562e+00 -3.414595074334734637e+00
-3.643952593772711079e+00 -3.415103438340975295e+00
-3.644460632907569497e+00 -3.415623739913319135e+00
-3.644975295203034538e+00 -3.416156719648366202e+00
-3.645496732626423153e+00 -3.416703177754335297e+00
-3.646025102095929338e+00 -3.417263979316652378e+00
-3.646560565678472532e+00 -3.417840059987658829e+00
-3.647103290796196884e+00 -3.418432432110789509e+00
-3.647653450441870948e+00 -3.419042191280526666e+00
-3.648211223403675429e+00 -3.419670523326721501e+00
-3.648776794499617004e+00 -3.420318711695055303e+00
-3.649350354822018527e+00 -3.420988145172042305e+00
-3.649932101992393374e+00 -3.421680325873307282e+00
-3.650522240427095610e+00 -3.422396877375028623e+00
-3.651120981614101701e+00 -3.423139552819651321e+00
-3.651728544401246612e+00 -3.423910242766397882e+00
-3.652345155296309098e+00 -3.424710982483428534e+00
-3.652971048779220187e+00 -3.425543958290685698e+00
-3.653606467626734577e+00 -3.426411512461208453e+00
-3.654251663249848292e+00 -3.427316146074968373e+00
-3.654906896044159748e+00 -3.428260519097863224e+00
-3.655572435753489557e+00 -3.429247446836539925e+00
-3.656774699846585985e+00 -3.429914841776255496e+00
-3.657989058959037809e+00 -3.430593639079562607e+00
-3.659215668443471348e+00 -3.431284099937120136e+00
-3.660454686124892998e+00 -3.431986492452379522e+00
-3.661706272359359193e+00 -3.432701091823543660e+00
-3.662970590095107948e+00 -3.433428180528739659e+00
-3.664247804936220820e+00 -3.434168048514254057e+00
-3.665538085209071983e+00 -3.434920993385648380e+00
-3.666841602031596814e+00 -3.435687320601722217e+00
-3.668158529385625588e+00 -3.436467343670923213e+00
-3.669489044192437710e+00 -3.437261384350197790e+00
-3.670833326391728324e+00 -3.438069772845901984e+00
-3.672191559024149843e+00 -3.438892848016517068e+00
-3.673563928317703287e+00 -3.439730957576925263e+00
-3.674950623778162395e+00 -3.440584458303819204e+00
-3.676351838283756113e+00 -3.441453716241888117e+00
-3.677767768184379005e+00 -3.442339106910372593e+00
-3.679198613405632479e+00 -3.443241015509512337e+00
-3.680644577557880215e+00 -3.444159837126378854e+00
-3.682105868050757902e+00 -3.445095976939484661e+00
-3.683582696213312246e+00 -3.446049850421656124e+00
-3.685075277420200024e+00 -3.447021883540418941e+00
-3.686583831224318430e+00 -3.448012512955204389e+00
-3.688108581496134519e+00 -3.449022186210652929e+00
-3.689649756570256400e+00 -3.450051361925082993e+00
-3.691207589399580158e+00 -3.451100509973331842e+00
-3.692782317717519192e+00 -3.452170111662939078e+00
-3.694374184208739198e+00 -3.453260659902685603e+00
-3.695983436688971224e+00 -3.454372659362399567e+00
-3.697610328294408610e+00 -3.455506626622863564e+00
-3.699255117681288230e+00 -3.456663090314643139e+00
-3.700918069236190266e+00 -3.457842591244460362e+00
-3.702599453297807486e+00 -3.459045682507923214e+00
-3.704299546390781739e+00 -3.460272929587047575e+00
-3.706018631472362213e+00 -3.461524910431176050e+00
-3.707756998192634157e+00 -3.462802215519804605e+00
-3.709514943169146761e+00 -3.464105447905660551e+00
-3.711292770276763520e+00 -3.465435223236480233e+00
-3.713090790953671672e+00 -3.466792169753819763e+00
-3.714909324524475309e+00 -3.468176928267174386e+00
-3.716748698541371354e+00 -3.469590152101761138e+00
-3.718609249144549711e+00 -3.471032507018228852e+00
-3.720491321442790600e+00 -3.472504671102554674e+00
-3.722395269915628635e+00 -3.474007334624531040e+00
-3.724321458838142362e+00 -3.475541199863068087e+00
-3.726270262729829863e+00 -3.477106980896849553e+00
-3.728242066828841850e+00 -3.478705403358686610e+00
-3.730237267593097261e+00 -3.480337204152256891e+00
-3.732256273229746402e+00 -3.482003131129805418e+00
-3.734299504254580349e+00 -3.483703942729721170e+00
-3.734388162953060419e+00 -3.485118466859266739e+00
-3.734478114342418387e+00 -3.486542151279148349e+00
-3.734569386060513363e+00 -3.487974838119449750e+00
-3.734662006510609533e+00 -3.489416368281605063e+00
-3.734756004887001435e+00 -3.490866581602084295e+00
-3.734851411201597138e+00 -3.492325317009383312e+00
-3.734948256311529047e+00 -3.493792412674007419e+00
-3.735046571947874483e+00 -3.495267706151249598e+00
-3.735146390745459843e+00 -3.496751034516677237e+00
-3.735247746273838043e+00 -3.498242234494044478e+00
-3.735350673069497418e+00 -3.499741142575698571e+00
-3.735455206669327399e+00 -3.501247595135326129e+00
-3.735561383645415123e+00 -3.502761428533055277e+00
-3.735669241641241367e+00 -3.504282479212928791e+00
-3.735778819409278917e+00 -3.505810583792774437e+00
-3.735890156850141697e+00 -3.507345579146522674e+00
-3.736003295053276219e+00 -3.508887302479106296e+00
-3.736118276339313926e+00 -3.510435591394024168e+00
-3.736235144304124844e+00 -3.511990283953648984e+00
-3.736353943864665794e+00 -3.513551218732525516e+00
-3.736474721306684010e+00 -3.515118234863725544e+00
-3.736597524334399623e+00 -3.516691172078483252e+00
-3.736722402122172770e+00 -3.518269870739261229e+00
-3.736849405368364518e+00 -3.519854171866483750e+00
-3.736978586351348941e+00 -3.521443917159057246e+00
-3.737109998987885540e+00 -3.523038949008981735e+00
-3.737243698893897736e+00 -3.524639110510152662e+00
-3.737379743447779123e+00 -3.526244245461692906e+00
-3.737518191856324723e+00 -3.527854198365877103e+00
-3.737659105223438694e+00 -3.529468814421051537e+00
-3.737802546621713962e+00 -3.531087939509557128e+00
-3.737948581166985029e+00 -3.532711420181085860e+00
-3.738097276096054689e+00 -3.534339103631532808e+00
-3.738248700847662587e+00 -3.535970837677667067e+00
-3.738402927146892374e+00 -3.537606470727768126e+00
-3.738560029093122239e+00 -3.539245851748553662e+00
-3.738720083251700022e+00 -3.540888830228503537e+00
-3.738883168749528529e+00 -3.542535256137921973e+00
-3.739049367374633004e+00 -3.544184979885924403e+00
-3.739218763680035806e+00 -3.545837852274559499e+00
-3.739391445091975630e+00 -3.547493724450402564e+00
-3.739567502022731027e+00 -3.549152447853761050e+00
-3.739747027988254757e+00 -3.550813874165870132e+00
-3.739930119730781932e+00 -3.552477855254258632e+00
-3.740116877346631341e+00 -3.554144243116644564e+00
-3.740307404419430437e+00 -3.555812889823662282e+00
-3.740501808158989139e+00 -3.557483647460689458e+00
-3.740700199546009852e+00 -3.559156368069208654e+00
-3.740902693482967223e+00 -3.560830903588050322e+00
-3.741109408951261095e+00 -3.562507105794907147e+00
-3.741427250986697928e+00 -3.565460938942125679e+00
-3.741757304199478718e+00 -3.568442214848239757e+00
-3.742100261041072073e+00 -3.571450148909694811e+00
-3.742456863643218057e+00 -3.574483902695709148e+00
-3.742827907892055439e+00 -3.577542581619955087e+00
-3.743214247843853482e+00 -3.580625232421674742e+00
-3.743616800504773856e+00 -3.583730840446639476e+00
-3.744036550996325374e+00 -3.586858326721947154e+00
-3.744474558126410280e+00 -3.590006544823433288e+00
-3.744931960382893443e+00 -3.593174277541422601e+00
-3.745409982362159163e+00 -3.596360233359432002e+00
-3.745909941638585927e+00 -3.599563042772305987e+00
-3.746433256071913576e+00 -3.602781254485856177e+00
-3.746981451537185315e+00 -3.606013331559691171e+00
-3.747556170045955870e+00 -3.609257647580496720e+00
-3.748159178206507569e+00 -3.612512482984651108e+00
-3.748792375944208555e+00 -3.615776021689217856e+00
-3.749457805369842855e+00 -3.619046348239624677e+00
-3.750157659642452401e+00 -3.622321445743029056e+00
-3.750894291623446009e+00 -3.625599194930106073e+00
-3.751670222059018567e+00 -3.628877374776160014e+00
-3.752488146958836257e+00 -3.632153665217438210e+00
-3.753350943759860225e+00 -3.635425652620506654e+00
-3.754261675777479379e+00 -3.638690838802872474e+00
-3.755223594354159200e+00 -3.641946654560716201e+00
-3.756240138024121045e+00 -3.645190478832549985e+00
-3.757314927928429693e+00 -3.648419664812053043e+00
-3.758451758649782537e+00 -3.651631574512788969e+00
-3.759654583603832201e+00 -3.654823623473315575e+00
-3.760927494141934613e+00 -3.657993337462164707e+00
-3.762274691608384458e+00 -3.661138423186014457e+00
-3.763700451773633215e+00 -3.664256855108310784e+00
-3.765209081350789244e+00 -3.667346980538678913e+00
-3.766804866706910726e+00 -3.670407645149610154e+00
-3.768492015400059181e+00 -3.673438341013229191e+00
-3.770274591789246621e+00 -3.676439379128941365e+00
-3.772156448634909065e+00 -3.679412088224791599e+00
-3.774141157269030877e+00 -3.682359041325229843e+00
-3.776231939483470690e+00 -3.685284311076986619e+00
-3.778431604671100175e+00 -3.688193753863881152e+00
-3.780742495872038145e+00 -3.691095320827799675e+00
-3.783166448166689566e+00 -3.693999390181548659e+00
-3.785704762299933357e+00 -3.696919108281256250e+00
-3.788358195552044450e+00 -3.699870714915202363e+00
-3.791126970778096794e+00 -3.702873808983904169e+00
-3.794010803346727911e+00 -3.705951482719102241e+00
-3.797008944565664290e+00 -3.709130217310528721e+00
-3.800120239220514673e+00 -3.712439398700343673e+00
-3.803343194176351361e+00 -3.715910299419770357e+00
-3.806676054648931995e+00 -3.719574413440346561e+00
-3.806679699461296806e+00 -3.719586374424815656e+00
-3.806683398333457369e+00 -3.719598531340138958e+00
-3.806687152503629878e+00 -3.719610889137103360e+00
-3.806690963248588577e+00 -3.719623452936829278e+00
-3.806694831885191199e+00 -3.719636228038204706e+00
-3.806698759771952822e+00 -3.719649219925766914e+00
-3.806702748310762274e+00 -3.719662434277943408e+00
-3.806706798948581660e+00 -3.719675876975832018e+00
-3.806710913179334632e+00 -3.719689554112351360e+00
-3.806715092545807089e+00 -3.719703472002011679e+00
-3.806719338641697092e+00 -3.719717637191137793e+00
-3.806723653113732286e+00 -3.719732056468750603e+00
-3.806728037663920095e+00 -3.719746736878006832e+00
-3.806732494051885407e+00 -3.719761685728337319e+00
-3.806737024097372135e+00 -3.719776910608286524e+00
-3.806741629682833583e+00 -3.719792419399104322e+00
-3.806746312756159156e+00 -3.719808220289141598e+00
-3.806751075333611567e+00 -3.719824321789124699e+00
-3.806755919502823993e+00 -3.719840732748354029e+00
-3.806760847426029937e+00 -3.719857462371916057e+00
-3.806765861343456958e+00 -3.719874520238925175e+00
-3.806770963576867839e+00 -3.719891916321958814e+00
-3.806776156533373534e+00 -3.719909661007696933e+00
-3.806781442709384677e+00 -3.719927765118927088e+00
-3.806786824694824212e+00 -3.719946239937928389e+00
-3.806792305177595370e+00 -3.719965097231447082e+00
-3.806797886948275700e+00 -3.719984349277315250e+00
-3.806803572905104627e+00 -3.720004008892856984e+00
-3.806809366059269006e+00 -3.720024089465267636e+00
-3.806815269540479552e+00 -3.720044604984064307e+00
-3.806821286602930954e+00 -3.720065570075801187e+00
-3.806827420631567982e+00 -3.720087000041305547e+00
-3.806833675148780127e+00 -3.720108910895522758e+00
-3.806840053821501257e+00 -3.720131319410302950e+00
-3.806846560468742258e+00 -3.720154243160359808e+00
-3.806853199069617499e+00 -3.720177700572590229e+00
-3.806859973771900219e+00 -3.720201710979270437e+00
-3.806866888901088153e+00 -3.720226294675199163e+00
-3.806873948970127319e+00 -3.720251472979426932e+00
-3.806881158689732203e+00 -3.720277268301785067e+00
-3.806888522979418266e+00 -3.720303704214813934e+00
-3.806896046979297843e+00 -3.720330805531551821e+00
-3.806903736062676291e+00 -3.720358598389755578e+00
-3.806911595849514107e+00 -3.720705543594064579e+00
-3.806919632220864713e+00 -3.723336207532008224e+00
-3.806927851334325208e+00 -3.725967210253291917e+00
-3.806936259640632425e+00 -3.728598546697827754e+00
-3.806944863901406073e+00 -3.731230212011305891e+00
-3.806953671208311185e+00 -3.733862201536394032e+00
-3.806962689003556388e+00 -3.736494510804509783e+00
-3.807145230173818895e+00 -3.736648513050360609e+00
-3.807330172121563994e+00 -3.736803302916504421e+00
-3.807517582287370583e+00 -3.736958887408279306e+00
-3.807707530852535882e+00 -3.737115273633591972e+00
-3.807900090873145960e+00 -3.737272468805129311e+00
-3.808095338421254361e+00 -3.737430480242675213e+00
-3.808293352733642667e+00 -3.737589315375430932e+00
-3.808494216368457419e+00 -3.737748981744472232e+00
-3.808698015370166168e+00 -3.737909487005210085e+00
-3.808904839443236767e+00 -3.738070838929985484e+00
-3.809114782134949806e+00 -3.738233045410666922e+00
-3.809327941027809583e+00 -3.738396114461393527e+00
-3.809544417941940431e+00 -3.738560054221349294e+00
-3.809764319147939560e+00 -3.738724872957651879e+00
-3.809987755590626080e+00 -3.738890579068283593e+00
-3.810214843124140938e+00 -3.739057181085159165e+00
-3.810445702758748610e+00 -3.739224687677253023e+00
-3.810680460919883217e+00 -3.739393107653821158e+00
-3.810919249719683766e+00 -3.739562449967727353e+00
-3.811162207241484801e+00 -3.739732723718868446e+00
-3.811409477837544468e+00 -3.739903938157703500e+00
-3.811661212440230706e+00 -3.740076102688885129e+00
-3.811917568886926677e+00 -3.740249226874998278e+00
-3.812178712258726510e+00 -3.740423320440431354e+00
-3.812444815232868489e+00 -3.740598393275345934e+00
-3.812716058448933687e+00 -3.740774455439780599e+00
-3.812992630888352608e+00 -3.740951517167873774e+00
-3.813274730266861479e+00 -3.741129588872231349e+00
-3.813562563439255815e+00 -3.741308681148416859e+00
-3.813856346815415410e+00 -3.741488804779586896e+00
-3.814156306786501638e+00 -3.741669970741293483e+00
-3.814462680159675934e+00 -3.741852190206387263e+00
-3.814775714599431211e+00 -3.742035474550138296e+00
-3.815095669073162110e+00 -3.742219835355486968e+00
-3.815422814298002674e+00 -3.743037096620250193e+00
-3.815757433185538616e+00 -3.743959371343616560e+00
-3.816099821280162452e+00 -3.744895714311475832e+00
-3.816450287186345935e+00 -3.745845555334332388e+00
-3.816809152979063757e+00 -3.746808279380574813e+00
-3.817176754590948295e+00 -3.747783229117582771e+00
-3.817553442168664990e+00 -3.748769707613683000e+00
-3.817939580390015575e+00 -3.749766981150905565e+00
-3.818335548732236351e+00 -3.750774282102958601e+00
-3.818741741680757862e+00 -3.751790811838533024e+00
-3.819158568866596770e+00 -3.752815743617024857e+00
-3.819586455119342361e+00 -3.753848225451265286e+00
-3.820025840421531704e+00 -3.754887382919838146e+00
-3.820477179749282914e+00 -3.755932321919449812e+00
-3.820940942782870220e+00 -3.756982131355273591e+00
-3.821417613470380115e+00 -3.758035885774319240e+00
-3.821589583916944477e+00 -3.758340706298454403e+00
-3.821762276504773848e+00 -3.758650092347552540e+00
-3.821935695440088043e+00 -3.758964169860560478e+00
-3.822109844959548308e+00 -3.759283068330848021e+00
-3.822284729330545083e+00 -3.759606920838415078e+00
-3.822460352851473342e+00 -3.759935864073708167e+00
-3.822636719852007925e+00 -3.760270038351951172e+00
-3.822813834693371327e+00 -3.760609587617024019e+00
-3.822991701768639228e+00 -3.760954659433749736e+00
-3.823170325503015388e+00 -3.761305404967400179e+00
-3.823349710354142506e+00 -3.761661978949363494e+00
-3.823529860812400205e+00 -3.762024539627632169e+00
-3.823710781401209235e+00 -3.762393248700983683e+00
-3.823892476677339669e+00 -3.762768271235653827e+00
-3.824074951231255515e+00 -3.763149775563210397e+00
-3.824258209687419363e+00 -3.763537933158567661e+00
-3.824442256704644105e+00 -3.763932918496945224e+00
-3.824627096976433993e+00 -3.764334908888781417e+00
-3.824812735231329697e+00 -3.764744084291615778e+00
-3.824999176233272458e+00 -3.765160627098175894e+00
-3.825186424781992223e+00 -3.765584721899913667e+00
-3.825374485713373129e+00 -3.766016555225570883e+00
-3.825563363899846081e+00 -3.766456315254454790e+00
-3.825753064250820845e+00 -3.766904191504372612e+00
-3.825943591713063086e+00 -3.767360374494421738e+00
-3.826134951271178419e+00 -3.767825055383165367e+00
-3.826327147948015650e+00 -3.768298425583012978e+00
-3.826520186805161927e+00 -3.768780676351892733e+00
-3.826714072943412148e+00 -3.769271998363832310e+00
-3.826908811503295649e+00 -3.769772581260212529e+00
-3.827104407665565589e+00 -3.770282613183990161e+00
-3.827300866651771827e+00 -3.770802280299523801e+00
-3.827498193724825359e+00 -3.771331766300895616e+00
-3.827696394189606721e+00 -3.771871251912100931e+00
-3.827895473393586823e+00 -3.772420914382730306e+00
-3.828095436727493528e+00 -3.772980926982982819e+00
-3.828296289626011983e+00 -3.773551458502210298e+00
-3.828498037568523138e+00 -3.774132672755249107e+00
-3.828700686079886228e+00 -3.774724728100972815e+00
-3.828904240731261233e+00 -3.775327776977522642e+00
-3.829108707141004597e+00 -3.775941965458648575e+00
-3.829314090975597829e+00 -3.776567432835468363e+00
-3.829520397950650246e+00 -3.777204311227799760e+00
-3.829727633831983447e+00 -3.777852725228898478e+00
-3.829935804436765512e+00 -3.778512791587162134e+00
-3.830144915634789093e+00 -3.779184618927895922e+00
-3.830354973349757053e+00 -3.779868307517772585e+00
-3.830565983560772381e+00 -3.780563949074120522e+00
-3.830777952303878298e+00 -3.781271626620574811e+00
-3.830990885673775992e+00 -3.781991414390060591e+00
-3.831028228833107008e+00 -3.782806844470905094e+00
-3.831066551305403411e+00 -3.783635525576030556e+00
-3.831105902351054304e+00 -3.784477735553351430e+00
-3.831146335116495383e+00 -3.785333752328907675e+00
-3.831187907062498788e+00 -3.786203852870327236e+00
-3.831230680453750814e+00 -3.787088312019031733e+00
-3.831274722920495979e+00 -3.787987401180302083e+00
-3.831320108105346733e+00 -3.788901386859417020e+00
-3.831366916411141688e+00 -3.789830529030473460e+00
-3.831415235869253255e+00 -3.790775079322551644e+00
-3.831465163152171449e+00 -3.791735279005175485e+00
-3.831516804759829586e+00 -3.792711356751123919e+00
-3.831570278416105868e+00 -3.793703526149471816e+00
-3.831625714721135889e+00 -3.794711982934455996e+00
-3.831683259116636542e+00 -3.795736901886003878e+00
-3.831743074236661606e+00 -3.796778433344355719e+00
-3.831805342735684405e+00 -3.797836699263252846e+00
-3.831870270711994486e+00 -3.798911788701484493e+00
-3.831938091878252628e+00 -3.800003752619880437e+00
-3.832009072676691552e+00 -3.801112597805874849e+00
-3.832083518597248162e+00 -3.802238279687392364e+00
-3.832161782039166908e+00 -3.803380693715446625e+00
-3.832244272168805921e+00 -3.804539664882196082e+00
-3.832331467379546996e+00 -3.805714934786996739e+00
-3.832423931171870635e+00 -3.806906145449567624e+00
-3.832522332565406309e+00 -3.808112818773727426e+00
-3.832627472565071081e+00 -3.809334330152958970e+00
-3.832740318776802990e+00 -3.810569874133208579e+00
-3.832862051070035303e+00 -3.811818419244308753e+00
-3.832994122297169959e+00 -3.813078647995955972e+00
-3.833138339602597533e+00 -3.814348876509384922e+00
-3.833296973867963864e+00 -3.815626946239683015e+00
-3.833472907329631862e+00 -3.816910077752685204e+00
-3.833669832028100632e+00 -3.818194673895090041e+00
-3.833892513309068661e+00 -3.819476058135788499e+00
-3.834147129878676896e+00 -3.820748136573153264e+00
-3.834441687494011930e+00 -3.822002986524819068e+00
-3.834786462474582880e+00 -3.823230415512893998e+00
-3.835194340910623723e+00 -3.824417624768809976e+00
-3.835680763041273256e+00 -3.825549267787062835e+00
-3.836262806596204555e+00 -3.826608370139169768e+00
-3.836956961737794103e+00 -3.827578557918767999e+00
-3.837775724665592136e+00 -3.828447467767338352e+00
-3.838724266831224252e+00 -3.829210081547397948e+00
-3.839799087174541548e+00 -3.829870078270491085e+00
-3.840989523906772618e+00 -3.830438326775637226e+00
-3.842281052172574984e+00 -3.830929592849933396e+00
-3.843658500125346933e+00 -3.831359328281890519e+00
-3.845108090998832218e+00 -3.832151127547350544e+00
-3.846618274902986023e+00 -3.833421446120041765e+00
-3.847003355396703128e+00 -3.835501166280513630e+00
-3.847419062276975943e+00 -3.837971114190499300e+00
-3.847871434971584570e+00 -3.840989830118407333e+00
-3.848375804954733859e+00 -3.844042248956613506e+00
-3.849017003407659843e+00 -3.847043083587905254e+00
-3.850753604997733781e+00 -3.849033328090661676e+00
-3.853805844322789831e+00 -3.849792370568462907e+00
-3.857039530696587448e+00 -3.850454083292555563e+00
-3.860336866568363501e+00 -3.852180525989825632e+00
-3.863679394361550390e+00 -3.854270395152384676e+00
-3.867060292942424038e+00 -3.856361311782145584e+00
-3.870475618589661160e+00 -3.858453261101763232e+00
-3.873922500360513332e+00 -3.860546228647896871e+00
-3.877398602214630952e+00 -3.862640200262049461e+00
-3.880901919397029332e+00 -3.864735162081826658e+00
-3.884430685500437797e+00 -3.866831100532418297e+00
-3.887983322472836178e+00 -3.868928002318472892e+00
-3.891558409503089955e+00 -3.871025854416187073e+00
-3.895154661181019939e+00 -3.873124644065784938e+00
-3.898770910739063567e+00 -3.875224358764146171e+00
-3.902406096400483637e+00 -3.877324986257788986e+00
-3.906059249834643587e+00 -3.879426514536047144e+00
-3.909729486173929569e+00 -3.881528931824503204e+00
-3.913415995268506808e+00 -3.883632226578641600e+00
-3.917118033968595814e+00 -3.885736387477741971e+00
-3.920834919284869269e+00 -3.887841403418934139e+00
-3.924566022312566016e+00 -3.889947263511501330e+00
-3.928310762826422664e+00 -3.892053957071350823e+00
-3.932068604468044182e+00 -3.894161473615678215e+00
-3.935839050457763832e+00 -3.896269802857785347e+00
-3.939621639771722972e+00 -3.898378934702099397e+00
-3.943415943731497730e+00 -3.900488859239342965e+00
-3.947221562959847496e+00 -3.902599566741845383e+00
-3.951038124661212958e+00 -3.904711047659029433e+00
-3.954865280190438703e+00 -3.906823292613023746e+00
-3.958702702877143320e+00 -3.908936292394413758e+00
-3.962550086077063494e+00 -3.911050037958140102e+00
-3.966407141424838301e+00 -3.913164520419518677e+00
-3.970273597265722820e+00 -3.915279731050362866e+00
-3.974149197246302112e+00 -3.917395661275279828e+00
-3.978033699046576999e+00 -3.919512302668004988e+00
-3.981926873237851883e+00 -3.921629646947914605e+00
-3.985828502252672934e+00 -3.923747685976605393e+00
-3.989738379454592199e+00 -3.925866411754586505e+00
-3.993656308297068858e+00 -3.927985816418070986e+00
-3.997582101561893086e+00 -3.930105892235864040e+00
-4.001515580668770333e+00 -3.932226631606334788e+00
-4.005456575048548906e+00 -3.934348027054490160e+00
-4.009404921573472613e+00 -3.936470071229113188e+00
-4.013360464038598252e+00 -3.938592756899998104e+00
-4.014145867197741246e+00 -3.939015223029399770e+00
-4.014932947108690087e+00 -3.939438163270875481e+00
-4.015721707580483191e+00 -3.939861577686917027e+00
-4.016512152437463179e+00 -3.940285466338751874e+00
-4.017304285519066376e+00 -3.940709829286356047e+00
-4.018098110679580337e+00 -3.941134666588445690e+00
-4.018893631787959997e+00 -3.941559978302484168e+00
-4.019690852727579866e+00 -3.941985764484682075e+00
-4.020489777396043074e+00 -3.942412025189992342e+00
-4.021290409704942448e+00 -3.942838760472114235e+00
-4.022092753579654456e+00 -3.943265970383490693e+00
-4.022896812959126045e+00 -3.943693654975322094e+00
-4.023702591795642824e+00 -3.944121814297540940e+00
-4.024510094054636333e+00 -3.944550448398835396e+00
-4.025319323714435349e+00 -3.944979557326640407e+00
-4.026130284766077594e+00 -3.945409141127139474e+00
-4.026942981213077921e+00 -3.945839199845265544e+00
-4.027757417071207158e+00 -3.946269733524687240e+00
-4.028573596368285159e+00 -3.946700742207849277e+00
-4.029391523143960541e+00 -3.947132225935919614e+00
-4.030211201449473535e+00 -3.947564184748838745e+00
-4.031032635347470361e+00 -3.947996618685276626e+00
-4.031855828911754536e+00 -3.948429527782674420e+00
-4.032680786227081704e+00 -3.948862912077212073e+00
-4.033507511388932265e+00 -3.949296771603826972e+00
-4.034336008503298210e+00 -3.949731106396211722e+00
-4.035166281686454859e+00 -3.950165916486811035e+00
-4.035998335064740594e+00 -3.950601201906823512e+00
-4.036832172774340144e+00 -3.951036962686203413e+00
-4.037667798961052767e+00 -3.951473198853658442e+00
-4.038505217780069323e+00 -3.951909910436656848e+00
-4.039344433395758216e+00 -3.952347097461425207e+00
-4.040185449981429144e+00 -3.952784759952938654e+00
-4.041028271719109277e+00 -3.953222897934942193e+00
-4.041872902799322986e+00 -3.953661511429930719e+00
-4.042719347420855591e+00 -3.954100600459168113e+00
-4.043567609790534867e+00 -3.954540165042673472e+00
-4.044417694122989460e+00 -3.954980205199222887e+00
-4.045269604640431282e+00 -3.955420720946365876e+00
-4.046123345572423702e+00 -3.955861712300408062e+00
-4.046978921155637288e+00 -3.956303179276418724e+00
-4.047836335633634874e+00 -3.956745121888237460e+00
-4.048695593256624647e+00 -3.957187540148461302e+00
-4.049556698281232769e+00 -3.957630434068460712e+00
-4.050419654970268013e+00 -3.958073803658369805e+00
-4.051284467592478400e+00 -3.958517648927084132e+00
-4.052151140422326492e+00 -3.958961969882293097e+00
-4.053019677739745141e+00 -3.959406766530425337e+00
-4.053890083829880808e+00 -3.959852038876701119e+00
-4.054762362982896384e+00 -3.960297786925103924e+00
-4.054780149850442328e+00 -3.960327160414704561e+00
-4.054798052056834301e+00 -3.960356693548604312e+00
-4.054816070823500596e+00 -3.960386388552364689e+00
-4.054834207389823142e+00 -3.960416247697005065e+00
-4.054852463013451924e+00 -3.960446273300194608e+00
-4.054870838970664693e+00 -3.960476467727537031e+00
-4.054889336556707136e+00 -3.960506833393887316e+00
-4.054907957086147263e+00 -3.960537372764665331e+00
-4.054926701893250218e+00 -3.960568088357310668e+00
-4.054945572332343318e+00 -3.960598982742675300e+00
-4.054964569778211292e+00 -3.960630058546559695e+00
-4.054983695626469320e+00 -3.960661318451234703e+00
-4.055002951293982250e+00 -3.960692765197053600e+00
-4.055022338219262501e+00 -3.960724401584119647e+00
-4.055041857862886623e+00 -3.960756230473977180e+00
-4.055061511707937605e+00 -3.960788254791415941e+00
-4.055081301260434756e+00 -3.960820477526294958e+00
-4.055101228049776019e+00 -3.960852901735460563e+00
-4.055121293629214918e+00 -3.960885530544710598e+00
-4.055141499576316200e+00 -3.960918367150855879e+00
-4.055161847493442551e+00 -3.960951414823834948e+00
-4.055182339008252868e+00 -3.960984676908921198e+00
-4.055202975774194307e+00 -3.961018156828993497e+00
-4.055223759471039635e+00 -3.961051858086941824e+00
-4.055244691805397039e+00 -3.961085784268070231e+00
-4.055265774511257248e+00 -3.961119939042697435e+00
-4.055287009350555749e+00 -3.961154326168785822e+00
-4.055308398113742108e+00 -3.961188949494688138e+00
-4.055329942620347516e+00 -3.961223812962017643e+00
-4.055351644719607407e+00 -3.961258920608599077e+00
-4.055373506291046759e+00 -3.961294276571586614e+00
-4.055395529245121367e+00 -3.961329885090635994e+00
-4.055417715523863542e+00 -3.961365750511253836e+00
-4.055440067101534041e+00 -3.961401877288275308e+00
-4.055462585985294410e+00 -3.961438269989463468e+00
-4.055485274215905989e+00 -3.961474933299254264e+00
-4.055508133868436893e+00 -3.961511872022700942e+00
-4.055531167052988550e+00 -3.961549091089507701e+00
-4.055554375915440879e+00 -3.961586595558287183e+00
-4.055577762638219674e+00 -3.961624390620970715e+00
-4.055601329441075542e+00 -3.961662481607421515e+00
-4.055625078581902798e+00 -3.961700873990225524e+00
-4.055649012357539718e+00 -3.961739573389699398e+00
-4.055673133104640726e+00 -3.961778585579103229e+00
-4.055697443200538821e+00 -3.961817916490105507e+00
-4.055721945064111544e+00 -3.961857572218442591e+00
-4.055746641156745547e+00 -3.961897559029873950e+00
-4.055771533983224764e+00 -3.961937883366372759e+00
-4.055796626092724289e+00 -3.961978551852611830e+00
-4.055821920079797138e+00 -3.962019571302715093e+00
-4.056278036823468547e+00 -3.962469699519051591e+00
-4.056734482674152709e+00 -3.962920157234016028e+00
-4.057191257554596753e+00 -3.963370944354649872e+00
-4.057648361387038882e+00 -3.963822060787406620e+00
-4.058105794093222585e+00 -3.964273506438146466e+00
-4.058563555594397521e+00 -3.964725281212146957e+00
-4.059021645811318635e+00 -3.965177385014097666e+00
-4.059480064664231946e+00 -3.965629817748103747e+00
-4.059938812072906522e+00 -3.966082579317679269e+00
-4.060397887956607832e+00 -3.966535669625752991e+00
-4.060857292234108407e+00 -3.966989088574676359e+00
-4.061317024823691391e+00 -3.967442836066215062e+00
-4.061777085643152319e+00 -3.967896912001545928e+00
-4.062237474609792898e+00 -3.968351316281273800e+00
-4.062698191640422785e+00 -3.968806048805412878e+00
-4.063159236651371131e+00 -3.969261109473401383e+00
-4.063620609558473262e+00 -3.969716498184096665e+00
-4.064082310277080445e+00 -3.970172214835775204e+00
-4.064544338722063443e+00 -3.970628259326136167e+00
-4.065006694807798304e+00 -3.971084631552301847e+00
-4.065469378448184123e+00 -3.971541331410819886e+00
-4.065932389556642157e+00 -3.971998358797652173e+00
-4.066395728046102498e+00 -3.972455713608202821e+00
-4.066859393829019176e+00 -3.972913395737273756e+00
-4.067323386817364828e+00 -3.973371405079119789e+00
-4.067787706922638691e+00 -3.973829741527409976e+00
-4.068252354055854170e+00 -3.974288404975243161e+00
-4.068717328127557487e+00 -3.974747395315146647e+00
-4.069182629047806365e+00 -3.975206712439077972e+00
-4.069648256726192237e+00 -3.975666356238413801e+00
-4.070114211071834909e+00 -3.976126326603980576e+00
-4.070580491993374572e+00 -3.976586623426025202e+00
-4.071047099398979796e+00 -3.977047246594227481e+00
-4.071514033196355520e+00 -3.977508195997697893e+00
-4.071981293292730619e+00 -3.977969471524988698e+00
-4.072448879594860571e+00 -3.978431073064080170e+00
-4.072916792009045217e+00 -3.978893000502391697e+00
-4.073385030441105670e+00 -3.979355253726784891e+00
-4.073853594796405631e+00 -3.979817832623537832e+00
-4.074322484979838954e+00 -3.980280737078393027e+00
-4.074791700895832314e+00 -3.980743966976515225e+00
-4.075261242448354082e+00 -3.981207522202517168e+00
-4.075731109540916997e+00 -3.981671402640447166e+00
-4.076201302076556843e+00 -3.982135608173796637e+00
-4.076671819957862652e+00 -3.982600138685501001e+00
-4.077142663086958052e+00 -3.983064994057939234e+00
-4.077613831365508368e+00 -3.983530174172932092e+00
-4.078085324694733060e+00 -3.983995678911750549e+00
-4.078557142975378191e+00 -3.984461508155102916e+00
-4.079029286107747510e+00 -3.984927661783152608e+00
-4.078394917772887318e+00 -3.984218579707075936e+00
-4.077784773372163052e+00 -3.983532239773134975e+00
-4.077197345784913551e+00 -3.982867684698996324e+00
-4.076631256005916804e+00 -3.982224002810002883e+00
-4.076085239815641081e+00 -3.981600325923600803e+00
-4.075558136016389277e+00 -3.980995827295294109e+00
-4.075048876040794354e+00 -3.980409719631433418e+00
-4.074556474761997116e+00 -3.979841253172384796e+00
-4.074080022355765607e+00 -3.979289713848655374e+00
-4.073618677083677753e+00 -3.978754421511243144e+00
-4.073171658883057766e+00 -3.978234728236683004e+00
-4.072738243664205449e+00 -3.977730016706600313e+00
-4.072317758228256146e+00 -3.977239698660780309e+00
-4.071909575730209063e+00 -3.976763213422617849e+00
-4.071513111621635872e+00 -3.976300026495077855e+00
-4.071127820015806975e+00 -3.975849628225336385e+00
-4.070753190425556056e+00 -3.975411532535774395e+00
-4.070388744830443883e+00 -3.974985275719086886e+00
-4.070034035035372533e+00 -3.974570415294994330e+00
-4.069688640287513870e+00 -3.974166528926070807e+00
-4.069352165122599452e+00 -3.973773213390126013e+00
-4.069024237415273859e+00 -3.973390083606654688e+00
-4.068704506611070748e+00 -3.973016771714771078e+00
-4.068392642120687519e+00 -3.972652926200220147e+00
-4.068088331859117446e+00 -3.972298211069021256e+00
-4.067791280914620167e+00 -3.971952305065387989e+00
-4.067501210334043549e+00 -3.971614900931707659e+00
-4.067217856012723232e+00 -3.971285704708293451e+00
-4.066940967678408292e+00 -3.970964435070915677e+00
-4.066670307959963537e+00 -3.970650822704005822e+00
-4.066405651532541299e+00 -3.970344609707652683e+00
-4.066146784331901465e+00 -3.970045549036526289e+00
-4.065893502831324113e+00 -3.969753403969004779e+00
-4.065645613375231449e+00 -3.969467947604784719e+00
-4.065402931564353395e+00 -3.969188962389463615e+00
-4.065165281687687759e+00 -3.968916239664526557e+00
-4.064932496197124046e+00 -3.968649579241342984e+00
-4.064704415220926847e+00 -3.968388788997863070e+00
-4.064480886112670888e+00 -3.968133684496661040e+00
-4.064261763032651409e+00 -3.967884088623190753e+00
-4.064046906558950845e+00 -3.967639831243104265e+00
-4.063836183325685525e+00 -3.967400748877522254e+00
-4.063629465686242170e+00 -3.967166684395310394e+00
-4.063426631399396527e+00 -3.966937486721349160e+00
-4.063227563336528014e+00 -3.966713010559932862e+00
-4.063032149208240185e+00 -3.966493116132427055e+00
-4.062840281308850443e+00 -3.966277668928420042e+00
-4.062651856277375906e+00 -3.966066539469569552e+00
-4.062466774873787045e+00 -3.965859603085486462e+00
-4.062284941769325641e+00 -3.965656739700951672e+00
-4.061681604417032965e+00 -3.964374039106002723e+00
-4.061094361025479493e+00 -3.963120786979332344e+00
-4.060522510088374837e+00 -3.961896169919596478e+00
-4.059965389322478302e+00 -3.960699394086931058e+00
-4.059422373082783864e+00 -3.959529685246593100e+00
-4.058892869966225447e+00 -3.958386288751033266e+00
-4.058376320589651698e+00 -3.957268469466374672e+00
-4.057872195528876347e+00 -3.956175511649135057e+00
-4.057379993406540208e+00 -3.955106718778540031e+00
-4.056899239117355727e+00 -3.954061413349543308e+00
-4.056429482180286428e+00 -3.953038936631357192e+00
-4.055970295207790954e+00 -3.952038648395759690e+00
-4.055521272483305850e+00 -3.951059926619473028e+00
-4.055082028638538283e+00 -3.950102167164208478e+00
-4.054652197423010307e+00 -3.949164783437966619e+00
-4.054231430558828286e+00 -3.948247206040741641e+00
-4.053819396674138709e+00 -3.947348882397491376e+00
-4.053415780309414629e+00 -3.946469276381100677e+00
-4.053020280990939028e+00 -3.945607867927615864e+00
-4.052632612366631193e+00 -3.944764152646023980e+00
-4.052252501399414619e+00 -3.943937641424444696e+00
-4.051879687613931580e+00 -3.943127860034450816e+00
-4.051513922392647515e+00 -3.942334348735165417e+00
-4.051154968317761451e+00 -3.941556661878375944e+00
-4.050802598555524270e+00 -3.940794367515993102e+00
-4.050456596279970789e+00 -3.940047047010826642e+00
-4.050116754133166630e+00 -3.939314294651690140e+00
-4.049782873719440346e+00 -3.938595717273525310e+00
-4.049454765131110356e+00 -3.937890933883370526e+00
-4.049132246503554633e+00 -3.937199575292642084e+00
-4.048815143597543020e+00 -3.936521283756279299e+00
-4.048503289406965244e+00 -3.935855712619178437e+00
-4.048196523790188905e+00 -3.935202525970181497e+00
-4.047894693123438081e+00 -3.934561398303958679e+00
-4.047597649974694178e+00 -3.933932014190929749e+00
-4.047305252796784103e+00 -3.933314067955427706e+00
-4.047017365638287956e+00 -3.932707263362131833e+00
-4.046733857871192441e+00 -3.932111313310942435e+00
-4.046454603934079408e+00 -3.931525939540179593e+00
-4.046179483089949791e+00 -3.930950872338187185e+00
-4.045908379197638460e+00 -3.930385850263271141e+00
-4.045641180495983313e+00 -3.929830619871929276e+00
-4.045377779399993656e+00 -3.929284935455212846e+00
-4.045118072308143908e+00 -3.928748558783175859e+00
-4.044861959420194886e+00 -3.928221258857293119e+00
-4.044609344564833009e+00 -3.927702811670642280e+00
-4.044360135036557224e+00 -3.927192999975773979e+00
-4.044114241441206126e+00 -3.926691613060039998e+00
-4.043871577549639440e+00 -3.926198446528291974e+00
-4.043632060159052521e+00 -3.925713302092705081e+00
-4.039707121988421079e+00 -3.924115761336010255e+00
-4.035848572494006525e+00 -3.922546678515369756e+00
-4.032056590903135174e+00 -3.921005100852512193e+00
-4.028331271768499811e+00 -3.919490109508162679e+00
-4.024672623632898905e+00 -3.918000819054303197e+00
-4.021080568294929769e+00 -3.916536376847073342e+00
-4.017554940693258025e+00 -3.915095962317303613e+00
-4.014095489416876106e+00 -3.913678786194101367e+00
-4.010701877837941076e+00 -3.912284089675266419e+00
-4.007373685853302447e+00 -3.910911143556868197e+00
-4.004110412210263092e+00 -3.909559247332885068e+00
-4.000911477382586234e+00 -3.908227728274440427e+00
-3.997776226954008916e+00 -3.906915940497070139e+00
-3.994703935458852051e+00 -3.905623264023123209e+00
-3.991693810623308636e+00 -3.904349103845667912e+00
-3.988744997946198190e+00 -3.903092888999054821e+00
-3.985856585555037856e+00 -3.901854071640687316e+00
-3.983027609271708958e+00 -3.900632126147694834e+00
-3.980257057822212730e+00 -3.899426548231521572e+00
-3.977543878126359456e+00 -3.898236854073036994e+00
-3.974886980606154641e+00 -3.897062579479947608e+00
-3.972285244455545872e+00 -3.895903279068194447e+00
-3.969737522818946207e+00 -3.894758525468374977e+00
-3.967242647831421110e+00 -3.893627908557978579e+00
-3.964799435479482437e+00 -3.892511034719969842e+00
-3.962406690247493923e+00 -3.891407526127929284e+00
-3.960063209521018646e+00 -3.890317020057830977e+00
-3.957767787724730368e+00 -3.889239168226250598e+00
-3.955519220178125739e+00 -3.888173636154820478e+00
-3.953316306658214874e+00 -3.887120102560408519e+00
-3.951157854663108537e+00 -3.886078258770600868e+00
-3.949042682375340618e+00 -3.885047808163843985e+00
-3.946969621327498956e+00 -3.884028465633639460e+00
-3.944937518776426622e+00 -3.883019957076054851e+00
-3.942945239795169865e+00 -3.882022018899836002e+00
-3.940991669094021432e+00 -3.881034397558359661e+00
-3.939075712584104938e+00 -3.880056849102656802e+00
-3.937196298698180552e+00 -3.879089138754718391e+00
-3.935352379484371443e+00 -3.878131040500304216e+00
-3.933542931489062866e+00 -3.877182336700489174e+00
-3.931766956445512218e+00 -3.876242817721133438e+00
-3.930023481784611583e+00 -3.875312281579624596e+00
-3.928311560984041328e+00 -3.874390533608021325e+00
-3.926630273771587465e+00 -3.873477386131964462e+00
-3.924978726197690282e+00 -3.872572658164644466e+00
-3.923356050591773947e+00 -3.871676175115125407e+00
-3.921761405415848056e+00 -3.870787768510357552e+00
-3.920193975028246403e+00 -3.869907275730303908e+00
-3.918652969369311734e+00 -3.869034539755496827e+00
-3.917137623580051464e+00 -3.868169408926471764e+00
-3.914186025263931334e+00 -3.865656202887391757e+00
-3.911274540645185649e+00 -3.863169891457833405e+00
-3.908402600954873574e+00 -3.860710327761404770e+00
-3.905569639897277678e+00 -3.858277360130455858e+00
-3.902775094084466101e+00 -3.855870832247640934e+00
-3.900018403438698211e+00 -3.853490583290819504e+00
-3.897299011563778226e+00 -3.851136448080939356e+00
-3.894616366086639303e+00 -3.848808257232599228e+00
-3.891969918970495268e+00 -3.846505837306944731e+00
-3.889359126800783439e+00 -3.844229010966560001e+00
-3.886783451045263682e+00 -3.841977597132061995e+00
-3.884242358289584640e+00 -3.839751411140048809e+00
-3.881735320449611670e+00 -3.837550264902088504e+00
-3.879261814961809218e+00 -3.835373967064471756e+00
-3.876821324952945957e+00 -3.833222323168369527e+00
-3.874413339390314626e+00 -3.831095135810169250e+00
-3.872037353213696242e+00 -3.828992204801675125e+00
-3.869692867450188256e+00 -3.826913327329852788e+00
-3.867379389313021498e+00 -3.824858298115956234e+00
-3.865096432285387351e+00 -3.822826909573687981e+00
-3.862843516190352489e+00 -3.820818951966189925e+00
-3.860620167247751144e+00 -3.818834213561638879e+00
-3.858425918119017251e+00 -3.816872480787223409e+00
-3.856260307940812648e+00 -3.814933538381253708e+00
-3.854122882348292478e+00 -3.813017169543296614e+00
-3.852013193488726728e+00 -3.811123156082036445e+00
-3.849930800026296396e+00 -3.809251278560816356e+00
-3.847875267138666011e+00 -3.807401316440576888e+00
-3.845846166506047048e+00 -3.805573048220148191e+00
-3.843843076293327332e+00 -3.803766251573707180e+00
-3.841865581125828211e+00 -3.801980703485254409e+00
-3.839913272059256588e+00 -3.800216180380103559e+00
-3.837985746544304799e+00 -3.798472458253136175e+00
-3.836082608386410353e+00 -3.796749312793866515e+00
-3.834203467701070789e+00 -3.795046519508156635e+00
-3.832347940865150182e+00 -3.793363853836558164e+00
-3.830515650464527244e+00 -3.791701091269200408e+00
-3.828706225238448280e+00 -3.790058007457196787e+00
-3.826919300020929171e+00 -3.788434378320520324e+00
-3.825154515679488831e+00 -3.786829980152326858e+00
-3.823411519051486795e+00 -3.785244589719729102e+00
-3.821689962878374924e+00 -3.783677984360941160e+00
-3.819989505738061286e+00 -3.782129942078903628e+00
-3.818309811975612700e+00 -3.780600241631300484e+00
-3.816650551632572164e+00 -3.779088662616998828e+00
-3.815011400374971995e+00 -3.777594985558989649e+00
-3.813392039420365087e+00 -3.776118991983774986e+00
-3.811792155463891163e+00 -3.774660464497299639e+00
-3.810211440603672450e+00 -3.773219186857418528e+00
-3.808649592265578310e+00 -3.771794944042953457e+00
