0.000000000000000000e+00 5.000000000000000000e-01 5.000000000000000000e-01 5.000000000000000000e-01 5.000000000000000000e-01 5.000000000000000000e-01 5.000000000000000000e-01 5.000000000000000000e-01 5.000000000000000000e-01 9.999999999999998890e-01 9.999999999999998890e-01 9.999999999999998890e-01 9.999999999999998890e-01 9.999999999999998890e-01 9.999999999999998890e-01
-1.485992192451041377e-30 4.999999999999993339e-01 4.999999999999995004e-01 4.999999999999996669e-01 4.999999999999998890e-01 4.999999999999998890e-01 5.000000000000000000e-01 5.000000000000001110e-01 5.000000000000008882e-01 9.999999999999986677e-01 9.999999999999993339e-01 1.000000000000000000e+00 1.000000000000000000e+00 1.000000000000000222e+00 1.000000000000001110e+00
3.330669073875021450e-16 4.999999999999993894e-01 4.999999999999996669e-01 4.999999999999998335e-01 4.999999999999999445e-01 5.000000000000000000e-01 5.000000000000001110e-01 5.000000000000002220e-01 5.000000000000007772e-01 9.999999999999994449e-01 9.999999999999997780e-01 1.000000000000000000e+00 1.000000000000000444e+00 1.000000000000000666e+00 1.000000000000000666e+00
1.110223024624302475e-16 4.999999999999996669e-01 4.999999999999996669e-01 4.999999999999996669e-01 4.999999999999998335e-01 4.999999999999999445e-01 5.000000000000000000e-01 5.000000000000001110e-01 5.000000000000004441e-01 9.999999999999988898e-01 9.999999999999993339e-01 9.999999999999995559e-01 9.999999999999997780e-01 1.000000000000000222e+00 1.000000000000000666e+00
1.110223024625080613e-16 4.999999999999994449e-01 4.999999999999996114e-01 4.999999999999999445e-01 5.000000000000001110e-01 5.000000000000001110e-01 5.000000000000001110e-01 5.000000000000003331e-01 5.000000000000007772e-01 9.999999999999992228e-01 9.999999999999997780e-01 9.999999999999998890e-01 1.000000000000000222e+00 1.000000000000000222e+00 1.000000000000000222e+00
1.110223024624895723e-16 4.999999999999993894e-01 4.999999999999995559e-01 4.999999999999995559e-01 4.999999999999997224e-01 5.000000000000000000e-01 5.000000000000000000e-01 5.000000000000002220e-01 5.000000000000005551e-01 9.999999999999995559e-01 1.000000000000000000e+00 1.000000000000000000e+00 1.000000000000000444e+00 1.000000000000000444e+00 1.000000000000000666e+00
1.110223024624282630e-16 4.999999999999995004e-01 4.999999999999996669e-01 4.999999999999997780e-01 4.999999999999999445e-01 5.000000000000001110e-01 5.000000000000002220e-01 5.000000000000002220e-01 5.000000000000003331e-01 9.999999999999992228e-01 9.999999999999993339e-01 9.999999999999997780e-01 1.000000000000000000e+00 1.000000000000000222e+00 1.000000000000000666e+00
2.220446049250280540e-16 4.999999999999994449e-01 4.999999999999996669e-01 4.999999999999998335e-01 5.000000000000000000e-01 5.000000000000000000e-01 5.000000000000001110e-01 5.000000000000001110e-01 5.000000000000003331e-01 9.999999999999993339e-01 9.999999999999996669e-01 1.000000000000000000e+00 1.000000000000000222e+00 1.000000000000000888e+00 1.000000000000000888e+00
-5.551115123126436471e-16 4.999999999999995559e-01 4.999999999999995559e-01 4.999999999999995559e-01 4.999999999999996669e-01 4.999999999999997780e-01 4.999999999999999445e-01 5.000000000000003331e-01 5.000000000000003331e-01 9.999999999999991118e-01 9.999999999999994449e-01 9.999999999999996669e-01 1.000000000000000000e+00 1.000000000000000000e+00 1.000000000000000222e+00
1.110223024622654002e-16 4.999999999999992228e-01 4.999999999999996114e-01 4.999999999999996669e-01 4.999999999999997224e-01 5.000000000000000000e-01 5.000000000000002220e-01 5.000000000000004441e-01 5.000000000000006661e-01 9.999999999999995559e-01 1.000000000000000000e+00 1.000000000000000444e+00 1.000000000000000444e+00 1.000000000000001110e+00 1.000000000000001554e+00
-2.794835119623392261e-01 -2.223793133771850145e-02 -2.223793133771811287e-02 1.271961650161382296e-01 1.271961650161385626e-01 2.290834997564140663e-01 3.701552516740979626e-01 4.999999999999995559e-01 4.999999999999999445e-01 5.000000000000002220e-01 7.429590866579587338e-01 7.429590866579594000e-01 8.923931830118161379e-01 8.923931830118164710e-01 9.205552638800230669e-01
-2.794835119623393926e-01 -2.223793133771897676e-02 -2.223793133771848410e-02 1.271961650161377577e-01 1.271961650161382851e-01 2.290834997564137054e-01 3.701552516740979071e-01 4.999999999999994449e-01 4.999999999999999445e-01 5.000000000000001110e-01 7.429590866579590669e-01 7.429590866579596220e-01 8.923931830118164710e-01 8.923931830118169151e-01 9.205552638800237331e-01
-3.229239923989035699e-01 -7.927671362461684301e-02 -3.806213696267982116e-02 7.881691475624745535e-02 1.237731768401780508e-01 1.973416364449484817e-01 3.538457867337527207e-01 4.550437379160698348e-01 4.772284157488447254e-01 5.000000000000000000e-01 6.851163478096444770e-01 7.300726098935745867e-01 8.881662382744396345e-01 8.909919864099206110e-01 9.132031400575153501e-01
-5.841561726786150821e-01 -4.919779164085210654e-01 -3.036445901581216189e-01 -2.043350025006340775e-01 -2.285937828336331856e-02 3.494931452276568359e-03 8.434013209417876022e-02 2.921700660470891719e-01 3.730152666889914315e-01 3.992654437011132762e-01 4.999999999999999445e-01 5.808452006419019265e-01 8.684881145497889143e-01 8.727075384238160982e-01 8.917075552777076197e-01
-6.202402100714841104e-01 -4.964694085123358969e-01 -3.400857999579224300e-01 -3.047565716597315788e-01 -9.410443297106957372e-02 -5.144348932817506548e-02 7.760356094610782254e-03 2.528747968145337310e-01 2.857294100214914923e-01 3.311629525922912820e-01 4.646478365038668734e-01 5.673640863942650547e-01 7.292897011080022862e-01 7.579560222461978469e-01 8.671214521518360030e-01
-1.188120499140983943e+00 -1.143033615440970596e+00 -8.914866247874783101e-01 -4.132829502723696091e-01 -1.819163704247675206e-01 -9.410443297106967087e-02 -8.271623779823106259e-02 -3.874210493328951455e-02 -4.359807234474894627e-03 1.113918153175639109e-01 2.528747968145336755e-01 3.268756945921053592e-01 3.905593478422516585e-01 5.673640863942652768e-01 8.661183618974852561e-01
-1.418484222885327384e+00 -1.191385877187935760e+00 -8.943336644451276296e-01 -5.568503066536829582e-01 -4.573669778691237253e-01 -2.093743866431181377e-01 -1.640587921267924743e-01 -1.548817167584699284e-01 -9.410443297106969862e-02 -2.493089339336144322e-02 1.801417532445905023e-01 2.528747968145338976e-01 3.319323235610372458e-01 5.673640863942652768e-01 6.581761261080137926e-01
-1.435013666803771404e+00 -1.400538753207397624e+00 -1.045791441056563409e+00 -6.702936815045797969e-01 -6.571308435870979459e-01 -3.797237391417963015e-01 -3.325380287370103272e-01 -2.956066522112615891e-01 -2.594607600208271303e-01 -1.919951149652277533e-01 1.096578615416363839e-01 1.139380296855519586e-01 1.250423682361824496e-01 5.280961789960315622e-01 5.290290396392328676e-01
-1.512998852430778474e+00 -1.401790915243556146e+00 -1.047867123929454358e+00 -7.351160292141052377e-01 -6.841693760682788783e-01 -3.974380331361781482e-01 -3.735918378382684368e-01 -3.364708609512812587e-01 -2.594607600208266862e-01 -2.489067434366560860e-01 5.689776379967409481e-02 1.008831488668150145e-01 1.096578615416362729e-01 4.720352621662864401e-01 5.280961789960316732e-01
-1.514239249090209682e+00 -1.512998852430778918e+00 -1.068712140024775215e+00 -7.667316579259174647e-01 -7.351160292141052377e-01 -4.479080508110189762e-01 -3.931170493216333273e-01 -3.735918378382684923e-01 -3.374169554999340570e-01 -3.058870698246661801e-01 -2.399842775917014268e-02 -1.777817527017715518e-02 9.969617575443213975e-02 3.944398896952254763e-01 4.711813768572183370e-01
-1.532451904123658837e+00 -1.513467826821616180e+00 -1.169042785517279137e+00 -8.011807030500019966e-01 -7.659490191885732768e-01 -5.030273729209321365e-01 -4.841402307389073290e-01 -4.639817318784835165e-01 -4.526036266456138768e-01 -3.278621497636203808e-01 -4.862367476466113864e-02 -3.254102877830587770e-02 3.467477886852532009e-03 3.883964597124708873e-01 4.406789134554334741e-01
-1.520019060889864937e+00 -1.513162468516804138e+00 -1.107196562556244102e+00 -7.949319582456405575e-01 -7.448119676434304948e-01 -4.930357831733085949e-01 -4.712060794908282668e-01 -4.096505783166082826e-01 -3.811888552779728601e-01 -2.996239267709984722e-01 1.844642222875456442e-03 1.058085648006165148e-02 1.953257971178653032e-02 3.920313406314989146e-01 5.031499991695582708e-01
-1.513162468516803916e+00 -1.510799348265081665e+00 -1.032258283968931822e+00 -7.699322632265162003e-01 -7.448119676434304948e-01 -4.406438266129433234e-01 -4.096505783166085601e-01 -3.787130574762670454e-01 -3.712832302427419018e-01 -2.742670747135138587e-01 3.298266446918920319e-02 5.497179152433429722e-02 1.030738784946229059e-01 4.845243626460606357e-01 5.172397112700830579e-01
-1.512010360758351490e+00 -1.509555202605578295e+00 -1.020504929464429278e+00 -7.102578294232698708e-01 -6.969644119179945196e-01 -3.753938668470827023e-01 -3.532780085005037263e-01 -2.127248073679154361e-01 -6.097271949987210365e-02 -1.176307890438834693e-02 1.220830602872611248e-01 4.382773213746857799e-01 4.623111478976426048e-01 9.090831531203473759e-01 9.602638194075528988e-01
-1.505611648919125134e+00 -1.499999999999996447e+00 -1.019684024261279243e+00 -5.056116489191269103e-01 -4.999999999999988343e-01 -3.744966006195771246e-01 -3.492009274391666973e-01 -1.968402426128104676e-02 -5.611648919127285896e-03 1.687401373920849242e-15 1.255033993804222647e-01 4.803159757387181483e-01 6.507990725608316929e-01 1.125503399380421543e+00 1.150799072560832359e+00
-1.499999999999998224e+00 -1.499999999999996669e+00 -9.999999999999965583e-01 -4.999999999999993339e-01 -4.999999999999985012e-01 -2.928144101216671652e-16 3.506835518881182759e-16 8.619197341621744587e-16 1.123711101664574874e-15 2.194434132174030140e-15 4.999999999999996669e-01 5.000000000000005551e-01 9.999999999999995559e-01 1.499999999999998668e+00 1.499999999999998890e+00
-1.499999999999997780e+00 -1.499999999999997113e+00 -9.999999999999962252e-01 -4.999999999999993339e-01 -4.999999999999990008e-01 -3.913051135806984043e-16 4.195210727515254552e-16 7.774042636793956593e-16 1.169294776142272605e-15 2.178637107578159121e-15 4.999999999999995004e-01 5.000000000000003331e-01 9.999999999999986677e-01 1.499999999999999112e+00 1.500000000000000000e+00
-1.499999999999997780e+00 -1.499999999999995115e+00 -9.999999999999965583e-01 -4.999999999999992228e-01 -4.999999999999990008e-01 -7.948578913158533662e-17 4.207006423646464524e-16 5.886232415748452254e-16 1.262584781873156161e-15 2.094621031645213118e-15 4.999999999999992784e-01 5.000000000000008882e-01 9.999999999999980016e-01 1.499999999999999112e+00 1.499999999999999778e+00
-1.499999999999997113e+00 -1.499999999999996447e+00 -9.999999999999968914e-01 -4.999999999999991118e-01 -4.999999999999983347e-01 -8.572411636577473170e-17 3.712259515556140909e-16 5.168907409959441589e-16 1.274016151494229606e-15 2.319588162429581765e-15 4.999999999999998335e-01 5.000000000000004441e-01 9.999999999999991118e-01 1.499999999999998224e+00 1.500000000000000444e+00
-1.499999999999997335e+00 -1.499999999999996447e+00 -9.999999999999960032e-01 -4.999999999999990008e-01 -4.999999999999985012e-01 -2.446239875885958747e-16 4.267927399795555640e-16 7.607144800731755970e-16 1.281495410749996544e-15 2.209345075981562661e-15 4.999999999999993339e-01 5.000000000000002220e-01 9.999999999999995559e-01 1.499999999999998890e+00 1.499999999999998890e+00
-1.499999999999998224e+00 -1.499999999999997335e+00 -9.999999999999975575e-01 -4.999999999999993339e-01 -4.999999999999983902e-01 -2.830250793406067832e-16 4.607509064948645718e-16 7.911227866681949031e-16 1.289982632957802241e-15 2.166708469290233384e-15 4.999999999999997224e-01 5.000000000000005551e-01 1.000000000000000000e+00 1.499999999999999334e+00 1.500000000000000000e+00
-1.499999999999998002e+00 -1.499999999999996003e+00 -9.999999999999968914e-01 -4.999999999999991673e-01 -4.999999999999986122e-01 -3.070754101614946089e-16 6.585287893973555241e-16 7.579612961341335475e-16 1.276689831674130745e-15 2.352035278599171093e-15 4.999999999999996114e-01 5.000000000000004441e-01 9.999999999999993339e-01 1.499999999999999556e+00 1.500000000000000444e+00
-1.499999999999997335e+00 -1.499999999999994671e+00 -9.999999999999961142e-01 -4.999999999999992784e-01 -4.999999999999990563e-01 -4.717451340930761992e-17 3.161020480454885153e-16 9.454048628426465179e-16 1.365683023857740438e-15 2.050759391352039680e-15 4.999999999999996669e-01 5.000000000000003331e-01 9.999999999999991118e-01 1.499999999999997335e+00 1.499999999999998002e+00
-1.499999999999998446e+00 -1.499999999999996447e+00 -9.999999999999965583e-01 -4.999999999999990563e-01 -4.999999999999985567e-01 -1.930891874322287341e-16 6.110646699590996928e-16 9.612119787700450861e-16 1.953281501795194774e-15 2.342029929057070545e-15 5.000000000000001110e-01 5.000000000000007772e-01 9.999999999999987788e-01 1.499999999999998668e+00 1.499999999999999778e+00
-1.499999999999997113e+00 -1.499999999999995781e+00 -9.999999999999955591e-01 -4.999999999999992228e-01 -4.999999999999986677e-01 -1.068361830297619061e-16 3.872683396558139551e-16 7.986985561227910566e-16 1.241946587949918750e-15 2.297597195802567180e-15 4.999999999999991673e-01 5.000000000000003331e-01 9.999999999999988898e-01 1.499999999999998446e+00 1.499999999999998890e+00
-1.499999999999996891e+00 -1.499999999999995781e+00 -9.999999999999967804e-01 -4.999999999999998890e-01 -4.999999999999988898e-01 -9.348489269531710780e-16 -3.658938083418479850e-17 8.380326185705048118e-16 1.424175537466489401e-15 1.986349250273024522e-15 5.000000000000001110e-01 5.000000000000004441e-01 9.999999999999986677e-01 1.499999999999998890e+00 1.500000000000000000e+00
-1.499999999999997335e+00 -1.499999999999996003e+00 -9.999999999999971134e-01 -4.999999999999993339e-01 -4.999999999999985012e-01 -3.450842707614657863e-16 9.938134323357197846e-17 5.025199723844963016e-16 1.120080114945421700e-15 1.889315893773287422e-15 4.999999999999992784e-01 5.000000000000001110e-01 9.999999999999986677e-01 1.499999999999998446e+00 1.499999999999998890e+00
