-5.290822377750634686e+00 -5.111873547573057230e+00
-5.294061019387247491e+00 -5.113492440269526540e+00
-5.297301370337697435e+00 -5.115111902913097808e+00
-5.300543427673567010e+00 -5.116731934616463029e+00
-5.303787188468636948e+00 -5.118352534493686434e+00
-5.307032649798887114e+00 -5.119973701660198273e+00
-5.310279808742543572e+00 -5.121595435232776161e+00
-5.313528662380085699e+00 -5.123217734329581496e+00
-5.316779207794254170e+00 -5.124840598070118602e+00
-5.320031442070090932e+00 -5.126464025575270256e+00
-5.323285362294940981e+00 -5.128088015967261271e+00
-5.326540965558469232e+00 -5.129712568369692249e+00
-5.329798248952705819e+00 -5.131337681907526260e+00
-5.333057209572032775e+00 -5.132963355707071962e+00
-5.336317844513205344e+00 -5.134589588896015577e+00
-5.339580150875402609e+00 -5.136216380603392473e+00
-5.342844125760200846e+00 -5.137843729959592487e+00
-5.346109766271621488e+00 -5.139471636096385687e+00
-5.349377069516142669e+00 -5.141100098146877961e+00
-5.352646032602700998e+00 -5.142729115245532334e+00
-5.355916652642742193e+00 -5.144358686528204494e+00
-5.359188926750196202e+00 -5.145988811132072627e+00
-5.362462852041527839e+00 -5.147619488195679160e+00
-5.365738425635734110e+00 -5.149250716858928989e+00
-5.369015644654380637e+00 -5.150882496263080590e+00
-5.372294506221595434e+00 -5.152514825550746913e+00
-5.375575007464093780e+00 -5.154147703865901597e+00
-5.378857145511203974e+00 -5.155781130353865649e+00
-5.382140917494881549e+00 -5.157415104161319874e+00
-5.385426320549709267e+00 -5.159049624436289783e+00
-5.388713351812926433e+00 -5.160684690328166901e+00
-5.392002008424446657e+00 -5.162320300987691013e+00
-5.395292287526869401e+00 -5.163956455566945714e+00
-5.398584186265491525e+00 -5.165593153219373512e+00
-5.401877701788336594e+00 -5.167230393099761621e+00
-5.405172831246146004e+00 -5.168868174364263268e+00
-5.408469571792418051e+00 -5.170506496170353294e+00
-5.411767920583421265e+00 -5.172145357676884103e+00
-5.415067874778181967e+00 -5.173784758044037702e+00
-5.418369431538537562e+00 -5.175424696433355898e+00
-5.421672588029130324e+00 -5.177065172007716320e+00
-5.424977341417405619e+00 -5.178706183931343965e+00
-5.428283688873673185e+00 -5.180347731369814746e+00
-5.431591627571079606e+00 -5.181989813490051944e+00
-5.434901154685628732e+00 -5.183632429460317326e+00
-5.438212267396221655e+00 -5.185275578450218248e+00
-5.441524962884634498e+00 -5.186919259630696999e+00
-5.444839238335567266e+00 -5.188563472174044122e+00
-5.448155090936626976e+00 -5.190208215253897528e+00
-5.451472517878356072e+00 -5.191853488045227394e+00
-5.452043441627928644e+00 -5.192124582755720752e+00
-5.452614573085843297e+00 -5.192395880515563000e+00
-5.453185912276203418e+00 -5.192667381510656099e+00
-5.453757459223044890e+00 -5.192939085927075205e+00
-5.454329213950360078e+00 -5.193210993951052679e+00
-5.454901176482053415e+00 -5.193483105768963881e+00
-5.455473346841990256e+00 -5.193755421567325392e+00
-5.456045725053966677e+00 -5.194027941532834092e+00
-5.456618311141708588e+00 -5.194300665852317422e+00
-5.457191105128898378e+00 -5.194573594712771580e+00
-5.457764107039144719e+00 -5.194846728301332206e+00
-5.458337316895996771e+00 -5.195120066805295700e+00
-5.458910734722945080e+00 -5.195393610412113006e+00
-5.459484360543412684e+00 -5.195667359309382505e+00
-5.460058194380766672e+00 -5.195941313684850016e+00
-5.460632236258311956e+00 -5.196215473726433665e+00
-5.461206486199292165e+00 -5.196489839622185691e+00
-5.461780944226883427e+00 -5.196764411560325314e+00
-5.462355610364209468e+00 -5.197039189729202313e+00
-5.462930484634320294e+00 -5.197314174317340552e+00
-5.463505567060217949e+00 -5.197589365513414883e+00
-5.464080857664833424e+00 -5.197864763506246710e+00
-5.464656356471034648e+00 -5.198140368484802210e+00
-5.465232063501638038e+00 -5.198416180638221640e+00
-5.465807978779384513e+00 -5.198692200155770493e+00
-5.466384102326966143e+00 -5.198968427226884792e+00
-5.466960434166997729e+00 -5.199244862041163096e+00
-5.467536974322045218e+00 -5.199521504788324755e+00
-5.468113722814608835e+00 -5.199798355658272087e+00
-5.468690679667134624e+00 -5.200075414841040633e+00
-5.469267844901976261e+00 -5.200352682526820480e+00
-5.469845218541467879e+00 -5.200630158905969580e+00
-5.470422800607847691e+00 -5.200907844168978222e+00
-5.471000591123308610e+00 -5.201185738506501899e+00
-5.471578590109974272e+00 -5.201463842109337321e+00
-5.472156797589915023e+00 -5.201742155168453507e+00
-5.472735213585123937e+00 -5.202020677874940269e+00
-5.473313838117547014e+00 -5.202299410420062387e+00
-5.473892671209059202e+00 -5.202578352995242739e+00
-5.474471712881465280e+00 -5.202857505792025883e+00
-5.475050963156533612e+00 -5.203136869002139342e+00
-5.475630422055946411e+00 -5.203416442817449195e+00
-5.476210089601321940e+00 -5.203696227429968957e+00
-5.476789965814233163e+00 -5.203976223031864912e+00
-5.477370050716179328e+00 -5.204256429815478313e+00
-5.477950344328605503e+00 -5.204536847973264102e+00
-5.478530846672880372e+00 -5.204817477697850414e+00
-5.479111557770313112e+00 -5.205098319182020816e+00
-5.479692477642159609e+00 -5.205379372618694767e+00
-5.480273606309612688e+00 -5.205660638200964030e+00
-5.480273606309632228e+00 -5.208728044294107740e+00
-5.480273606309649104e+00 -5.211797496916664940e+00
-5.480273606309666867e+00 -5.214868990172276675e+00
-5.480273606309684631e+00 -5.217942518181109435e+00
-5.480273606309701506e+00 -5.221018075079906673e+00
-5.480273606309720158e+00 -5.224095655021907980e+00
-5.480273606309739698e+00 -5.227175252176928133e+00
-5.480273606309758350e+00 -5.230256860731302915e+00
-5.480273606309779666e+00 -5.233340474887902438e+00
-5.480273606309797430e+00 -5.236426088866124928e+00
-5.480273606309822298e+00 -5.239513696901890505e+00
-5.480273606309840062e+00 -5.242603293247642959e+00
-5.480273606309862267e+00 -5.245694872172329326e+00
-5.480273606309889800e+00 -5.248788427961397218e+00
-5.480273606309911116e+00 -5.251883954916801045e+00
-5.480273606309935985e+00 -5.254981447356987800e+00
-5.480273606309959078e+00 -5.258080899616865089e+00
-5.480273606309983947e+00 -5.261182306047827772e+00
-5.480273606310007928e+00 -5.264285661017721552e+00
-5.480273606310037238e+00 -5.267390958910857179e+00
-5.480273606310063883e+00 -5.270498194127964275e+00
-5.480273606310098522e+00 -5.273607361086207312e+00
-5.480273606310126056e+00 -5.276718454219178511e+00
-5.480273606310150036e+00 -5.279831467976848991e+00
-5.480273606310182011e+00 -5.282946396825607849e+00
-5.480273606310219314e+00 -5.286063235248191994e+00
-5.480273606310249512e+00 -5.289181977743715457e+00
-5.480273606310281487e+00 -5.292302618827636529e+00
-5.480273606310320567e+00 -5.295425153031736443e+00
-5.480273606310355206e+00 -5.298549574904128256e+00
-5.480273606310397838e+00 -5.301675879009204451e+00
-5.480273606310434253e+00 -5.304804059927654691e+00
-5.480273606310476886e+00 -5.307934112256417869e+00
-5.480273606310515078e+00 -5.311066030608703414e+00
-5.480273606310565704e+00 -5.314199809613926462e+00
-5.480273606310611889e+00 -5.317335443917707849e+00
-5.480273606310657186e+00 -5.320472928181894545e+00
-5.480273606310707812e+00 -5.323612257084471722e+00
-5.480273606310757550e+00 -5.326753425319587620e+00
-5.480273606310811729e+00 -5.329896427597514474e+00
-5.480273606310871237e+00 -5.333041258644644955e+00
-5.480273606310927192e+00 -5.336187913203444211e+00
-5.480273606310990253e+00 -5.339336386032465853e+00
-5.480273606311055978e+00 -5.342486671906293338e+00
-5.480273606311121704e+00 -5.345638765615538190e+00
-5.480273606311195422e+00 -5.348792661966801809e+00
-5.480273606311268253e+00 -5.351948355782670141e+00
-5.480273606311347301e+00 -5.355105841901681707e+00
-5.480273606311429013e+00 -5.358265115178299176e+00
-5.480273606311520496e+00 -5.361426170482893383e+00
-5.483150680257256049e+00 -5.363083937735411588e+00
-5.486042946674388077e+00 -5.364747133136196666e+00
-5.488950492659686375e+00 -5.366415772270259232e+00
-5.491873405621161552e+00 -5.368089870709697564e+00
-5.494811773274191680e+00 -5.369769444012945314e+00
-5.497765683637628520e+00 -5.371454507724017446e+00
-5.500735225029712794e+00 -5.373145077371773937e+00
-5.503720486063897077e+00 -5.374841168469162156e+00
-5.506721555644544353e+00 -5.376542796512445044e+00
-5.509738522962535967e+00 -5.378249976980441716e+00
-5.512771477490654881e+00 -5.379962725333765405e+00
-5.515820508978972470e+00 -5.381681057014039204e+00
-5.518885707449992850e+00 -5.383404987443131340e+00
-5.521967163193744810e+00 -5.385134532022344267e+00
-5.525064966762704977e+00 -5.386869706131652613e+00
-5.528179208966589542e+00 -5.388610525128900264e+00
-5.531309980867049170e+00 -5.390357004349016989e+00
-5.534457373772166733e+00 -5.392109159103191551e+00
-5.537621479230876886e+00 -5.393867004678082999e+00
-5.540802389027210673e+00 -5.395630556335030192e+00
-5.544000195174448642e+00 -5.397399829309188490e+00
-5.547214989909054594e+00 -5.399174838808767696e+00
-5.550446865684557807e+00 -5.400955600014190949e+00
-5.553695915165245189e+00 -5.402742128077246520e+00
-5.556962231219714887e+00 -5.404534438120283113e+00
-5.560245906914289549e+00 -5.406332545235391862e+00
-5.563547035506301697e+00 -5.408136464483536798e+00
-5.566865710437218340e+00 -5.409946210893736840e+00
-5.570202025325614592e+00 -5.411761799462224687e+00
-5.573556073960000745e+00 -5.413583245151578183e+00
-5.576927950291556968e+00 -5.415410562889922730e+00
-5.580317748426611324e+00 -5.417243767570003143e+00
-5.583725562619082261e+00 -5.419082874048405607e+00
-5.587151487262687510e+00 -5.420927897144633079e+00
-5.590595616883072161e+00 -5.422778851640312148e+00
-5.594058046129718242e+00 -5.424635752278263112e+00
-5.597538869767759273e+00 -5.426498613761674861e+00
-5.601038182669611842e+00 -5.428367450753227352e+00
-5.604556079806489066e+00 -5.430242277874217649e+00
-5.608092656239706209e+00 -5.432123109703680619e+00
-5.611648007111904590e+00 -5.434009960777522963e+00
-5.615222227638067665e+00 -5.435902845587638588e+00
-5.618815413096408307e+00 -5.437801778581033751e+00
-5.622427658819128204e+00 -5.439706774158946878e+00
-5.626059060182951654e+00 -5.441617846675937287e+00
-5.629709712599611393e+00 -5.443535010439044086e+00
-5.633379711506105281e+00 -5.445458279706874904e+00
-5.637069152354808210e+00 -5.447387668688704387e+00
-5.640778130603488094e+00 -5.449323191543606448e+00
-5.644506741705116681e+00 -5.451264862379561649e+00
-5.644506741705121122e+00 -5.452822418547848216e+00
-5.644506741705127340e+00 -5.454387162477900119e+00
-5.644506741705134445e+00 -5.455959129887103742e+00
-5.644506741705140662e+00 -5.457538356596084661e+00
-5.644506741705147768e+00 -5.459124878527289226e+00
-5.644506741705153097e+00 -5.460718731703632756e+00
-5.644506741705161090e+00 -5.462319952247042920e+00
-5.644506741705169084e+00 -5.463928576376999580e+00
-5.644506741705176189e+00 -5.465544640409023991e+00
-5.644506741705183295e+00 -5.467168180753175122e+00
-5.644506741705193065e+00 -5.468799233912434055e+00
-5.644506741705200170e+00 -5.470437836481131910e+00
-5.644506741705208164e+00 -5.472084025143287178e+00
-5.644506741705218822e+00 -5.473737836670944823e+00
-5.644506741705227704e+00 -5.475399307922446113e+00
-5.644506741705231256e+00 -5.477068475840664696e+00
-5.644506741705248132e+00 -5.478745377451277321e+00
-5.644506741705257014e+00 -5.480430049860864905e+00
-5.644506741705267672e+00 -5.482122530255093551e+00
-5.644506741705276553e+00 -5.483822855896813842e+00
-5.644506741705287212e+00 -5.485531064124091749e+00
-5.644506741705299646e+00 -5.487247192348281288e+00
-5.644506741705306752e+00 -5.488971278051968383e+00
-5.644506741705320962e+00 -5.490703358786953814e+00
-5.644506741705330732e+00 -5.492443472172115371e+00
-5.644506741705343167e+00 -5.494191655891339288e+00
-5.644506741705354713e+00 -5.496047515383323478e+00
-5.644506741705372477e+00 -5.497912539500554807e+00
-5.644506741705381359e+00 -5.499785693124570329e+00
-5.644506741705397346e+00 -5.501667010273280312e+00
-5.644506741705407116e+00 -5.503556524984456466e+00
-5.644506741705423991e+00 -5.505454271313531045e+00
-5.644506741705433761e+00 -5.507360283331350637e+00
-5.644506741705452413e+00 -5.509274595121889107e+00
-5.644506741705466624e+00 -5.511197240780001394e+00
-5.644506741705486164e+00 -5.513128254409032536e+00
-5.644506741705501263e+00 -5.515067670118521725e+00
-5.644506741705515473e+00 -5.517015522021774032e+00
-5.644506741705535013e+00 -5.518971844233479196e+00
-5.644506741705555442e+00 -5.520936670867235385e+00
-5.644506741705578534e+00 -5.522910036033120917e+00
-5.644506741705592745e+00 -5.524891973835176273e+00
-5.644506741705618502e+00 -5.526882518368868347e+00
-5.644506741705636266e+00 -5.528881703718557361e+00
-5.644506741705656694e+00 -5.530889563954909605e+00
-5.644506741705677122e+00 -5.532906133132275528e+00
-5.644506741705709096e+00 -5.534931445286087381e+00
-5.644506741705733965e+00 -5.536965534430152047e+00
-5.644506741705755282e+00 -5.539008434553999827e+00
-5.644506741705784592e+00 -5.541060179620157733e+00
-5.644506741705794362e+00 -5.541663669752901811e+00
-5.644506741705798802e+00 -5.542268055021540185e+00
-5.644506741705799691e+00 -5.542873336886710689e+00
-5.644506741705806796e+00 -5.543479516810624119e+00
-5.644506741705814790e+00 -5.544086596257054467e+00
-5.644506741705819231e+00 -5.544694576691322041e+00
-5.644506741705827224e+00 -5.545303459580313898e+00
-5.644506741705834330e+00 -5.545913246392441209e+00
-5.644506741705836106e+00 -5.546523938597675674e+00
-5.644506741705843211e+00 -5.547135537667520211e+00
-5.644506741705851205e+00 -5.547748045075006296e+00
-5.644506741705851205e+00 -5.548361462294690405e+00
-5.644506741705860975e+00 -5.548975790802649577e+00
-5.644506741705867192e+00 -5.549591032076471642e+00
-5.644506741705876074e+00 -5.550207187595263214e+00
-5.644506741705883179e+00 -5.550824258839632819e+00
-5.644506741705891173e+00 -5.551442247291683785e+00
-5.644506741705896502e+00 -5.552061154435003587e+00
-5.644506741705903607e+00 -5.552680981754686051e+00
-5.644506741705911601e+00 -5.553301730737294051e+00
-5.644506741705914266e+00 -5.553923402870878157e+00
-5.644506741705924036e+00 -5.554545999644934007e+00
-5.644506741705926700e+00 -5.555169522550451155e+00
-5.644506741705937358e+00 -5.555793973079858006e+00
-5.644506741705941799e+00 -5.556419352727045791e+00
-5.644506741705957786e+00 -5.557045662987340151e+00
-5.644506741705963115e+00 -5.557672905357532223e+00
-5.644506741705968444e+00 -5.558301081335814686e+00
-5.644506741705979991e+00 -5.558930192421830618e+00
-5.644506741705985320e+00 -5.559560240116638852e+00
-5.644506741705991537e+00 -5.560191225922720193e+00
-5.644506741706002195e+00 -5.560823151343943671e+00
-5.644506741706009301e+00 -5.561456017885622494e+00
-5.644506741706019959e+00 -5.562089827054416347e+00
-5.644506741706031505e+00 -5.562724580358406890e+00
-5.644506741706038611e+00 -5.563360279307067557e+00
-5.644506741706045716e+00 -5.563996925411210270e+00
-5.644506741706058150e+00 -5.564634520183060040e+00
-5.644506741706067032e+00 -5.565273065136182140e+00
-5.644506741706074138e+00 -5.565912561785500756e+00
-5.644506741706092789e+00 -5.566553011647291882e+00
-5.644506741706089237e+00 -5.567194416239194865e+00
-5.644506741706104336e+00 -5.567836777080139576e+00
-5.644506741706117658e+00 -5.568480095690432563e+00
-5.644506741706128317e+00 -5.569124373591678001e+00
-5.644506741706138087e+00 -5.569769612306806117e+00
-5.644506741706150521e+00 -5.570415813360043877e+00
-5.644506741706157626e+00 -5.571062978276928312e+00
-5.644506741706166508e+00 -5.571711108584291416e+00
-5.644506741706183384e+00 -5.572360205810252154e+00
-5.644506741706181607e+00 -5.572370597413896398e+00
-5.644506741706181607e+00 -5.572381013547360595e+00
-5.644506741706186936e+00 -5.574368237246597246e+00
-5.644506741706184272e+00 -5.576824523425672808e+00
-5.644506741706185160e+00 -5.579280821591547479e+00
-5.644506741706184272e+00 -5.581737131696096199e+00
-5.644506741706185160e+00 -5.584193453691471909e+00
-5.644506741706187825e+00 -5.586649787530069133e+00
-5.644506741706183384e+00 -5.589106133164553292e+00
-5.644506741706185160e+00 -5.591562490547818953e+00
-5.644506741706187825e+00 -5.594018859633038687e+00
-5.644506741706183384e+00 -5.596475240373593785e+00
-5.644506741706184272e+00 -5.598931632723143537e+00
-5.644506741706187825e+00 -5.601388036635588819e+00
-5.644506741706184272e+00 -5.603844452065066761e+00
-5.644506741706184272e+00 -5.606300878965953416e+00
-5.644506741706187825e+00 -5.608757317292872635e+00
-5.644506741706184272e+00 -5.611213767000683639e+00
-5.644506741706185160e+00 -5.613670228044482791e+00
-5.644506741706189601e+00 -5.616126700379600045e+00
-5.644506741706186936e+00 -5.618583183961609606e+00
-5.644506741706187825e+00 -5.621039678746299728e+00
-5.644506741706190489e+00 -5.623496184689707356e+00
-5.644506741706185160e+00 -5.625952701748083484e+00
-5.644506741706184272e+00 -5.628409229877922471e+00
-5.644506741706194042e+00 -5.630865769035932722e+00
-5.644506741706186936e+00 -5.633322319179050908e+00
-5.644506741706186936e+00 -5.635778880264448176e+00
-5.644506741706189601e+00 -5.638235452249491964e+00
-5.644506741706193154e+00 -5.640692035091805501e+00
-5.644506741706187825e+00 -5.643148628749200313e+00
-5.645605233179715299e+00 -5.645605233179714411e+00
-5.648061848341611402e+00 -5.648061848341611402e+00
-5.650518474193371610e+00 -5.650518474193368945e+00
-5.652975110693668093e+00 -5.652975110693667204e+00
-5.655431757801409276e+00 -5.655431757801407500e+00
-5.657888415475693655e+00 -5.657888415475693655e+00
-5.660345083675849764e+00 -5.660345083675847100e+00
-5.662801762361404201e+00 -5.662801762361403313e+00
-5.665258451492090508e+00 -5.665258451492088732e+00
-5.667715151027846510e+00 -5.667715151027842069e+00
-5.670171860928811647e+00 -5.670171860928810759e+00
-5.672628581155345628e+00 -5.672628581155345628e+00
-5.675085311667981358e+00 -5.675085311667981358e+00
-5.677542052427486219e+00 -5.677542052427482666e+00
-5.679998803394789242e+00 -5.679998803394788354e+00
-5.682455564531054826e+00 -5.682455564531053049e+00
-5.684912335797609018e+00 -5.684912335797601912e+00
-5.687369117155993692e+00 -5.687369117155993692e+00
-5.689825908567948787e+00 -5.689825908567947899e+00
-5.689912515137137028e+00 -5.689912515137135252e+00
-5.689999306968045900e+00 -5.689999306968045012e+00
-5.690086284633012248e+00 -5.690086284633011360e+00
-5.690173448706653758e+00 -5.690173448706651094e+00
-5.690260799765844091e+00 -5.690260799765841426e+00
-5.690348338389741301e+00 -5.690348338389737748e+00
-5.690436065159811818e+00 -5.690436065159811818e+00
-5.690523980659823344e+00 -5.690523980659820680e+00
-5.690612085475847515e+00 -5.690612085475843962e+00
-5.690700380196292762e+00 -5.690700380196291874e+00
-5.690788865411916753e+00 -5.690788865411915864e+00
-5.690877541715804178e+00 -5.690877541715803289e+00
-5.690966409703418272e+00 -5.690966409703415607e+00
-5.691055469972584824e+00 -5.691055469972581271e+00
-5.691144723123522375e+00 -5.691144723123516158e+00
-5.691234169758827122e+00 -5.691234169758827122e+00
-5.691323810483521761e+00 -5.691323810483519097e+00
-5.691413645905030627e+00 -5.691413645905029739e+00
-5.691503676633215214e+00 -5.691503676633215214e+00
-5.691593903280376843e+00 -5.691593903280374178e+00
-5.691684326461257548e+00 -5.691684326461254884e+00
-5.691774946793075607e+00 -5.691774946793075607e+00
-5.691865764895529978e+00 -5.691865764895529090e+00
-5.691956781390796749e+00 -5.691956781390795861e+00
-5.693653541306476384e+00 -5.692047996903538021e+00
-5.695650331315023962e+00 -5.692139412060950754e+00
-5.697649334855491077e+00 -5.692231027492750783e+00
-5.699650538078134154e+00 -5.692322843831176371e+00
-5.701653927611531891e+00 -5.692414861711029950e+00
-5.703659490542071886e+00 -5.692507081769649702e+00
-5.705667214394470221e+00 -5.692599504646969066e+00
-5.707677087113290249e+00 -5.692692130985497201e+00
-5.709689097045340667e+00 -5.692784961430337631e+00
-5.711703232922931583e+00 -5.692877996629203352e+00
-5.713719483847965463e+00 -5.692971237232431925e+00
-5.715737839276793686e+00 -5.693064683892978373e+00
-5.717758289005790751e+00 -5.693158337266486235e+00
-5.719780823157625704e+00 -5.693252198011207632e+00
-5.721805432168146410e+00 -5.693346266788099186e+00
-5.723832106773950379e+00 -5.693440544260787384e+00
-5.725860838000470743e+00 -5.693535031095612986e+00
-5.727891617150617343e+00 -5.693629727961615927e+00
-5.729924435793999571e+00 -5.693724635530561962e+00
-5.731959285756579980e+00 -5.693819754476946216e+00
-5.733996159110809288e+00 -5.693915085478027827e+00
-5.736035048166225003e+00 -5.694010629213836161e+00
-5.738075945460471949e+00 -5.694106386367149497e+00
-5.740118843750689592e+00 -5.694202357623564303e+00
-5.742163736005307051e+00 -5.694298543671465929e+00
-5.744210615396215580e+00 -5.694394945202065017e+00
-5.745148312271998847e+00 -5.695261625776371517e+00
-5.746086345393104367e+00 -5.696128533900830959e+00
-5.747024714858116390e+00 -5.696995669497060710e+00
-5.747963420765786147e+00 -5.697863032486645274e+00
-5.748902463215032732e+00 -5.698730622791121192e+00
-5.749841842304939554e+00 -5.699598440331960170e+00
-5.750781558134730354e+00 -5.700466485030599273e+00
-5.751721610803806506e+00 -5.701334756808418724e+00
-5.752662000411731924e+00 -5.702203255586759667e+00
-5.753602727058224175e+00 -5.703071981286904624e+00
-5.754543790843147377e+00 -5.703940933830081939e+00
-5.755485191866550387e+00 -5.704810113137495975e+00
-5.756426930228633942e+00 -5.705679519130279154e+00
-5.757369006029749769e+00 -5.706549151729527480e+00
-5.758311419370416573e+00 -5.707419010856285446e+00
-5.759254170351301383e+00 -5.708289096431549581e+00
-5.760197259073252418e+00 -5.709159408376268452e+00
-5.761140685637238690e+00 -5.710029946611344442e+00
-5.762084450144430825e+00 -5.710900711057636414e+00
-5.763028552696128237e+00 -5.711771701635945497e+00
-5.763972993393799982e+00 -5.712642918267028413e+00
-5.764917772339057223e+00 -5.713514360871614350e+00
-5.765862889633697641e+00 -5.714386029370347231e+00
-5.766808345379649481e+00 -5.715257923683865648e+00
-5.767754139679012404e+00 -5.716130043732724708e+00
-5.768700272634026405e+00 -5.717002389437459087e+00
-5.769646744347104672e+00 -5.717874960718551947e+00
-5.770593554920811386e+00 -5.718747757496426054e+00
-5.771540704457866156e+00 -5.719620779691478418e+00
-5.772488193061138695e+00 -5.720494027224036770e+00
-5.773436020833655924e+00 -5.721367500014408414e+00
-5.774384187878615293e+00 -5.722241197982833150e+00
-5.775332694299340375e+00 -5.723115121049522358e+00
-5.776281540199324382e+00 -5.723989269134623470e+00
-5.777230725682227508e+00 -5.724863642158257271e+00
-5.778180250851832511e+00 -5.725738240040489480e+00
-5.779130115812109558e+00 -5.726613062701322754e+00
-5.780080320667151383e+00 -5.727488110060760640e+00
-5.781030865521231910e+00 -5.728363382038721419e+00
-5.781981750478761839e+00 -5.729238878555091397e+00
-5.782932975644290430e+00 -5.730114599529716912e+00
-5.783884541122550793e+00 -5.730990544882383020e+00
-5.784836447018403938e+00 -5.731866714532855234e+00
-5.785788693436870744e+00 -5.732743108400837784e+00
-5.786741280483120420e+00 -5.733619726405987826e+00
-5.787694208262475826e+00 -5.734496568467934985e+00
-5.788647476880403708e+00 -5.735373634506252927e+00
-5.789601086442531575e+00 -5.736250924440474463e+00
-5.790555037054629040e+00 -5.737128438190076452e+00
-5.791509328822610492e+00 -5.738006175674514431e+00
-5.786402760189514716e+00 -5.735949851439333891e+00
-5.781316254775525465e+00 -5.733895599671729570e+00
-5.776250176730087560e+00 -5.731843422329332860e+00
-5.771204901782828856e+00 -5.729793321363959357e+00
-5.766180817449186868e+00 -5.727745298721574230e+00
-5.761178323215935926e+00 -5.725699356342224711e+00
-5.756197830702975970e+00 -5.723655496160057865e+00
-5.751239763797750371e+00 -5.721613720103215783e+00
-5.746304558758120962e+00 -5.719574030093838246e+00
-5.741392664279343805e+00 -5.717536428048020980e+00
-5.736504541520312195e+00 -5.715500915875749044e+00
-5.731640664084193482e+00 -5.713467495480890612e+00
-5.726801517947865960e+00 -5.711436168761130361e+00
-5.721987601334736162e+00 -5.709406937607954369e+00
-5.717199424524836537e+00 -5.707379803906589721e+00
-5.712437509596210106e+00 -5.705354769535972537e+00
-5.707702390091121458e+00 -5.703331836368712437e+00
-5.702994610600720549e+00 -5.701311006271040149e+00
-5.699292281102799507e+00 -5.699292281102799507e+00
-5.697275662717367517e+00 -5.697275662717367517e+00
-5.695261152961638373e+00 -5.695261152961635709e+00
-5.693248753675979934e+00 -5.693248753675978158e+00
-5.691238466694184872e+00 -5.691238466694184872e+00
-5.689230293843467123e+00 -5.689230293843467123e+00
-5.687224236944362410e+00 -5.687224236944358857e+00
-5.685220297810737122e+00 -5.685220297810735346e+00
-5.683218478249723482e+00 -5.683218478249722594e+00
-5.681218780061713325e+00 -5.681218780061713325e+00
-5.679221205040273723e+00 -5.679221205040271059e+00
-5.677225754972131000e+00 -5.677225754972129224e+00
-5.675232431637144082e+00 -5.675232431637136976e+00
-5.673241236808230781e+00 -5.673241236808224564e+00
-5.671252172251363355e+00 -5.671252172251358914e+00
-5.669265239725515215e+00 -5.669265239725508998e+00
-5.667280440982611189e+00 -5.667280440982611189e+00
-5.665297777767504428e+00 -5.665297777767501763e+00
-5.663317251817934661e+00 -5.663317251817931997e+00
-5.661338864864477571e+00 -5.661338864864476683e+00
-5.659362618630517261e+00 -5.659362618630514596e+00
-5.657388514832200954e+00 -5.657388514832200066e+00
-5.655416555178412352e+00 -5.655416555178412352e+00
-5.653446741370718343e+00 -5.653446741370716566e+00
-5.651479075103323702e+00 -5.651479075103321925e+00
-5.649513558063055996e+00 -5.649513558063054219e+00
-5.647550191929306962e+00 -5.647550191929306962e+00
-5.645588978374019185e+00 -5.645588978374014744e+00
-5.643629919061600830e+00 -5.643629919061595501e+00
-5.641673015648926537e+00 -5.641673015648921208e+00
-5.639718269785297444e+00 -5.639718269785291227e+00
-5.637765683112385240e+00 -5.637765683112385240e+00
-5.637768839280133726e+00 -5.637768839280132838e+00
-5.637772001365899399e+00 -5.637772001365897623e+00
-5.637775169386317842e+00 -5.637775169386316954e+00
-5.637778343358084143e+00 -5.637778343358083255e+00
-5.637781523297951125e+00 -5.637781523297950237e+00
-5.637784709222739998e+00 -5.637784709222737334e+00
-5.637787901149324377e+00 -5.637787901149320824e+00
-5.637791099094662250e+00 -5.637791099094656921e+00
-5.637794303075741809e+00 -5.637794303075740920e+00
-5.637797513109664926e+00 -5.637797513109658709e+00
-5.637800729213534368e+00 -5.637800729213534368e+00
-5.637803951404580793e+00 -5.637803951404579017e+00
-5.637807179700062399e+00 -5.637807179700061511e+00
-5.637810414117298663e+00 -5.637810414117296887e+00
-5.637813654673702324e+00 -5.637813654673699659e+00
-5.637816901386729640e+00 -5.637816901386727864e+00
-5.637820154273913253e+00 -5.637820154273911477e+00
-5.637823413352847979e+00 -5.637823413352846202e+00
-5.637826678641197908e+00 -5.637826678641194356e+00
-5.637829950156689307e+00 -5.637829950156682202e+00
-5.637833227917113277e+00 -5.637833227917111500e+00
-5.637836511940348849e+00 -5.637836511940348849e+00
-5.637839802244326570e+00 -5.637839802244323906e+00
-5.637843098847040935e+00 -5.637843098847040935e+00
-5.637846401766575255e+00 -5.637846401766568150e+00
-5.637849711021044818e+00 -5.637849711021041266e+00
-5.637853026628677711e+00 -5.637853026628677711e+00
-5.637856348607748203e+00 -5.637856348607742873e+00
-5.637859676976605172e+00 -5.637859676976603396e+00
-5.637863011753667664e+00 -5.637863011753663223e+00
-5.637866352957421334e+00 -5.637866352957420446e+00
-5.637869700606430001e+00 -5.637869700606427337e+00
-5.637873054719330312e+00 -5.637873054719324983e+00
-5.637876415314820200e+00 -5.637876415314819312e+00
-5.637879782411670426e+00 -5.637879782411668650e+00
-5.637883156028738796e+00 -5.637883156028738796e+00
-5.637886536184939956e+00 -5.637886536184938180e+00
-5.637889922899280926e+00 -5.637889922899280037e+00
-5.637893316190810467e+00 -5.637893316190810467e+00
-5.637896716078684811e+00 -5.637896716078683923e+00
-5.637900122582110818e+00 -5.637900122582110818e+00
-5.637903535720391268e+00 -5.637903535720388604e+00
-5.637906955512874241e+00 -5.637906955512873353e+00
-5.637910381979015284e+00 -5.637910381979008179e+00
-5.637913815138317020e+00 -5.637913815138317020e+00
-5.637917255010385986e+00 -5.637917255010380657e+00
-5.637920701614882013e+00 -5.637920701614878460e+00
-5.637924154971549306e+00 -5.637924154971549306e+00
-5.637927615100214673e+00 -5.637927615100213785e+00
-5.637931082020786633e+00 -5.637931082020779527e+00
-5.638139595882525335e+00 -5.638139595882519117e+00
-5.638348499067226349e+00 -5.638348499067226349e+00
-5.638557792555608295e+00 -5.638557792555606518e+00
-5.638767477331306566e+00 -5.638767477331303901e+00
-5.638977554380825374e+00 -5.638977554380824486e+00
-5.639188024693591039e+00 -5.639188024693587487e+00
-5.639398889261935111e+00 -5.639398889261935111e+00
-5.639610149081115686e+00 -5.639610149081113022e+00
-5.639821805149324518e+00 -5.639821805149319189e+00
-5.640033858467675465e+00 -5.640033858467672800e+00
-5.640246310040261335e+00 -5.640246310040260447e+00
-5.640459160874096156e+00 -5.640459160874089051e+00
-5.640672411979191558e+00 -5.640672411979187117e+00
-5.640886064368522135e+00 -5.640886064368511477e+00
-5.641100119058025442e+00 -5.641100119058022777e+00
-5.641314577066677494e+00 -5.641314577066673941e+00
-5.641529439416415492e+00 -5.641529439416414604e+00
-5.641744707132212433e+00 -5.641744707132210657e+00
-5.641960381242051348e+00 -5.641960381242045131e+00
-5.642176462776940404e+00 -5.642176462776935075e+00
-5.642392952770931558e+00 -5.642392952770925341e+00
-5.642609852261112557e+00 -5.642609852261109893e+00
-5.642827162287657572e+00 -5.642827162287651355e+00
-5.643044883893766794e+00 -5.643044883893763242e+00
-5.643263018125741937e+00 -5.643263018125740160e+00
-5.643481566032963137e+00 -5.643481566032960473e+00
-5.643700528667885408e+00 -5.643700528667884520e+00
-5.643919907086097254e+00 -5.643919907086093701e+00
-5.644139702346264720e+00 -5.644139702346263832e+00
-5.644359915510198000e+00 -5.644359915510196224e+00
-5.644580547642826573e+00 -5.644580547642823909e+00
-5.644801599812223181e+00 -5.644801599812219628e+00
-5.645023073089601162e+00 -5.645023073089599386e+00
-5.645244968549336662e+00 -5.645244968549333997e+00
-5.645467287268973955e+00 -5.645467287268971290e+00
-5.645690030329228115e+00 -5.645690030329228115e+00
-5.645913198813995670e+00 -5.645913198813995670e+00
-5.646136793810391907e+00 -5.646136793810391907e+00
-5.646360816408701133e+00 -5.646360816408701133e+00
-5.646585267702444177e+00 -5.646585267702440625e+00
-5.646810148788359740e+00 -5.646810148788353523e+00
-5.647035460766412385e+00 -5.647035460766409720e+00
-5.647261204739820961e+00 -5.647261204739808527e+00
-5.647487381815029295e+00 -5.647487381815029295e+00
-5.647713993101784347e+00 -5.647713993101783458e+00
-5.647941039713067823e+00 -5.647941039713059830e+00
-5.648168522765145028e+00 -5.648168522765142363e+00
-5.648396443377588838e+00 -5.648396443377587950e+00
-5.648624802673256617e+00 -5.648624802673255729e+00
-5.648853601778323075e+00 -5.648853601778319522e+00
-5.648456625888999660e+00 -5.648456625888992555e+00
-5.648060921055530592e+00 -5.648060921055530592e+00
-5.647666482062202675e+00 -5.647666482062194682e+00
-5.647273303716155546e+00 -5.647273303716151993e+00
-5.646881380847399434e+00 -5.646881380847388776e+00
-5.646490708308633089e+00 -5.646490708308633089e+00
-5.646101280975252656e+00 -5.646101280975249992e+00
-5.645713093745210465e+00 -5.645713093745207800e+00
-5.645326141538969722e+00 -5.645326141538966169e+00
-5.644940419299405043e+00 -5.644940419299402379e+00
-5.644555921991722514e+00 -5.644555921991713632e+00
-5.644172644603385081e+00 -5.644172644603384192e+00
-5.643790582144045942e+00 -5.643790582144045942e+00
-5.643409729645435746e+00 -5.643409729645433970e+00
-5.643030082161305749e+00 -5.643030082161300420e+00
-5.642651634767331004e+00 -5.642651634767328339e+00
-5.642274382561047297e+00 -5.642274382561047297e+00
-5.641898320661751676e+00 -5.641898320661749011e+00
-5.641523444210422511e+00 -5.641523444210421623e+00
-5.641149748369667982e+00 -5.641149748369667982e+00
-5.640777228323597292e+00 -5.640777228323597292e+00
-5.640405879277769152e+00 -5.640405879277769152e+00
-5.640035696459107406e+00 -5.640035696459107406e+00
-5.639666675115817540e+00 -5.639666675115814876e+00
-5.639298810517295202e+00 -5.639298810517292537e+00
-5.638932097954061362e+00 -5.638932097954057809e+00
-5.638566532737656622e+00 -5.638566532737656622e+00
-5.638202110200610129e+00 -5.638202110200606576e+00
-5.637838825696278811e+00 -5.637838825696278811e+00
-5.637476674598843829e+00 -5.637476674598843829e+00
-5.637115652303176461e+00 -5.637115652303176461e+00
-5.636755754224788362e+00 -5.636755754224786585e+00
-5.636396975799716103e+00 -5.636396975799715214e+00
-5.636039312484495412e+00 -5.636039312484491859e+00
-5.635682759756013738e+00 -5.635682759756013738e+00
-5.635327313111475611e+00 -5.635327313111472947e+00
-5.634972968068296950e+00 -5.634972968068295174e+00
-5.634619720164042000e+00 -5.634619720164042000e+00
-5.634267564956332741e+00 -5.634267564956330077e+00
-5.633916498022760955e+00 -5.633916498022758290e+00
-5.633566514960814509e+00 -5.633566514960813620e+00
-5.633217611387803636e+00 -5.633217611387803636e+00
-5.632869782940773895e+00 -5.632869782940771231e+00
-5.632523025276407580e+00 -5.632523025276404915e+00
-5.632177334070985530e+00 -5.632177334070983754e+00
-5.631832705020260121e+00 -5.631832705020260121e+00
-5.631489133839395755e+00 -5.631489133839393979e+00
-5.631146616262907578e+00 -5.631146616262906690e+00
-5.630805148044534469e+00 -5.630805148044530917e+00
-5.630464724957210620e+00 -5.630464724957204403e+00
-5.630469200899584692e+00 -5.630469200899578475e+00
-5.630473687932066262e+00 -5.630473687932060933e+00
-5.630478186095855264e+00 -5.630478186095852600e+00
-5.630482695432337259e+00 -5.630482695432337259e+00
-5.630487215983131399e+00 -5.630487215983131399e+00
-5.630491747790048684e+00 -5.630491747790048684e+00
-5.630496290895106171e+00 -5.630496290895105282e+00
-5.630500845340530525e+00 -5.630500845340525196e+00
-5.630505411168766017e+00 -5.630505411168763352e+00
-5.630509988422458534e+00 -5.630509988422454981e+00
-5.630514577144463573e+00 -5.630514577144462685e+00
-5.630519177377882656e+00 -5.630519177377879991e+00
-5.630523789165987836e+00 -5.630523789165979842e+00
-5.630528412552298079e+00 -5.630528412552296302e+00
-5.630533047580541073e+00 -5.630533047580538408e+00
-5.630537694294663886e+00 -5.630537694294662110e+00
-5.630542352738840961e+00 -5.630542352738838296e+00
-5.630547022957458125e+00 -5.630547022957455461e+00
-5.630551704995134799e+00 -5.630551704995131246e+00
-5.630556398896715109e+00 -5.630556398896715109e+00
-5.630561104707259901e+00 -5.630561104707259901e+00
-5.630565822472069826e+00 -5.630565822472067161e+00
-5.630570552236676463e+00 -5.630570552236671134e+00
-5.630575294046821000e+00 -5.630575294046820112e+00
-5.630580047948506639e+00 -5.630580047948505751e+00
-5.630584813987952408e+00 -5.630584813987951520e+00
-5.630589592211617145e+00 -5.630589592211613592e+00
-5.630594382666195052e+00 -5.630594382666189723e+00
-5.630599185398617479e+00 -5.630599185398613926e+00
-5.630604000456065350e+00 -5.630604000456063574e+00
-5.630608827885947854e+00 -5.630608827885945189e+00
-5.630613667735930861e+00 -5.630613667735926420e+00
-5.630618520053908505e+00 -5.630618520053905840e+00
-5.630623384888038707e+00 -5.630623384888036043e+00
-5.630628262286714758e+00 -5.630628262286712093e+00
-5.630633152298587518e+00 -5.630633152298584854e+00
-5.630638054972538775e+00 -5.630638054972537887e+00
-5.630642970357741639e+00 -5.630642970357739863e+00
-5.630647898503583271e+00 -5.630647898503580606e+00
-5.630652839459738601e+00 -5.630652839459732384e+00
-5.630657793276109047e+00 -5.630657793276109047e+00
-5.630662760002882905e+00 -5.630662760002881129e+00
-5.630667739690495388e+00 -5.630667739690492724e+00
-5.630672732389642832e+00 -5.630672732389640167e+00
-5.630677738151299572e+00 -5.630677738151296907e+00
-5.630682757026684193e+00 -5.630682757026677976e+00
-5.630687789067302162e+00 -5.630687789067301274e+00
-5.630692834324922735e+00 -5.630692834324920071e+00
-5.630697892851574515e+00 -5.630697892851573627e+00
-5.630702964699584534e+00 -5.630702964699580093e+00
-5.628780939225116242e+00 -5.628780939225115354e+00
-5.626865147398977918e+00 -5.626865147398974365e+00
-5.624955567852595983e+00 -5.624955567852594207e+00
-5.623052179276668561e+00 -5.623052179276665008e+00
-5.621154960421248070e+00 -5.621154960421246294e+00
-5.619263890095856695e+00 -5.619263890095850478e+00
-5.617378947169602732e+00 -5.617378947169602732e+00
-5.615500110571292502e+00 -5.615500110571288950e+00
-5.613627359289488084e+00 -5.613627359289485419e+00
-5.611760672372619219e+00 -5.611760672372619219e+00
-5.609900028929071247e+00 -5.609900028929069471e+00
-5.608045408127228626e+00 -5.608045408127226850e+00
-5.606196789195562857e+00 -5.606196789195556640e+00
-5.604354151422668018e+00 -5.604354151422663577e+00
-5.602517474157368227e+00 -5.602517474157364674e+00
-5.600686736808703436e+00 -5.600686736808701660e+00
-5.598861918846011143e+00 -5.598861918846010255e+00
-5.597042999798949481e+00 -5.597042999798948593e+00
-5.595229959257528307e+00 -5.595229959257525643e+00
-5.593422776872144730e+00 -5.593422776872140290e+00
-5.591621432353592880e+00 -5.591621432353591992e+00
-5.589825905473093215e+00 -5.589825905473086998e+00
-5.588036176062286309e+00 -5.588036176062282756e+00
-5.586252224013251499e+00 -5.586252224013247947e+00
-5.584474029278506002e+00 -5.584474029278502449e+00
-5.582701571870990698e+00 -5.582701571870988033e+00
-5.580934831864094114e+00 -5.580934831864091450e+00
-5.579173789391597360e+00 -5.579173789391597360e+00
-5.577418424647687445e+00 -5.577418424647687445e+00
-5.575668717886932413e+00 -5.575668717886926196e+00
-5.573924649424242261e+00 -5.573924649424242261e+00
-5.572186199634853843e+00 -5.572186199634850290e+00
-5.570453348954298889e+00 -5.570453348954298001e+00
-5.568726077878372038e+00 -5.568726077878370262e+00
-5.567004366963060669e+00 -5.567004366963058892e+00
-5.565288196824551115e+00 -5.565288196824548450e+00
-5.563577548139134521e+00 -5.563577548139131856e+00
-5.561872401643197072e+00 -5.561872401643194408e+00
-5.560172738133128512e+00 -5.560172738133124959e+00
-5.558478538465288388e+00 -5.558478538465288388e+00
-5.556789783555966089e+00 -5.556789783555962536e+00
-5.555106454381256498e+00 -5.555106454381252945e+00
-5.553428531977069760e+00 -5.553428531977066207e+00
-5.551755997439003387e+00 -5.551755997438997170e+00
-5.550088831922289856e+00 -5.550088831922284527e+00
-5.548427016641750420e+00 -5.548427016641748644e+00
-5.546770532871688530e+00 -5.546770532871684978e+00
-5.545119361945801018e+00 -5.545119361945798353e+00
-5.543473485257141675e+00 -5.543473485257136346e+00
-5.541832884257976488e+00 -5.541832884257972935e+00
-5.540174028700770137e+00 -5.540174028700767472e+00
-5.538519724902582375e+00 -5.538519724902577934e+00
-5.536869959942586128e+00 -5.536869959942585240e+00
-5.535224720928061615e+00 -5.535224720928054509e+00
-5.533583994994430100e+00 -5.533583994994430100e+00
-5.531947769305332052e+00 -5.531947769305325835e+00
-5.530316031052708858e+00 -5.530316031052706194e+00
-5.528688767456856112e+00 -5.528688767456856112e+00
-5.527065965766475131e+00 -5.527065965766472466e+00
-5.525447613258735124e+00 -5.525447613258735124e+00
-5.523833697239327378e+00 -5.523833697239325602e+00
-5.522224205042530087e+00 -5.522224205042529199e+00
-5.520619124031234115e+00 -5.520619124031228786e+00
-5.519018441596988289e+00 -5.519018441596987401e+00
-5.517422145160096214e+00 -5.517422145160095326e+00
-5.515830222169578967e+00 -5.515830222169575414e+00
-5.514242660103279015e+00 -5.514242660103279015e+00
-5.512659446467864655e+00 -5.512659446467863766e+00
-5.511080568798880641e+00 -5.511080568798874424e+00
-5.509506014660760620e+00 -5.509506014660757955e+00
-5.507935771646895518e+00 -5.507935771646891077e+00
-5.506369827379621107e+00 -5.506369827379615778e+00
-5.504808169510254423e+00 -5.504808169510250870e+00
-5.503250785719168370e+00 -5.503250785719166593e+00
-5.501697663715731323e+00 -5.501697663715731323e+00
-5.500148791238398616e+00 -5.500148791238394175e+00
-5.498604156054668124e+00 -5.498604156054661019e+00
-5.497063745961171755e+00 -5.497063745961170866e+00
-5.495527548783636362e+00 -5.495527548783631033e+00
-5.493995552376898850e+00 -5.493995552376898850e+00
-5.492467744624949688e+00 -5.492467744624947024e+00
-5.490944113440916929e+00 -5.490944113440914265e+00
-5.489424646767080418e+00 -5.489424646767079530e+00
-5.487909332574886001e+00 -5.487909332574882448e+00
-5.486398158864941088e+00 -5.486398158864937535e+00
-5.484891113667023532e+00 -5.484891113667022644e+00
-5.483388185040082519e+00 -5.483388185040081630e+00
-5.481889361072242117e+00 -5.481889361072237676e+00
-5.480394629880796842e+00 -5.480394629880790625e+00
-5.478903979612193886e+00 -5.478903979612190334e+00
-5.477417398442077534e+00 -5.477417398442071317e+00
-5.475934874575215439e+00 -5.475934874575214550e+00
-5.474456396245561685e+00 -5.474456396245556355e+00
-5.472981951716188398e+00 -5.472981951716187510e+00
-5.471511529279332819e+00 -5.471511529279328379e+00
-5.470045117256327138e+00 -5.470045117256326250e+00
-5.468582703997648231e+00 -5.468582703997642014e+00
-5.467124277882844829e+00 -5.467124277882844829e+00
-5.465669827320581042e+00 -5.465669827320581042e+00
-5.464219340748586617e+00 -5.464219340748584841e+00
