-1.821865679279329520e+00 -8.213485280835568503e-01
-1.823030260120526380e+00 -8.213485280835570723e-01
-1.824205516761304491e+00 -8.213485280835567393e-01
-1.825391577277433619e+00 -8.213485280835567393e-01
-1.826588571441265074e+00 -8.213485280835566282e-01
-1.827796630741375772e+00 -8.213485280835567393e-01
-1.829015888402223622e+00 -8.213485280835567393e-01
-1.830246479403798698e+00 -8.213485280835567393e-01
-1.831488540501258200e+00 -8.213485280835568503e-01
-1.832742210244533432e+00 -8.213485280835567393e-01
-1.834007628997889938e+00 -8.213485280835566282e-01
-1.835284938959428347e+00 -8.213485280835567393e-01
-1.836574284180508387e+00 -8.213485280835566282e-01
-1.837875810585079650e+00 -8.213485280835567393e-01
-1.839189665988901767e+00 -8.213485280835567393e-01
-1.840516000118634032e+00 -8.213485280835571833e-01
-1.841854964630776026e+00 -8.213485280835566282e-01
-1.843206713130438601e+00 -8.213485280835567393e-01
-1.844571401189923243e+00 -8.213485280835568503e-01
-1.845949186367089379e+00 -8.213485280835568503e-01
-1.847340228223484537e+00 -8.213485280835570723e-01
-1.848744688342212061e+00 -8.213485280835567393e-01
-1.850162730345517259e+00 -8.213485280835567393e-01
-1.851594519912056258e+00 -8.213485280835570723e-01
-1.853040224793828905e+00 -8.213485280835568503e-01
-1.854500014832741961e+00 -8.213485280835568503e-01
-1.855974061976776168e+00 -8.213485280835567393e-01
-1.857462540295722553e+00 -8.213485280835568503e-01
-1.858965625996461757e+00 -8.213485280835568503e-01
-1.860483497437747546e+00 -8.213485280835570723e-01
-1.862016335144464296e+00 -8.213485280835570723e-01
-1.863564321821321812e+00 -8.213485280835568503e-01
-1.865127642365948635e+00 -8.213485280835566282e-01
-1.866706483881350742e+00 -8.213485280835568503e-01
-1.868301035687688572e+00 -8.213485280835568503e-01
-1.869911489333342836e+00 -8.213485280835568503e-01
-1.871538038605215393e+00 -8.213485280835566282e-01
-1.873180879538228760e+00 -8.213485280835568503e-01
-1.874840210423980746e+00 -8.213485280835568503e-01
-1.876516231818503133e+00 -8.213485280835568503e-01
-1.878209146549081332e+00 -8.213485280835568503e-01
-1.879919159720086386e+00 -8.213485280835566282e-01
-1.881646478717763138e+00 -8.213485280835566282e-01
-1.883391313213935492e+00 -8.213485280835567393e-01
-1.885153875168561477e+00 -8.213485280835567393e-01
-1.886934378831100378e+00 -8.213485280835568503e-01
-1.888733040740617763e+00 -8.213485280835567393e-01
-1.890550079724591104e+00 -8.213485280835566282e-01
-1.892385716896345826e+00 -8.213485280835566282e-01
-1.894240175651065616e+00 -8.213485280835568503e-01
-1.894240175651065394e+00 -8.298933783378041884e-01
-1.894240175651065172e+00 -8.384382285920517486e-01
-1.894240175651065172e+00 -8.469830788462995308e-01
-1.894240175651065394e+00 -8.555279291005469799e-01
-1.894240175651065394e+00 -8.640727793547945401e-01
-1.894240175651065172e+00 -8.726176296090417672e-01
-1.894240175651065172e+00 -8.811624798632892164e-01
-1.894240175651065172e+00 -8.897073301175367765e-01
-1.894240175651065394e+00 -8.982521803717843367e-01
-1.894240175651065394e+00 -9.067970306260322300e-01
-1.894240175651065172e+00 -9.153418808802793460e-01
-1.894240175651065394e+00 -9.238867311345269062e-01
-1.894240175651065172e+00 -9.324315813887742443e-01
-1.894240175651065616e+00 -9.409764316430218045e-01
-1.894240175651065394e+00 -9.495212818972695867e-01
-1.894240175651065172e+00 -9.580661321515171469e-01
-1.894240175651065394e+00 -9.666109824057642630e-01
-1.894240175651065394e+00 -9.751558326600120452e-01
-1.894240175651065172e+00 -9.837006829142598274e-01
-1.894240175651065172e+00 -9.922455331685068325e-01
-1.894240175651065394e+00 -1.000790383422754726e+00
-1.894240175651065394e+00 -1.009335233677001842e+00
-1.894240175651065394e+00 -1.017880083931249402e+00
-1.894240175651065616e+00 -1.026424934185496962e+00
-1.894240175651065394e+00 -1.034969784439744300e+00
-1.894240175651065394e+00 -1.043514634693991860e+00
-1.894240175651065394e+00 -1.052059484948239421e+00
-1.894240175651065394e+00 -1.060604335202486981e+00
-1.894240175651065172e+00 -1.069149185456734319e+00
-1.894240175651065172e+00 -1.077694035710981879e+00
-1.894240175651065172e+00 -1.086238885965229661e+00
-1.894240175651065394e+00 -1.094783736219476999e+00
-1.894240175651065394e+00 -1.103328586473724782e+00
-1.894240175651065172e+00 -1.111873436727972342e+00
-1.894240175651065172e+00 -1.120418286982219458e+00
-1.894240175651065172e+00 -1.128963137236467684e+00
-1.894240175651065394e+00 -1.137507987490714356e+00
-1.894240175651065394e+00 -1.146052837744962138e+00
-1.894240175651065172e+00 -1.154597687999209699e+00
-1.894240175651065394e+00 -1.163142538253457259e+00
-1.894240175651065394e+00 -1.171687388507704819e+00
-1.894240175651065394e+00 -1.180232238761952823e+00
-1.894240175651065394e+00 -1.188777089016199717e+00
-1.894240175651065394e+00 -1.197321939270447499e+00
-1.894240175651065394e+00 -1.205866789524694616e+00
-1.894240175651065394e+00 -1.214411639778942398e+00
-1.894240175651065172e+00 -1.222956490033189958e+00
-1.894240175651065394e+00 -1.231501340287437296e+00
-1.894240175651065394e+00 -1.240046190541684856e+00
-1.894240175651065394e+00 -1.248591040795932416e+00
-1.893182124840178560e+00 -1.248591040795932194e+00
-1.892124380154824870e+00 -1.248591040795932194e+00
-1.891066942056968569e+00 -1.248591040795932194e+00
-1.890009811009157215e+00 -1.248591040795932194e+00
-1.888952987474522338e+00 -1.248591040795932416e+00
-1.887896471916779007e+00 -1.248591040795932194e+00
-1.886840264800226041e+00 -1.248591040795933305e+00
-1.885784366589743133e+00 -1.248591040795932194e+00
-1.884728777750795059e+00 -1.248591040795932194e+00
-1.883673498749427244e+00 -1.248591040795932416e+00
-1.882618530052267314e+00 -1.248591040795932861e+00
-1.881563872126524650e+00 -1.248591040795932416e+00
-1.880509525439990171e+00 -1.248591040795932638e+00
-1.879455490461035660e+00 -1.248591040795932194e+00
-1.878401767658612664e+00 -1.248591040795931972e+00
-1.877348357502254927e+00 -1.248591040795932416e+00
-1.876295260462073733e+00 -1.248591040795932194e+00
-1.875242477008761233e+00 -1.248591040795932638e+00
-1.874190007613589337e+00 -1.248591040795932638e+00
-1.873137852748407273e+00 -1.248591040795932638e+00
-1.872086012885644468e+00 -1.248591040795932194e+00
-1.871034488498306558e+00 -1.248591040795932416e+00
-1.869983280059978270e+00 -1.248591040795932194e+00
-1.868932388044820092e+00 -1.248591040795933083e+00
-1.867881812927570939e+00 -1.248591040795932194e+00
-1.866831555183545710e+00 -1.248591040795932638e+00
-1.865781615288633954e+00 -1.248591040795932194e+00
-1.864731993719302316e+00 -1.248591040795932638e+00
-1.863682690952592313e+00 -1.248591040795932194e+00
-1.862633707466119670e+00 -1.248591040795932194e+00
-1.861585043738073431e+00 -1.248591040795933083e+00
-1.860536700247219066e+00 -1.248591040795932194e+00
-1.859488677472892482e+00 -1.248591040795932194e+00
-1.858440975895002900e+00 -1.248591040795933083e+00
-1.857393595994034197e+00 -1.248591040795932638e+00
-1.856346538251038902e+00 -1.248591040795932638e+00
-1.855299803147641979e+00 -1.248591040795932194e+00
-1.854253391166040377e+00 -1.248591040795932416e+00
-1.853207302788999922e+00 -1.248591040795932416e+00
-1.852161538499855542e+00 -1.248591040795932194e+00
-1.851116098782513708e+00 -1.248591040795932416e+00
-1.850070984121447548e+00 -1.248591040795932638e+00
-1.849026195001698625e+00 -1.248591040795932416e+00
-1.847981731908876490e+00 -1.248591040795932861e+00
-1.846937595329157578e+00 -1.248591040795932416e+00
-1.845893785749284532e+00 -1.248591040795932861e+00
-1.844850303656565327e+00 -1.248591040795932194e+00
-1.843807149538874812e+00 -1.248591040795932861e+00
-1.842764323884650501e+00 -1.248591040795932194e+00
-1.841721827182894788e+00 -1.248591040795932416e+00
-1.841721827182895010e+00 -1.248591040795932194e+00
-1.841721827182894788e+00 -1.248591040795932194e+00
-1.841721827182895010e+00 -1.248591040795932416e+00
-1.841721827182895233e+00 -1.248591040795932194e+00
-1.841721827182895010e+00 -1.248591040795932194e+00
-1.841721827182894788e+00 -1.248591040795932194e+00
-1.841721827182895233e+00 -1.248591040795932861e+00
-1.841721827182895233e+00 -1.248591040795932194e+00
-1.841721827182894788e+00 -1.248591040795932194e+00
-1.841721827182894788e+00 -1.248591040795933527e+00
-1.841721827182894788e+00 -1.248591040795932416e+00
-1.841721827182894788e+00 -1.248591040795931972e+00
-1.841721827182895010e+00 -1.248591040795932194e+00
-1.841721827182895233e+00 -1.248591040795932194e+00
-1.841721827182895233e+00 -1.248591040795931972e+00
-1.841721827182895010e+00 -1.248591040795932194e+00
-1.841721827182895233e+00 -1.248591040795932861e+00
-1.841721827182895010e+00 -1.248591040795932194e+00
-1.841721827182895010e+00 -1.248591040795932416e+00
-1.841721827182895233e+00 -1.248591040795932638e+00
-1.841721827182895233e+00 -1.248591040795932194e+00
-1.841721827182895010e+00 -1.248591040795932194e+00
-1.841721827182895010e+00 -1.248591040795932416e+00
-1.841721827182895010e+00 -1.248591040795932194e+00
-1.841721827182895233e+00 -1.248591040795932861e+00
-1.841721827182895010e+00 -1.248591040795932194e+00
-1.841721827182895010e+00 -1.248591040795932194e+00
-1.841721827182895233e+00 -1.248591040795932416e+00
-1.841721827182895010e+00 -1.248591040795933305e+00
-1.841721827182894788e+00 -1.248591040795932416e+00
-1.841721827182894788e+00 -1.248591040795933527e+00
-1.841721827182895233e+00 -1.248591040795932416e+00
-1.841721827182894788e+00 -1.248591040795932194e+00
-1.841721827182895233e+00 -1.248591040795932194e+00
-1.841721827182894788e+00 -1.248591040795932638e+00
-1.841721827182895010e+00 -1.248591040795932416e+00
-1.841721827182894788e+00 -1.248591040795932861e+00
-1.841721827182895233e+00 -1.248591040795932416e+00
-1.841721827182894788e+00 -1.248591040795932194e+00
-1.841721827182895233e+00 -1.248591040795932194e+00
-1.841721827182895010e+00 -1.248591040795932194e+00
-1.841721827182895233e+00 -1.248591040795932416e+00
-1.841721827182894788e+00 -1.248591040795932194e+00
-1.841721827182894788e+00 -1.248591040795932638e+00
-1.841721827182894788e+00 -1.248591040795932416e+00
-1.841721827182894788e+00 -1.248591040795933305e+00
-1.841721827182895010e+00 -1.248591040795932416e+00
-1.841721827182895010e+00 -1.248591040795932638e+00
-1.841721827182895233e+00 -1.248591040795933305e+00
-1.841721827182895233e+00 -1.248591040795933305e+00
