-1.160363102547285807e+00 8.587048230955196537e-02 8.587048230955196537e-02 8.587048230955196537e-02 8.587048230955196537e-02 1.319346899742627421e+00
-1.172676184104681996e+00 8.587048230955196537e-02 8.587048230955196537e-02 8.587048230955196537e-02 8.587048230955196537e-02 1.318902813876262181e+00
-1.184993634081924485e+00 8.587048230955196537e-02 8.587048230955196537e-02 8.587048230955196537e-02 8.587048230955196537e-02 1.318463096429742798e+00
-1.197315390594506868e+00 8.587048230955190986e-02 8.587048230955196537e-02 8.587048230955196537e-02 8.587048230955196537e-02 1.318027685518563086e+00
-1.209641392877711441e+00 8.587048230955196537e-02 8.587048230955196537e-02 8.587048230955196537e-02 8.587048230955196537e-02 1.317596520378006009e+00
-1.221971581262445872e+00 8.587048230955196537e-02 8.587048230955196537e-02 8.587048230955196537e-02 8.587048230955196537e-02 1.317169541338978567e+00
-1.234305897151672049e+00 8.587048230955190986e-02 8.587048230955196537e-02 8.587048230955196537e-02 8.587048230955196537e-02 1.316746689804442649e+00
-1.246644282997413145e+00 8.587048230955190986e-02 8.587048230955196537e-02 8.587048230955196537e-02 8.587048230955196537e-02 1.316327908226421650e+00
-1.258986682278320224e+00 8.587048230955196537e-02 8.587048230955196537e-02 8.587048230955196537e-02 8.587048230955196537e-02 1.315913140083567079e+00
-1.271333039477787974e+00 8.587048230955196537e-02 8.587048230955196537e-02 8.587048230955196537e-02 8.587048230955196537e-02 1.315502329859273178e+00
-1.283683300062598898e+00 8.587048230955190986e-02 8.587048230955196537e-02 8.587048230955196537e-02 8.587048230955196537e-02 1.315095423020321785e+00
-1.296037410462086203e+00 8.587048230955196537e-02 8.587048230955196537e-02 8.587048230955196537e-02 8.587048230955196537e-02 1.314692365996047663e+00
-1.308395318047803624e+00 8.587048230955190986e-02 8.587048230955196537e-02 8.587048230955196537e-02 8.587048230955196537e-02 1.314293106158002988e+00
-1.320756971113679734e+00 8.587048230955196537e-02 8.587048230955196537e-02 8.587048230955196537e-02 8.587048230955196537e-02 1.313897591800117004e+00
-1.333122318856655664e+00 8.587048230955196537e-02 8.587048230955196537e-02 8.587048230955196537e-02 8.587048230955196537e-02 1.313505772119331949e+00
-1.345491311357785325e+00 8.587048230955196537e-02 8.587048230955196537e-02 8.587048230955196537e-02 8.587048230955196537e-02 1.313117597196698849e+00
-1.357863899563784837e+00 8.587048230955196537e-02 8.587048230955196537e-02 8.587048230955196537e-02 8.587048230955196537e-02 1.312733017978936934e+00
-1.370240035269030043e+00 8.587048230955196537e-02 8.587048230955196537e-02 8.587048230955196537e-02 8.587048230955196537e-02 1.312351986260420711e+00
-1.382619671097976344e+00 8.587048230955189598e-02 8.587048230955196537e-02 8.587048230955196537e-02 8.587048230955199313e-02 1.311974454665604251e+00
-1.395002760487998650e+00 8.587048230955196537e-02 8.587048230955196537e-02 8.587048230955196537e-02 8.587048230955196537e-02 1.311600376631864906e+00
-1.407389257672638339e+00 8.587048230955196537e-02 8.587048230955196537e-02 8.587048230955196537e-02 8.587048230955196537e-02 1.311229706392743388e+00
-1.419779117665249002e+00 8.587048230955196537e-02 8.587048230955196537e-02 8.587048230955196537e-02 8.587048230955196537e-02 1.310862398961591291e+00
-1.432172296243019005e+00 8.587048230955196537e-02 8.587048230955196537e-02 8.587048230955196537e-02 8.587048230955196537e-02 1.310498410115599865e+00
-1.444568749931382401e+00 8.587048230955196537e-02 8.587048230955196537e-02 8.587048230955196537e-02 8.587048230955196537e-02 1.310137696380201611e+00
-1.456968435988785782e+00 8.587048230955196537e-02 8.587048230955196537e-02 8.587048230955196537e-02 8.587048230955196537e-02 1.309780215013842897e+00
-1.469371312391814177e+00 8.587048230955196537e-02 8.587048230955196537e-02 8.587048230955196537e-02 8.587048230955196537e-02 1.309425923993109198e+00
-1.481777337820666673e+00 8.587048230955196537e-02 8.587048230955196537e-02 8.587048230955196537e-02 8.587048230955196537e-02 1.309074781998200709e+00
-1.494186471644969538e+00 8.587048230955196537e-02 8.587048230955196537e-02 8.587048230955196537e-02 8.587048230955196537e-02 1.308726748398741035e+00
-1.506598673909912645e+00 8.587048230955196537e-02 8.587048230955196537e-02 8.587048230955196537e-02 8.587048230955196537e-02 1.308381783239922269e+00
-1.519013905322716296e+00 8.587048230955190986e-02 8.587048230955196537e-02 8.587048230955196537e-02 8.587048230955196537e-02 1.308039847228964048e+00
-1.531432127239404473e+00 8.587048230955190986e-02 8.587048230955196537e-02 8.587048230955196537e-02 8.587048230955196537e-02 1.307700901721891018e+00
-1.543853301651884502e+00 8.587048230955196537e-02 8.587048230955196537e-02 8.587048230955196537e-02 8.587048230955196537e-02 1.307364908710608731e+00
-1.556277391175321601e+00 8.587048230955196537e-02 8.587048230955196537e-02 8.587048230955196537e-02 8.587048230955196537e-02 1.307031830810283735e+00
-1.568704359035806295e+00 8.587048230955190986e-02 8.587048230955196537e-02 8.587048230955196537e-02 8.587048230955196537e-02 1.306701631247006334e+00
-1.581134169058300065e+00 8.587048230955196537e-02 8.587048230955196537e-02 8.587048230955196537e-02 8.587048230955196537e-02 1.306374273845738898e+00
-1.593566785654858986e+00 8.587048230955196537e-02 8.587048230955196537e-02 8.587048230955196537e-02 8.587048230955196537e-02 1.306049723018536168e+00
-1.606002173813120937e+00 8.587048230955190986e-02 8.587048230955196537e-02 8.587048230955196537e-02 8.587048230955196537e-02 1.305727943753035802e+00
-1.618440299085056600e+00 8.587048230955188211e-02 8.587048230955196537e-02 8.587048230955196537e-02 8.587048230955200701e-02 1.305408901601208926e+00
-1.630881127575974254e+00 8.587048230955188211e-02 8.587048230955196537e-02 8.587048230955196537e-02 8.587048230955197925e-02 1.305092562668364931e+00
-1.643324625933771266e+00 8.587048230955196537e-02 8.587048230955196537e-02 8.587048230955196537e-02 8.587048230955196537e-02 1.304778893602401180e+00
-1.655770761338430486e+00 8.587048230955196537e-02 8.587048230955196537e-02 8.587048230955196537e-02 8.587048230955196537e-02 1.304467861583297861e+00
-1.668219501491743806e+00 8.587048230955196537e-02 8.587048230955196537e-02 8.587048230955196537e-02 8.587048230955196537e-02 1.304159434312849308e+00
-1.680670814607277297e+00 8.587048230955196537e-02 8.587048230955196537e-02 8.587048230955196537e-02 8.587048230955196537e-02 1.303853580004620927e+00
-1.693124669400550397e+00 8.587048230955190986e-02 8.587048230955196537e-02 8.587048230955196537e-02 8.587048230955196537e-02 1.303550267374131488e+00
-1.705581035079436703e+00 8.587048230955196537e-02 8.587048230955196537e-02 8.587048230955196537e-02 8.587048230955196537e-02 1.303249465629256809e+00
-1.718039881334780805e+00 8.587048230955196537e-02 8.587048230955196537e-02 8.587048230955196537e-02 8.587048230955196537e-02 1.302951144460838373e+00
-1.730501178331214085e+00 8.587048230955196537e-02 8.587048230955196537e-02 8.587048230955196537e-02 8.587048230955196537e-02 1.302655274033510224e+00
-1.742964896698184774e+00 8.587048230955196537e-02 8.587048230955196537e-02 8.587048230955196537e-02 8.587048230955196537e-02 1.302361824976718374e+00
-1.755431007521171649e+00 8.587048230955196537e-02 8.587048230955196537e-02 8.587048230955196537e-02 8.587048230955196537e-02 1.302070768375944265e+00
-1.767899482333105121e+00 8.587048230955190986e-02 8.587048230955196537e-02 8.587048230955196537e-02 8.587048230955196537e-02 1.301782075764115421e+00
-1.767899482333104899e+00 6.645436504842833214e-02 8.587048230955193762e-02 8.587048230955196537e-02 8.587048230955197925e-02 1.301782075764115643e+00
-1.767899482333105343e+00 4.703824778730469891e-02 8.587048230955196537e-02 8.587048230955196537e-02 8.587048230955206252e-02 1.301782075764115199e+00
-1.767899482333105121e+00 2.762213052618105180e-02 8.587048230955189598e-02 8.587048230955195149e-02 8.587048230955196537e-02 1.301782075764115643e+00
-1.767899482333105121e+00 8.206013265057404693e-03 8.587048230955193762e-02 8.587048230955197925e-02 8.587048230955197925e-02 1.301782075764115199e+00
-1.767899482333105343e+00 -1.121010399606622854e-02 8.587048230955196537e-02 8.587048230955196537e-02 8.587048230955196537e-02 1.301782075764115421e+00
-1.767899482333105343e+00 -3.062622125718986177e-02 8.587048230955196537e-02 8.587048230955196537e-02 8.587048230955196537e-02 1.301782075764115421e+00
-1.767899482333105343e+00 -5.004233851831350888e-02 8.587048230955196537e-02 8.587048230955196537e-02 8.587048230955197925e-02 1.301782075764115199e+00
-1.767899482333105121e+00 -6.945845577943714211e-02 8.587048230955189598e-02 8.587048230955195149e-02 8.587048230955195149e-02 1.301782075764115643e+00
-1.767899482333105121e+00 -8.887457304056076146e-02 8.587048230955188211e-02 8.587048230955195149e-02 8.587048230955196537e-02 1.301782075764115421e+00
-1.767899482333105343e+00 -1.082906903016843947e-01 8.587048230955195149e-02 8.587048230955195149e-02 8.587048230955199313e-02 1.301782075764115421e+00
-1.767899482333105343e+00 -1.277068075628080002e-01 8.587048230955196537e-02 8.587048230955196537e-02 8.587048230955197925e-02 1.301782075764115421e+00
-1.767899482333105121e+00 -1.471229248239316889e-01 8.587048230955188211e-02 8.587048230955196537e-02 8.587048230955196537e-02 1.301782075764115421e+00
-1.767899482333105121e+00 -1.665390420850552666e-01 8.587048230955196537e-02 8.587048230955197925e-02 8.587048230955203476e-02 1.301782075764115421e+00
-1.767899482333105121e+00 -1.859551593461789554e-01 8.587048230955193762e-02 8.587048230955196537e-02 8.587048230955197925e-02 1.301782075764115643e+00
-1.767899482333105121e+00 -2.053712766073025608e-01 8.587048230955186823e-02 8.587048230955195149e-02 8.587048230955195149e-02 1.301782075764115421e+00
-1.767899482333105343e+00 -2.247873938684262773e-01 8.587048230955193762e-02 8.587048230955197925e-02 8.587048230955197925e-02 1.301782075764115421e+00
-1.767899482333105343e+00 -2.442035111295499383e-01 8.587048230955189598e-02 8.587048230955195149e-02 8.587048230955196537e-02 1.301782075764115421e+00
-1.767899482333105343e+00 -2.636196283906735438e-01 8.587048230955193762e-02 8.587048230955196537e-02 8.587048230955199313e-02 1.301782075764115199e+00
-1.767899482333105121e+00 -2.830357456517970105e-01 8.587048230955189598e-02 8.587048230955195149e-02 8.587048230955196537e-02 1.301782075764115421e+00
-1.767899482333105343e+00 -3.024518629129207548e-01 8.587048230955195149e-02 8.587048230955196537e-02 8.587048230955204864e-02 1.301782075764115199e+00
-1.767899482333105121e+00 -3.218679801740444990e-01 8.587048230955193762e-02 8.587048230955196537e-02 8.587048230955197925e-02 1.301782075764115421e+00
-1.767899482333105121e+00 -3.412840974351681878e-01 8.587048230955193762e-02 8.587048230955196537e-02 8.587048230955197925e-02 1.301782075764115643e+00
-1.767899482333105343e+00 -3.607002146962918210e-01 8.587048230955189598e-02 8.587048230955195149e-02 8.587048230955195149e-02 1.301782075764115421e+00
-1.767899482333105343e+00 -3.801163319574153432e-01 8.587048230955196537e-02 8.587048230955196537e-02 8.587048230955199313e-02 1.301782075764115421e+00
-1.767899482333105121e+00 -3.995324492185389209e-01 8.587048230955195149e-02 8.587048230955195149e-02 8.587048230955199313e-02 1.301782075764115643e+00
-1.767899482333105343e+00 -4.189485664796626097e-01 8.587048230955190986e-02 8.587048230955197925e-02 8.587048230955197925e-02 1.301782075764115421e+00
-1.767899482333105343e+00 -4.383646837407863539e-01 8.587048230955195149e-02 8.587048230955197925e-02 8.587048230955200701e-02 1.301782075764115199e+00
-1.767899482333105343e+00 -4.577808010019102092e-01 8.587048230955193762e-02 8.587048230955196537e-02 8.587048230955196537e-02 1.301782075764115421e+00
-1.767899482333105343e+00 -4.771969182630335649e-01 8.587048230955189598e-02 8.587048230955196537e-02 8.587048230955196537e-02 1.301782075764115199e+00
-1.767899482333105121e+00 -4.966130355241569760e-01 8.587048230955189598e-02 8.587048230955196537e-02 8.587048230955196537e-02 1.301782075764115421e+00
-1.767899482333105343e+00 -5.160291527852809423e-01 8.587048230955195149e-02 8.587048230955197925e-02 8.587048230955200701e-02 1.301782075764115421e+00
-1.767899482333105121e+00 -5.354452700464046311e-01 8.587048230955189598e-02 8.587048230955195149e-02 8.587048230955196537e-02 1.301782075764115421e+00
-1.767899482333105343e+00 -5.548613873075280978e-01 8.587048230955189598e-02 8.587048230955193762e-02 8.587048230955196537e-02 1.301782075764115421e+00
-1.767899482333104899e+00 -5.742775045686516755e-01 8.587048230955190986e-02 8.587048230955196537e-02 8.587048230955196537e-02 1.301782075764115421e+00
-1.767899482333105121e+00 -5.936936218297754753e-01 8.587048230955190986e-02 8.587048230955196537e-02 8.587048230955196537e-02 1.301782075764115421e+00
-1.767899482333105121e+00 -6.131097390908990530e-01 8.587048230955186823e-02 8.587048230955195149e-02 8.587048230955196537e-02 1.301782075764115643e+00
-1.767899482333105121e+00 -6.325258563520224087e-01 8.587048230955185435e-02 8.587048230955193762e-02 8.587048230955196537e-02 1.301782075764115643e+00
-1.767899482333105121e+00 -6.519419736131464305e-01 8.587048230955192374e-02 8.587048230955196537e-02 8.587048230955197925e-02 1.301782075764115643e+00
-1.767899482333105121e+00 -6.713580908742698972e-01 8.587048230955193762e-02 8.587048230955196537e-02 8.587048230955197925e-02 1.301782075764115643e+00
-1.767899482333104899e+00 -6.907742081353939190e-01 8.587048230955189598e-02 8.587048230955195149e-02 8.587048230955196537e-02 1.301782075764115421e+00
-1.767899482333105121e+00 -7.101903253965168306e-01 8.587048230955193762e-02 8.587048230955196537e-02 8.587048230955197925e-02 1.301782075764115421e+00
-1.767899482333105121e+00 -7.296064426576407413e-01 8.587048230955184047e-02 8.587048230955195149e-02 8.587048230955195149e-02 1.301782075764115643e+00
-1.767899482333104899e+00 -7.490225599187647632e-01 8.587048230955190986e-02 8.587048230955196537e-02 8.587048230955196537e-02 1.301782075764115643e+00
-1.767899482333105121e+00 -7.684386771798881188e-01 8.587048230955186823e-02 8.587048230955192374e-02 8.587048230955196537e-02 1.301782075764115421e+00
-1.767899482333105121e+00 -7.878547944410118076e-01 8.587048230955196537e-02 8.587048230955196537e-02 8.587048230955197925e-02 1.301782075764115643e+00
-1.767899482333105343e+00 -8.072709117021356073e-01 8.587048230955185435e-02 8.587048230955196537e-02 8.587048230955196537e-02 1.301782075764115643e+00
-1.767899482333105121e+00 -8.266870289632589630e-01 8.587048230955193762e-02 8.587048230955195149e-02 8.587048230955196537e-02 1.301782075764115643e+00
-1.767899482333105343e+00 -8.461031462243826518e-01 8.587048230955193762e-02 8.587048230955196537e-02 8.587048230955196537e-02 1.301782075764115421e+00
-1.767899482333105121e+00 -8.655192634855064515e-01 8.587048230955196537e-02 8.587048230955196537e-02 8.587048230955202088e-02 1.301782075764115643e+00
-1.767899482333105121e+00 -8.849353807466298072e-01 8.587048230955189598e-02 8.587048230955196537e-02 8.587048230955196537e-02 1.301782075764115643e+00
-1.767899482333105343e+00 -8.849353807466303623e-01 5.918125184744216227e-02 5.918125184744229411e-02 5.918125184744237738e-02 1.301782075764115643e+00
-1.767899482333104899e+00 -8.849353807466299182e-01 3.249202138533258122e-02 3.249202138533258816e-02 3.249202138533262285e-02 1.301782075764115643e+00
-1.767899482333105121e+00 -8.849353807466301403e-01 5.802790923222937713e-03 5.802790923222959397e-03 5.802790923223000163e-03 1.301782075764115421e+00
-1.767899482333105343e+00 -8.849353807466303623e-01 -2.088643953888680294e-02 -2.088643953888672661e-02 -2.088643953888671967e-02 1.301782075764114976e+00
-1.767899482333105121e+00 -8.849353807466298072e-01 -4.757567000099639093e-02 -4.757567000099638399e-02 -4.757567000099627297e-02 1.301782075764115643e+00
-1.767899482333105343e+00 -8.849353807466305843e-01 -7.426490046310604831e-02 -7.426490046310603443e-02 -7.426490046310595117e-02 1.301782075764115643e+00
-1.767899482333104899e+00 -8.849353807466299182e-01 -1.009541309252158653e-01 -1.009541309252157681e-01 -1.009541309252157265e-01 1.301782075764115421e+00
-1.767899482333104899e+00 -8.849353807466302513e-01 -1.276433613873254047e-01 -1.276433613873253770e-01 -1.276433613873253214e-01 1.301782075764115643e+00
-1.767899482333105343e+00 -8.849353807466304733e-01 -1.543325918494351523e-01 -1.543325918494350690e-01 -1.543325918494350690e-01 1.301782075764115199e+00
-1.767899482333105343e+00 -8.849353807466298072e-01 -1.810218223115447334e-01 -1.810218223115447334e-01 -1.810218223115447334e-01 1.301782075764115421e+00
-1.767899482333104899e+00 -8.849353807466302513e-01 -2.077110527736545087e-01 -2.077110527736544254e-01 -2.077110527736543144e-01 1.301782075764115643e+00
-1.767899482333104899e+00 -8.849353807466296962e-01 -2.344002832357641175e-01 -2.344002832357640342e-01 -2.344002832357638955e-01 1.301782075764115199e+00
-1.767899482333105121e+00 -8.849353807466296962e-01 -2.610895136978736986e-01 -2.610895136978736986e-01 -2.610895136978735875e-01 1.301782075764115643e+00
-1.767899482333104899e+00 -8.849353807466302513e-01 -2.877787441599835017e-01 -2.877787441599834461e-01 -2.877787441599833906e-01 1.301782075764115199e+00
-1.767899482333104899e+00 -8.849353807466298072e-01 -3.144679746220931382e-01 -3.144679746220930827e-01 -3.144679746220929717e-01 1.301782075764115199e+00
-1.767899482333105343e+00 -8.849353807466300292e-01 -3.411572050842027748e-01 -3.411572050842026638e-01 -3.411572050842024417e-01 1.301782075764114754e+00
-1.767899482333105343e+00 -8.849353807466298072e-01 -3.678464355463126334e-01 -3.678464355463124114e-01 -3.678464355463124114e-01 1.301782075764114754e+00
-1.767899482333105343e+00 -8.849353807466302513e-01 -3.945356660084225475e-01 -3.945356660084221034e-01 -3.945356660084221034e-01 1.301782075764115865e+00
-1.767899482333105343e+00 -8.849353807466295851e-01 -4.212248964705317955e-01 -4.212248964705317955e-01 -4.212248964705315180e-01 1.301782075764115421e+00
-1.767899482333105121e+00 -8.849353807466293631e-01 -4.479141269326415986e-01 -4.479141269326414321e-01 -4.479141269326414321e-01 1.301782075764115421e+00
-1.767899482333105121e+00 -8.849353807466295851e-01 -4.746033573947510131e-01 -4.746033573947510131e-01 -4.746033573947510131e-01 1.301782075764115199e+00
-1.767899482333105121e+00 -8.849353807466299182e-01 -5.012925878568608162e-01 -5.012925878568607052e-01 -5.012925878568605942e-01 1.301782075764115199e+00
-1.767899482333104899e+00 -8.849353807466298072e-01 -5.279818183189707304e-01 -5.279818183189706193e-01 -5.279818183189705083e-01 1.301782075764115643e+00
-1.767899482333104899e+00 -8.849353807466300292e-01 -5.546710487810802004e-01 -5.546710487810798673e-01 -5.546710487810796453e-01 1.301782075764115865e+00
-1.767899482333104899e+00 -8.849353807466298072e-01 -5.813602792431898925e-01 -5.813602792431897814e-01 -5.813602792431895594e-01 1.301782075764115421e+00
-1.767899482333104899e+00 -8.849353807466300292e-01 -6.080495097052993625e-01 -6.080495097052993625e-01 -6.080495097052991404e-01 1.301782075764115421e+00
-1.767899482333104899e+00 -8.849353807466294741e-01 -6.347387401674093876e-01 -6.347387401674090546e-01 -6.347387401674090546e-01 1.301782075764115643e+00
-1.767899482333105121e+00 -8.849353807466296962e-01 -6.614279706295188577e-01 -6.614279706295187466e-01 -6.614279706295187466e-01 1.301782075764115421e+00
-1.767899482333104899e+00 -8.849353807466300292e-01 -6.881172010916288828e-01 -6.881172010916284387e-01 -6.881172010916281057e-01 1.301782075764115865e+00
-1.767899482333104899e+00 -8.849353807466298072e-01 -7.148064315537382418e-01 -7.148064315537381308e-01 -7.148064315537371316e-01 1.301782075764115199e+00
-1.767899482333105343e+00 -8.849353807466300292e-01 -7.414956620158478229e-01 -7.414956620158477119e-01 -7.414956620158469347e-01 1.301782075764115199e+00
-1.767899482333104899e+00 -8.849353807466299182e-01 -7.681848924779575150e-01 -7.681848924779574039e-01 -7.681848924779570709e-01 1.301782075764114976e+00
-1.767899482333105343e+00 -8.849353807466296962e-01 -7.948741229400674291e-01 -7.948741229400670960e-01 -7.948741229400663189e-01 1.301782075764115421e+00
-1.767899482333105343e+00 -8.849353807466295851e-01 -8.215633534021770101e-01 -8.215633534021768991e-01 -8.215633534021766771e-01 1.301782075764115643e+00
-1.767899482333105121e+00 -8.849353807466298072e-01 -8.482525838642869243e-01 -8.482525838642864802e-01 -8.482525838642860361e-01 1.301782075764115199e+00
-1.767899482333104899e+00 -8.849353807466300292e-01 -8.749418143263961722e-01 -8.749418143263960612e-01 -8.749418143263958392e-01 1.301782075764115421e+00
-1.767899482333104899e+00 -9.016310447885058643e-01 -9.016310447885057533e-01 -9.016310447885054202e-01 -8.849353807466302513e-01 1.301782075764115421e+00
-1.767899482333105343e+00 -9.283202752506156674e-01 -9.283202752506156674e-01 -9.283202752506152233e-01 -8.849353807466298072e-01 1.301782075764115421e+00
-1.767899482333105121e+00 -9.550095057127252485e-01 -9.550095057127252485e-01 -9.550095057127245823e-01 -8.849353807466300292e-01 1.301782075764115421e+00
-1.767899482333104899e+00 -9.816987361748348295e-01 -9.816987361748348295e-01 -9.816987361748348295e-01 -8.849353807466298072e-01 1.301782075764115199e+00
-1.767899482333105121e+00 -1.008387966636944411e+00 -1.008387966636944411e+00 -1.008387966636944411e+00 -8.849353807466300292e-01 1.301782075764115643e+00
-1.767899482333105121e+00 -1.035077197099053992e+00 -1.035077197099053992e+00 -1.035077197099053992e+00 -8.849353807466302513e-01 1.301782075764115199e+00
-1.767899482333105343e+00 -1.061766427561164017e+00 -1.061766427561163795e+00 -1.061766427561163573e+00 -8.849353807466301403e-01 1.301782075764115643e+00
-1.767899482333105121e+00 -1.088455658023274930e+00 -1.088455658023273598e+00 -1.088455658023273598e+00 -8.849353807466300292e-01 1.301782075764115199e+00
-1.767899482333105121e+00 -1.115144888485383179e+00 -1.115144888485382957e+00 -1.115144888485382513e+00 -8.849353807466302513e-01 1.301782075764115199e+00
-1.767899482333104899e+00 -1.141834118947493426e+00 -1.141834118947492982e+00 -1.141834118947492982e+00 -8.849353807466298072e-01 1.301782075764115643e+00
-1.767899482333104899e+00 -1.168523349409602785e+00 -1.168523349409602341e+00 -1.168523349409602341e+00 -8.849353807466298072e-01 1.301782075764115199e+00
-1.767899482333105343e+00 -1.195212579871712588e+00 -1.195212579871712144e+00 -1.195212579871711922e+00 -8.849353807466302513e-01 1.301782075764115643e+00
-1.767899482333104899e+00 -1.221901810333821947e+00 -1.221901810333821947e+00 -1.221901810333821947e+00 -8.849353807466304733e-01 1.301782075764115199e+00
-1.767899482333105343e+00 -1.248591040795932194e+00 -1.248591040795931528e+00 -1.248591040795931306e+00 -8.849353807466302513e-01 1.301782075764115421e+00
-1.768638576929471018e+00 -1.248591040795931750e+00 -1.248591040795931528e+00 -1.248591040795930862e+00 -8.849353807466302513e-01 1.270066602973312531e+00
-1.769393258445157935e+00 -1.248591040795932194e+00 -1.248591040795931528e+00 -1.248591040795931084e+00 -8.849353807466302513e-01 1.238366717101829551e+00
-1.770164012972156531e+00 -1.248591040795931306e+00 -1.248591040795931306e+00 -1.248591040795931084e+00 -8.849353807466298072e-01 1.206682904241658916e+00
-1.770951346489678002e+00 -1.248591040795931528e+00 -1.248591040795931528e+00 -1.248591040795930862e+00 -8.849353807466302513e-01 1.175015670372011156e+00
-1.771755785861899968e+00 -1.248591040795931306e+00 -1.248591040795931306e+00 -1.248591040795931084e+00 -8.849353807466302513e-01 1.143365542357063669e+00
-1.772577879894389863e+00 -1.248591040795931972e+00 -1.248591040795931750e+00 -1.248591040795931750e+00 -8.849353807466298072e-01 1.111733069002384777e+00
-1.773418200453099169e+00 -1.248591040795931528e+00 -1.248591040795931528e+00 -1.248591040795930418e+00 -8.849353807466302513e-01 1.080118822173924631e+00
-1.774277343650128014e+00 -1.248591040795931528e+00 -1.248591040795931306e+00 -1.248591040795930862e+00 -8.849353807466293631e-01 1.048523397983784244e+00
-1.775155931100750095e+00 -1.248591040795931972e+00 -1.248591040795931750e+00 -1.248591040795931528e+00 -8.849353807466302513e-01 1.016947418047237095e+00
-1.776054611256531190e+00 -1.248591040795931528e+00 -1.248591040795931528e+00 -1.248591040795930862e+00 -8.849353807466301403e-01 9.853915308158480713e-01
-1.776974060819719980e+00 -1.248591040795931528e+00 -1.248591040795931306e+00 -1.248591040795929752e+00 -8.849353807466302513e-01 9.538564129918678525e-01
-1.777914986244490292e+00 -1.248591040795931750e+00 -1.248591040795931306e+00 -1.248591040795931084e+00 -8.849353807466298072e-01 9.223427710294695991e-01
-1.778878125331002646e+00 -1.248591040795931750e+00 -1.248591040795931528e+00 -1.248591040795930640e+00 -8.849353807466302513e-01 8.908513427288126119e-01
-1.779864248918724634e+00 -1.248591040795931528e+00 -1.248591040795931306e+00 -1.248591040795930862e+00 -8.849353807466302513e-01 8.593828989293643694e-01
-1.780874162685908590e+00 -1.248591040795931750e+00 -1.248591040795931528e+00 -1.248591040795931084e+00 -8.849353807466302513e-01 8.279382453093798722e-01
-1.781908709062663299e+00 -1.248591040795931750e+00 -1.248591040795931306e+00 -1.248591040795930640e+00 -8.849353807466298072e-01 7.965182242989654604e-01
-1.782968769265580899e+00 -1.248591040795931528e+00 -1.248591040795931084e+00 -1.248591040795929752e+00 -8.849353807466293631e-01 7.651237171147133864e-01
-1.784055265462509476e+00 -1.248591040795931528e+00 -1.248591040795931306e+00 -1.248591040795931084e+00 -8.849353807466298072e-01 7.337556459244721774e-01
-1.785169163076687493e+00 -1.248591040795932638e+00 -1.248591040795931750e+00 -1.248591040795931528e+00 -8.849353807466302513e-01 7.024149761514815182e-01
-1.786311473240150605e+00 -1.248591040795931750e+00 -1.248591040795931528e+00 -1.248591040795930640e+00 -8.849353807466302513e-01 6.711027189277750660e-01
-1.787483255407050997e+00 -1.248591040795931750e+00 -1.248591040795931750e+00 -1.248591040795930640e+00 -8.849353807466298072e-01 6.398199337075062276e-01
-1.788685620138352306e+00 -1.248591040795932194e+00 -1.248591040795931528e+00 -1.248591040795931306e+00 -8.849353807466302513e-01 6.085677310516379723e-01
-1.789919732070175851e+00 -1.248591040795931972e+00 -1.248591040795931528e+00 -1.248591040795931306e+00 -8.849353807466302513e-01 5.773472755962921754e-01
-1.791186813079017615e+00 -1.248591040795931306e+00 -1.248591040795931084e+00 -1.248591040795929974e+00 -8.849353807466298072e-01 5.461597892179645974e-01
-1.792488145658003296e+00 -1.248591040795932638e+00 -1.248591040795931528e+00 -1.248591040795931306e+00 -8.849353807466298072e-01 5.150065544097816028e-01
-1.793825076519403483e+00 -1.248591040795931528e+00 -1.248591040795931528e+00 -1.248591040795931306e+00 -8.849353807466302513e-01 4.838889178840120042e-01
-1.795199020439713689e+00 -1.248591040795931528e+00 -1.248591040795931306e+00 -1.248591040795930862e+00 -8.849353807466302513e-01 4.528082944171534785e-01
-1.796611464364800570e+00 -1.248591040795931750e+00 -1.248591040795931528e+00 -1.248591040795930862e+00 -8.849353807466302513e-01 4.217661709550706295e-01
-1.798063971793816496e+00 -1.248591040795931528e+00 -1.248591040795931084e+00 -1.248591040795930418e+00 -8.849353807466300292e-01 3.907641109969171023e-01
-1.799558187461935743e+00 -1.248591040795931528e+00 -1.248591040795931084e+00 -1.248591040795930862e+00 -8.849353807466299182e-01 3.598037592778670635e-01
-1.801095842343291675e+00 -1.248591040795931750e+00 -1.248591040795931528e+00 -1.248591040795930862e+00 -8.849353807466302513e-01 3.288868467720538202e-01
-1.802678758996959729e+00 -1.248591040795931750e+00 -1.248591040795931750e+00 -1.248591040795930640e+00 -8.849353807466298072e-01 2.980151960385529208e-01
-1.804308857280301437e+00 -1.248591040795932194e+00 -1.248591040795931528e+00 -1.248591040795931528e+00 -8.849353807466302513e-01 2.671907269347248981e-01
-1.805988160455527680e+00 -1.248591040795931528e+00 -1.248591040795931306e+00 -1.248591040795930862e+00 -8.849353807466293631e-01 2.364154627227818550e-01
-1.807718801716910795e+00 -1.248591040795931750e+00 -1.248591040795931528e+00 -1.248591040795930862e+00 -8.849353807466302513e-01 2.056915365969958498e-01
-1.809503031167657650e+00 -1.248591040795931528e+00 -1.248591040795931306e+00 -1.248591040795930862e+00 -8.849353807466302513e-01 1.750211986605732795e-01
-1.811343223277041226e+00 -1.248591040795932194e+00 -1.248591040795931528e+00 -1.248591040795931528e+00 -8.849353807466298072e-01 1.444068233827873748e-01
-1.813241884849948304e+00 -1.248591040795931972e+00 -1.248591040795931750e+00 -1.248591040795931750e+00 -8.849353807466298072e-01 1.138509175685254587e-01
-1.815201663542469035e+00 -1.248591040795931306e+00 -1.248591040795931306e+00 -1.248591040795931084e+00 -8.849353807466302513e-01 8.335612887387673642e-02
-1.817225356958524163e+00 -1.248591040795931528e+00 -1.248591040795931528e+00 -1.248591040795930862e+00 -8.849353807466302513e-01 5.292525490276289712e-02
-1.819315922363720084e+00 -1.248591040795931750e+00 -1.248591040795931528e+00 -1.248591040795930862e+00 -8.849353807466298072e-01 2.256125292078880670e-02
-1.821476487053546478e+00 -1.248591040795931528e+00 -1.248591040795931306e+00 -1.248591040795930640e+00 -8.849353807466302513e-01 -7.732749776553748955e-03
-1.823710359413653448e+00 -1.248591040795932194e+00 -1.248591040795931750e+00 -1.248591040795931528e+00 -8.849353807466302513e-01 -3.795344480361605849e-02
-1.826021040710068100e+00 -1.248591040795931750e+00 -1.248591040795931528e+00 -1.248591040795931084e+00 -8.849353807466298072e-01 -6.809733089437045028e-02
-1.828412237646797500e+00 -1.248591040795932638e+00 -1.248591040795931528e+00 -1.248591040795931528e+00 -8.849353807466302513e-01 -9.816070134481044707e-02
-1.830887875727061243e+00 -1.248591040795931750e+00 -1.248591040795931084e+00 -1.248591040795930418e+00 -8.849353807466298072e-01 -1.281396306517164074e-01
-1.833452113452263887e+00 -1.248591040795931528e+00 -1.248591040795931528e+00 -1.248591040795930640e+00 -8.849353807466304733e-01 -1.580299603136826603e-01
-1.836109357389501096e+00 -1.248591040795931972e+00 -1.248591040795931528e+00 -1.248591040795930862e+00 -8.849353807466302513e-01 -1.878272837636147941e-01
-1.838864278133571117e+00 -1.248591040795931528e+00 -1.248591040795931306e+00 -1.248591040795930862e+00 -8.849353807466298072e-01 -2.175269304067141141e-01
-1.841721827182895677e+00 -1.248591040795931528e+00 -1.248591040795931528e+00 -1.248591040795930862e+00 -8.849353807466298072e-01 -2.471239487445588690e-01
