4.697534051664447458e-02 4.697534051664447458e-02
4.697534051664447458e-02 4.697534051664447458e-02
4.697534051664447458e-02 4.697534051664447458e-02
4.697534051664447458e-02 4.697534051664447458e-02
4.697534051664447458e-02 4.697534051664447458e-02
4.697534051664447458e-02 4.697534051664447458e-02
4.697534051664447458e-02 4.697534051664447458e-02
4.697534051664447458e-02 4.697534051664447458e-02
4.697534051664447458e-02 4.697534051664447458e-02
4.697534051664447458e-02 4.697534051664447458e-02
4.697534051664447458e-02 4.697534051664447458e-02
4.697534051664447458e-02 4.697534051664447458e-02
4.697534051664447458e-02 4.697534051664447458e-02
4.697534051664447458e-02 4.697534051664447458e-02
4.697534051664447458e-02 4.697534051664447458e-02
4.697534051664447458e-02 4.697534051664447458e-02
4.697534051664447458e-02 4.697534051664447458e-02
4.697534051664447458e-02 4.697534051664447458e-02
4.697534051664447458e-02 4.697534051664447458e-02
4.697534051664447458e-02 4.697534051664447458e-02
4.697534051664447458e-02 4.697534051664447458e-02
4.697534051664447458e-02 4.697534051664447458e-02
4.697534051664447458e-02 4.697534051664447458e-02
4.697534051664447458e-02 4.697534051664447458e-02
4.697534051664447458e-02 4.697534051664447458e-02
4.697534051664447458e-02 4.697534051664447458e-02
4.697534051664447458e-02 4.697534051664447458e-02
4.697534051664447458e-02 4.697534051664447458e-02
4.697534051664447458e-02 4.697534051664447458e-02
4.697534051664447458e-02 4.697534051664447458e-02
4.697534051664447458e-02 4.697534051664447458e-02
4.697534051664447458e-02 4.697534051664447458e-02
4.697534051664447458e-02 4.697534051664447458e-02
4.697534051664447458e-02 4.697534051664447458e-02
4.697534051664447458e-02 4.697534051664447458e-02
4.697534051664447458e-02 4.697534051664447458e-02
4.697534051664447458e-02 4.697534051664447458e-02
4.697534051664447458e-02 4.697534051664447458e-02
4.697534051664447458e-02 4.697534051664447458e-02
4.697534051664447458e-02 4.697534051664447458e-02
4.697534051664447458e-02 4.697534051664447458e-02
4.697534051664447458e-02 4.697534051664447458e-02
4.697534051664447458e-02 4.697534051664447458e-02
4.697534051664447458e-02 4.697534051664447458e-02
4.697534051664447458e-02 4.697534051664447458e-02
4.697534051664447458e-02 4.697534051664447458e-02
4.697534051664447458e-02 4.697534051664447458e-02
4.697534051664447458e-02 4.697534051664447458e-02
4.697534051664447458e-02 4.697534051664447458e-02
4.697534051664447458e-02 4.697534051664447458e-02
2.737255972402058771e-02 4.697534051664447458e-02
7.769778931396700838e-03 4.697534051664447458e-02
-1.183300186122718950e-02 4.697534051664447458e-02
-3.143578265385107290e-02 4.697534051664447458e-02
-5.103856344647495630e-02 4.697534051664447458e-02
-7.064134423909884664e-02 4.697534051664447458e-02
-9.024412503172271616e-02 4.697534051664447458e-02
-1.098469058243466134e-01 4.697534051664447458e-02
-1.294496866169705107e-01 4.697534051664447458e-02
-1.490524674095943802e-01 4.697534051664447458e-02
-1.686552482022182498e-01 4.697534051664447458e-02
-1.882580289948421748e-01 4.697534051664447458e-02
-2.078608097874660166e-01 4.697534051664447458e-02
-2.274635905800899138e-01 4.697534051664447458e-02
-2.470663713727138111e-01 4.697534051664447458e-02
-2.666691521653377084e-01 4.697534051664447458e-02
-2.862719329579616057e-01 4.697534051664447458e-02
-3.058747137505855029e-01 4.697534051664447458e-02
-3.254774945432093447e-01 4.697534051664447458e-02
-3.450802753358332420e-01 4.697534051664447458e-02
-3.646830561284570837e-01 4.697534051664447458e-02
-3.842858369210809810e-01 4.697534051664447458e-02
-4.038886177137049338e-01 4.697534051664447458e-02
-4.234913985063288311e-01 4.697534051664447458e-02
-4.430941792989526729e-01 4.697534051664447458e-02
-4.626969600915765146e-01 4.697534051664447458e-02
-4.822997408842004119e-01 4.697534051664447458e-02
-5.019025216768243647e-01 4.697534051664447458e-02
-5.215053024694482620e-01 4.697534051664447458e-02
-5.411080832620721592e-01 4.697534051664447458e-02
-5.607108640546960565e-01 4.697534051664447458e-02
-5.803136448473199538e-01 4.697534051664447458e-02
-5.999164256399438511e-01 4.697534051664447458e-02
-6.195192064325677483e-01 4.697534051664447458e-02
-6.391219872251915346e-01 4.697534051664447458e-02
-6.587247680178155429e-01 4.697534051664447458e-02
-6.783275488104393292e-01 4.697534051664447458e-02
-6.979303296030632264e-01 4.697534051664447458e-02
-7.175331103956872347e-01 4.697534051664447458e-02
-7.371358911883110210e-01 4.697534051664447458e-02
-7.567386719809349183e-01 4.697534051664447458e-02
-7.763414527735587045e-01 4.697534051664447458e-02
-7.959442335661827128e-01 4.697534051664447458e-02
-8.155470143588064991e-01 4.697534051664447458e-02
-8.351497951514303963e-01 4.697534051664447458e-02
-8.547525759440544046e-01 4.697534051664447458e-02
-8.743553567366781909e-01 4.697534051664447458e-02
-8.939581375293021992e-01 4.697534051664447458e-02
-9.135609183219259855e-01 4.697534051664447458e-02
-9.331636991145498827e-01 4.697534051664447458e-02
-9.331636991145498827e-01 3.717395012033252594e-02
-9.331636991145497717e-01 2.737255972402059118e-02
-9.331636991145497717e-01 1.757116932770865295e-02
-9.331636991145497717e-01 7.769778931396704308e-03
-9.331636991145498827e-01 -2.031611464915240861e-03
-9.331636991145498827e-01 -1.183300186122719297e-02
-9.331636991145498827e-01 -2.163439225753912426e-02
-9.331636991145498827e-01 -3.143578265385107290e-02
-9.331636991145498827e-01 -4.123717305016302154e-02
-9.331636991145498827e-01 -5.103856344647495630e-02
-9.331636991145498827e-01 -6.083995384278689106e-02
-9.331636991145498827e-01 -7.064134423909884664e-02
-9.331636991145498827e-01 -8.044273463541076752e-02
-9.331636991145498827e-01 -9.024412503172271616e-02
-9.331636991145498827e-01 -1.000455154280346648e-01
-9.331636991145498827e-01 -1.098469058243466134e-01
-9.331636991145498827e-01 -1.196482962206585621e-01
-9.331636991145498827e-01 -1.294496866169705107e-01
-9.331636991145498827e-01 -1.392510770132824316e-01
-9.331636991145498827e-01 -1.490524674095943802e-01
-9.331636991145498827e-01 -1.588538578059063289e-01
-9.331636991145498827e-01 -1.686552482022182498e-01
-9.331636991145498827e-01 -1.784566385985302261e-01
-9.331636991145498827e-01 -1.882580289948421748e-01
-9.331636991145498827e-01 -1.980594193911541234e-01
-9.331636991145498827e-01 -2.078608097874660166e-01
-9.331636991145499938e-01 -2.176622001837779652e-01
-9.331636991145498827e-01 -2.274635905800899138e-01
-9.331636991145498827e-01 -2.372649809764018625e-01
-9.331636991145498827e-01 -2.470663713727138111e-01
-9.331636991145498827e-01 -2.568677617690257597e-01
-9.331636991145497717e-01 -2.666691521653377084e-01
-9.331636991145498827e-01 -2.764705425616496570e-01
-9.331636991145497717e-01 -2.862719329579616057e-01
-9.331636991145498827e-01 -2.960733233542734433e-01
-9.331636991145497717e-01 -3.058747137505854474e-01
-9.331636991145497717e-01 -3.156761041468973961e-01
-9.331636991145498827e-01 -3.254774945432093447e-01
-9.331636991145498827e-01 -3.352788849395213489e-01
-9.331636991145498827e-01 -3.450802753358332420e-01
-9.331636991145497717e-01 -3.548816657321451906e-01
-9.331636991145498827e-01 -3.646830561284570837e-01
-9.331636991145497717e-01 -3.744844465247690879e-01
-9.331636991145497717e-01 -3.842858369210809255e-01
-9.331636991145498827e-01 -3.940872273173929297e-01
-9.331636991145498827e-01 -4.038886177137049338e-01
-9.331636991145498827e-01 -4.136900081100168269e-01
-9.331636991145498827e-01 -4.234913985063288311e-01
-9.331636991145498827e-01 -4.332927889026407242e-01
-9.331636991145497717e-01 -4.430941792989526173e-01
-9.331636991145498827e-01 -4.430941792989526173e-01
-9.331636991145498827e-01 -4.430941792989526173e-01
-9.331636991145498827e-01 -4.430941792989526173e-01
-9.331636991145497717e-01 -4.430941792989526173e-01
-9.331636991145499938e-01 -4.430941792989526173e-01
-9.331636991145498827e-01 -4.430941792989526729e-01
-9.331636991145498827e-01 -4.430941792989526173e-01
-9.331636991145497717e-01 -4.430941792989526173e-01
-9.331636991145499938e-01 -4.430941792989526173e-01
-9.331636991145498827e-01 -4.430941792989526173e-01
-9.331636991145498827e-01 -4.430941792989526173e-01
-9.331636991145497717e-01 -4.430941792989526173e-01
-9.331636991145497717e-01 -4.430941792989526173e-01
-9.331636991145498827e-01 -4.430941792989526173e-01
-9.331636991145498827e-01 -4.430941792989526173e-01
-9.331636991145498827e-01 -4.430941792989526173e-01
-9.331636991145499938e-01 -4.430941792989526173e-01
-9.331636991145499938e-01 -4.430941792989526173e-01
-9.331636991145498827e-01 -4.430941792989526173e-01
-9.331636991145498827e-01 -4.430941792989526173e-01
-9.331636991145497717e-01 -4.430941792989526173e-01
-9.331636991145499938e-01 -4.430941792989526173e-01
-9.331636991145499938e-01 -4.430941792989526173e-01
-9.331636991145498827e-01 -4.430941792989526173e-01
-9.331636991145499938e-01 -4.430941792989526173e-01
-9.331636991145498827e-01 -4.430941792989526173e-01
-9.331636991145497717e-01 -4.430941792989526173e-01
-9.331636991145497717e-01 -4.430941792989526173e-01
-9.331636991145498827e-01 -4.430941792989526173e-01
-9.331636991145499938e-01 -4.430941792989526173e-01
-9.331636991145497717e-01 -4.430941792989526173e-01
-9.331636991145498827e-01 -4.430941792989526173e-01
-9.331636991145499938e-01 -4.430941792989526173e-01
-9.331636991145498827e-01 -4.430941792989526173e-01
-9.331636991145495497e-01 -4.430941792989526173e-01
-9.331636991145497717e-01 -4.430941792989526173e-01
-9.331636991145498827e-01 -4.430941792989526173e-01
-9.331636991145499938e-01 -4.430941792989526173e-01
-9.331636991145497717e-01 -4.430941792989526173e-01
-9.331636991145499938e-01 -4.430941792989526173e-01
-9.331636991145497717e-01 -4.430941792989526173e-01
-9.331636991145497717e-01 -4.430941792989526173e-01
-9.331636991145499938e-01 -4.430941792989526173e-01
-9.331636991145498827e-01 -4.430941792989526173e-01
-9.331636991145499938e-01 -4.430941792989526173e-01
-9.331636991145497717e-01 -4.430941792989526173e-01
-9.331636991145498827e-01 -4.430941792989526173e-01
-9.331636991145499938e-01 -4.430941792989526173e-01
-9.331636991145497717e-01 -4.430941792989526173e-01
-9.331636991145498827e-01 -4.430941792989526729e-01
-9.331636991145497717e-01 -4.528955696952645660e-01
-9.331636991145497717e-01 -4.626969600915765701e-01
-9.331636991145499938e-01 -4.724983504878885743e-01
-9.331636991145496607e-01 -4.822997408842004674e-01
-9.331636991145498827e-01 -4.921011312805124160e-01
-9.331636991145497717e-01 -5.019025216768242537e-01
-9.331636991145497717e-01 -5.117039120731362578e-01
-9.331636991145499938e-01 -5.215053024694482620e-01
-9.331636991145497717e-01 -5.313066928657600441e-01
-9.331636991145498827e-01 -5.411080832620720482e-01
-9.331636991145497717e-01 -5.509094736583839413e-01
-9.331636991145497717e-01 -5.607108640546960565e-01
-9.331636991145499938e-01 -5.705122544510079496e-01
-9.331636991145499938e-01 -5.803136448473200648e-01
-9.331636991145498827e-01 -5.901150352436317359e-01
-9.331636991145499938e-01 -5.999164256399438511e-01
-9.331636991145497717e-01 -6.097178160362556332e-01
-9.331636991145498827e-01 -6.195192064325676373e-01
-9.331636991145499938e-01 -6.293205968288797525e-01
-9.331636991145498827e-01 -6.391219872251915346e-01
-9.331636991145496607e-01 -6.489233776215033167e-01
-9.331636991145497717e-01 -6.587247680178153209e-01
-9.331636991145498827e-01 -6.685261584141273250e-01
-9.331636991145499938e-01 -6.783275488104394402e-01
-9.331636991145497717e-01 -6.881289392067512223e-01
-9.331636991145499938e-01 -6.979303296030632264e-01
-9.331636991145497717e-01 -7.077317199993750085e-01
-9.331636991145498827e-01 -7.175331103956870127e-01
-9.331636991145499938e-01 -7.273345007919990168e-01
-9.331636991145497717e-01 -7.371358911883109100e-01
-9.331636991145496607e-01 -7.469372815846228031e-01
-9.331636991145497717e-01 -7.567386719809346962e-01
-9.331636991145498827e-01 -7.665400623772468114e-01
-9.331636991145499938e-01 -7.763414527735588155e-01
-9.331636991145497717e-01 -7.861428431698705976e-01
-9.331636991145498827e-01 -7.959442335661826018e-01
-9.331636991145497717e-01 -8.057456239624943839e-01
-9.331636991145498827e-01 -8.155470143588064991e-01
-9.331636991145498827e-01 -8.253484047551185032e-01
-9.331636991145499938e-01 -8.351497951514302853e-01
-9.331636991145498827e-01 -8.449511855477422895e-01
-9.331636991145497717e-01 -8.547525759440540716e-01
-9.331636991145497717e-01 -8.645539663403661867e-01
-9.331636991145499938e-01 -8.743553567366781909e-01
-9.331636991145499938e-01 -8.841567471329900840e-01
-9.331636991145498827e-01 -8.939581375293020882e-01
-9.331636991145497717e-01 -9.037595279256137593e-01
-9.331636991145497717e-01 -9.135609183219257634e-01
-9.331636991145498827e-01 -9.233623087182378786e-01
-9.331636991145499938e-01 -9.331636991145497717e-01
-9.331636991145498827e-01 -9.331636991145497717e-01
-9.331636991145499938e-01 -9.331636991145499938e-01
-9.331636991145498827e-01 -9.331636991145497717e-01
-9.331636991145499938e-01 -9.331636991145497717e-01
-9.331636991145498827e-01 -9.331636991145497717e-01
-9.331636991145498827e-01 -9.331636991145497717e-01
-9.331636991145499938e-01 -9.331636991145498827e-01
-9.331636991145498827e-01 -9.331636991145497717e-01
-9.331636991145498827e-01 -9.331636991145497717e-01
-9.331636991145498827e-01 -9.331636991145497717e-01
-9.331636991145498827e-01 -9.331636991145497717e-01
-9.331636991145498827e-01 -9.331636991145497717e-01
-9.331636991145498827e-01 -9.331636991145497717e-01
-9.331636991145498827e-01 -9.331636991145497717e-01
-9.331636991145498827e-01 -9.331636991145497717e-01
-9.331636991145498827e-01 -9.331636991145497717e-01
-9.331636991145498827e-01 -9.331636991145497717e-01
-9.331636991145498827e-01 -9.331636991145497717e-01
-9.331636991145498827e-01 -9.331636991145497717e-01
-9.331636991145498827e-01 -9.331636991145497717e-01
-9.331636991145499938e-01 -9.331636991145496607e-01
-9.331636991145498827e-01 -9.331636991145497717e-01
-9.331636991145499938e-01 -9.331636991145497717e-01
-9.331636991145498827e-01 -9.331636991145497717e-01
-9.331636991145498827e-01 -9.331636991145497717e-01
-9.331636991145498827e-01 -9.331636991145497717e-01
-9.331636991145499938e-01 -9.331636991145494386e-01
-9.331636991145498827e-01 -9.331636991145497717e-01
-9.331636991145498827e-01 -9.331636991145497717e-01
-9.331636991145498827e-01 -9.331636991145497717e-01
-9.331636991145499938e-01 -9.331636991145495497e-01
-9.331636991145498827e-01 -9.331636991145497717e-01
-9.331636991145498827e-01 -9.331636991145497717e-01
-9.331636991145498827e-01 -9.331636991145497717e-01
-9.331636991145498827e-01 -9.331636991145497717e-01
-9.331636991145498827e-01 -9.331636991145497717e-01
-9.331636991145499938e-01 -9.331636991145497717e-01
-9.331636991145498827e-01 -9.331636991145497717e-01
-9.331636991145498827e-01 -9.331636991145497717e-01
-9.331636991145498827e-01 -9.331636991145497717e-01
-9.331636991145498827e-01 -9.331636991145497717e-01
-9.331636991145499938e-01 -9.331636991145497717e-01
-9.331636991145499938e-01 -9.331636991145497717e-01
-9.331636991145498827e-01 -9.331636991145497717e-01
-9.331636991145498827e-01 -9.331636991145497717e-01
-9.331636991145498827e-01 -9.331636991145497717e-01
-9.331636991145498827e-01 -9.331636991145497717e-01
-9.331636991145498827e-01 -9.331636991145497717e-01
-9.331636991145498827e-01 -9.331636991145497717e-01
-9.331636991145498827e-01 -9.331636991145497717e-01
-9.331636991145498827e-01 -9.331636991145497717e-01
-9.331636991145499938e-01 -9.331636991145497717e-01
-9.331636991145499938e-01 -9.331636991145499938e-01
-9.331636991145499938e-01 -9.331636991145497717e-01
-9.331636991145498827e-01 -9.331636991145497717e-01
-9.331636991145498827e-01 -9.331636991145497717e-01
-9.331636991145499938e-01 -9.331636991145499938e-01
-9.331636991145499938e-01 -9.331636991145497717e-01
-9.331636991145499938e-01 -9.331636991145498827e-01
-9.331636991145499938e-01 -9.331636991145497717e-01
-9.331636991145499938e-01 -9.331636991145497717e-01
-9.331636991145499938e-01 -9.331636991145497717e-01
-9.331636991145498827e-01 -9.331636991145497717e-01
-9.331636991145498827e-01 -9.331636991145497717e-01
-9.331636991145498827e-01 -9.331636991145497717e-01
-9.331636991145498827e-01 -9.331636991145497717e-01
-9.331636991145498827e-01 -9.331636991145497717e-01
-9.331636991145498827e-01 -9.331636991145497717e-01
-9.331636991145499938e-01 -9.331636991145497717e-01
-9.331636991145499938e-01 -9.331636991145498827e-01
-9.331636991145498827e-01 -9.331636991145497717e-01
-9.331636991145498827e-01 -9.331636991145497717e-01
-9.331636991145499938e-01 -9.331636991145497717e-01
-9.331636991145499938e-01 -9.331636991145497717e-01
-9.331636991145498827e-01 -9.331636991145497717e-01
-9.331636991145499938e-01 -9.331636991145497717e-01
-9.331636991145499938e-01 -9.331636991145499938e-01
-9.331636991145498827e-01 -9.331636991145497717e-01
-9.331636991145498827e-01 -9.331636991145497717e-01
-9.331636991145498827e-01 -9.331636991145497717e-01
-9.331636991145498827e-01 -9.331636991145497717e-01
-9.331636991145499938e-01 -9.331636991145499938e-01
-9.331636991145498827e-01 -9.331636991145497717e-01
-9.331636991145499938e-01 -9.331636991145497717e-01
-9.331636991145499938e-01 -9.331636991145497717e-01
-9.331636991145499938e-01 -9.331636991145499938e-01
-9.331636991145499938e-01 -9.331636991145499938e-01
-9.331636991145498827e-01 -9.331636991145497717e-01
-9.331636991145498827e-01 -9.331636991145497717e-01
-9.331636991145498827e-01 -9.331636991145497717e-01
-9.331636991145499938e-01 -9.331636991145497717e-01
-9.331636991145499938e-01 -9.331636991145497717e-01
-9.331636991145499938e-01 -9.331636991145497717e-01
-9.331636991145499938e-01 -9.331636991145497717e-01
-9.331636991145498827e-01 -9.331636991145497717e-01
-9.331636991145498827e-01 -9.331636991145497717e-01
-9.331636991145498827e-01 -9.331636991145497717e-01
-9.331636991145498827e-01 -9.331636991145497717e-01
-9.331636991145498827e-01 -9.331636991145497717e-01
-9.331636991145499938e-01 -9.331636991145499938e-01
-9.331636991145499938e-01 -9.331636991145499938e-01
-9.331636991145499938e-01 -9.331636991145499938e-01
-9.331636991145499938e-01 -9.331636991145499938e-01
-9.331636991145499938e-01 -9.331636991145499938e-01
-9.331636991145499938e-01 -9.331636991145499938e-01
-9.331636991145499938e-01 -9.331636991145499938e-01
-9.331636991145499938e-01 -9.331636991145499938e-01
-9.331636991145499938e-01 -9.331636991145499938e-01
-9.331636991145499938e-01 -9.331636991145499938e-01
-9.331636991145499938e-01 -9.331636991145499938e-01
-9.331636991145499938e-01 -9.331636991145499938e-01
-9.331636991145499938e-01 -9.331636991145499938e-01
-9.331636991145499938e-01 -9.331636991145499938e-01
-9.331636991145499938e-01 -9.331636991145499938e-01
-9.331636991145499938e-01 -9.331636991145499938e-01
-9.331636991145499938e-01 -9.331636991145499938e-01
-9.331636991145499938e-01 -9.331636991145499938e-01
-9.331636991145499938e-01 -9.331636991145499938e-01
-9.331636991145499938e-01 -9.331636991145499938e-01
-9.331636991145499938e-01 -9.331636991145499938e-01
-9.331636991145499938e-01 -9.331636991145499938e-01
-9.331636991145499938e-01 -9.331636991145499938e-01
-9.331636991145499938e-01 -9.331636991145499938e-01
-9.331636991145499938e-01 -9.331636991145499938e-01
-9.331636991145499938e-01 -9.331636991145499938e-01
-9.331636991145499938e-01 -9.331636991145499938e-01
-9.331636991145499938e-01 -9.331636991145499938e-01
-9.331636991145499938e-01 -9.331636991145499938e-01
-9.331636991145499938e-01 -9.331636991145499938e-01
-9.331636991145499938e-01 -9.331636991145499938e-01
-9.331636991145499938e-01 -9.331636991145499938e-01
-9.331636991145499938e-01 -9.331636991145499938e-01
-9.331636991145499938e-01 -9.331636991145499938e-01
-9.331636991145499938e-01 -9.331636991145499938e-01
-9.331636991145499938e-01 -9.331636991145499938e-01
-9.331636991145499938e-01 -9.331636991145499938e-01
-9.331636991145499938e-01 -9.331636991145499938e-01
-9.331636991145499938e-01 -9.331636991145499938e-01
-9.331636991145499938e-01 -9.331636991145499938e-01
-9.331636991145499938e-01 -9.331636991145499938e-01
-9.331636991145499938e-01 -9.331636991145499938e-01
-9.331636991145499938e-01 -9.331636991145499938e-01
-9.331636991145499938e-01 -9.331636991145499938e-01
-9.331636991145499938e-01 -9.331636991145499938e-01
-9.331636991145499938e-01 -9.331636991145499938e-01
-9.331636991145499938e-01 -9.331636991145499938e-01
-9.331636991145499938e-01 -9.331636991145499938e-01
-9.331636991145499938e-01 -9.331636991145499938e-01
-9.331636991145499938e-01 -9.331636991145499938e-01
-9.331636991145499938e-01 -9.331636991145499938e-01
-9.331636991145499938e-01 -9.331636991145499938e-01
-9.331636991145499938e-01 -9.331636991145499938e-01
-9.331636991145499938e-01 -9.331636991145499938e-01
-9.331636991145499938e-01 -9.331636991145499938e-01
-9.331636991145499938e-01 -9.331636991145499938e-01
-9.331636991145499938e-01 -9.331636991145499938e-01
-9.331636991145499938e-01 -9.331636991145499938e-01
-9.331636991145499938e-01 -9.331636991145499938e-01
-9.331636991145499938e-01 -9.331636991145499938e-01
-9.331636991145499938e-01 -9.331636991145499938e-01
-9.331636991145499938e-01 -9.331636991145499938e-01
-9.331636991145499938e-01 -9.331636991145499938e-01
-9.331636991145499938e-01 -9.331636991145499938e-01
-9.331636991145499938e-01 -9.331636991145499938e-01
-9.331636991145499938e-01 -9.331636991145499938e-01
-9.331636991145499938e-01 -9.331636991145499938e-01
-9.331636991145499938e-01 -9.331636991145499938e-01
-9.331636991145499938e-01 -9.331636991145499938e-01
-9.331636991145499938e-01 -9.331636991145499938e-01
-9.331636991145499938e-01 -9.331636991145499938e-01
-9.331636991145499938e-01 -9.331636991145499938e-01
-9.331636991145499938e-01 -9.331636991145499938e-01
-9.331636991145499938e-01 -9.331636991145499938e-01
-9.331636991145499938e-01 -9.331636991145499938e-01
-9.331636991145499938e-01 -9.331636991145499938e-01
-9.331636991145499938e-01 -9.331636991145499938e-01
-9.331636991145499938e-01 -9.331636991145499938e-01
-9.331636991145499938e-01 -9.331636991145499938e-01
-9.331636991145499938e-01 -9.331636991145499938e-01
-9.331636991145499938e-01 -9.331636991145499938e-01
-9.331636991145499938e-01 -9.331636991145499938e-01
-9.331636991145499938e-01 -9.331636991145499938e-01
-9.331636991145499938e-01 -9.331636991145499938e-01
-9.331636991145499938e-01 -9.331636991145499938e-01
-9.331636991145499938e-01 -9.331636991145499938e-01
-9.331636991145499938e-01 -9.331636991145499938e-01
-9.331636991145499938e-01 -9.331636991145499938e-01
-9.331636991145499938e-01 -9.331636991145499938e-01
-9.331636991145499938e-01 -9.331636991145499938e-01
-9.331636991145499938e-01 -9.331636991145499938e-01
-9.331636991145499938e-01 -9.331636991145499938e-01
-9.331636991145499938e-01 -9.331636991145499938e-01
-9.331636991145499938e-01 -9.331636991145499938e-01
-9.331636991145499938e-01 -9.331636991145499938e-01
-9.331636991145499938e-01 -9.331636991145499938e-01
-9.331636991145499938e-01 -9.331636991145499938e-01
-9.331636991145499938e-01 -9.331636991145499938e-01
-9.331636991145499938e-01 -9.331636991145499938e-01
-9.331636991145499938e-01 -9.331636991145499938e-01
-9.331636991145499938e-01 -9.331636991145499938e-01
-9.331636991145499938e-01 -9.331636991145497717e-01
-9.331636991145501048e-01 -9.331636991145499938e-01
-9.331636991145499938e-01 -9.331636991145497717e-01
-9.331636991145499938e-01 -9.331636991145499938e-01
-9.331636991145501048e-01 -9.331636991145497717e-01
-9.331636991145499938e-01 -9.331636991145499938e-01
-9.331636991145499938e-01 -9.331636991145497717e-01
-9.331636991145499938e-01 -9.331636991145498827e-01
-9.331636991145504378e-01 -9.331636991145499938e-01
-9.331636991145499938e-01 -9.331636991145499938e-01
-9.331636991145501048e-01 -9.331636991145499938e-01
-9.331636991145499938e-01 -9.331636991145498827e-01
-9.331636991145499938e-01 -9.331636991145499938e-01
-9.331636991145499938e-01 -9.331636991145498827e-01
-9.331636991145499938e-01 -9.331636991145499938e-01
-9.331636991145499938e-01 -9.331636991145499938e-01
-9.331636991145499938e-01 -9.331636991145497717e-01
-9.331636991145499938e-01 -9.331636991145499938e-01
-9.331636991145499938e-01 -9.331636991145499938e-01
-9.331636991145499938e-01 -9.331636991145499938e-01
-9.331636991145499938e-01 -9.331636991145498827e-01
-9.331636991145499938e-01 -9.331636991145498827e-01
-9.331636991145499938e-01 -9.331636991145498827e-01
-9.331636991145501048e-01 -9.331636991145499938e-01
-9.331636991145499938e-01 -9.331636991145499938e-01
-9.331636991145499938e-01 -9.331636991145497717e-01
-9.331636991145499938e-01 -9.331636991145498827e-01
-9.331636991145499938e-01 -9.331636991145498827e-01
-9.331636991145499938e-01 -9.331636991145497717e-01
-9.331636991145502158e-01 -9.331636991145499938e-01
-9.331636991145499938e-01 -9.331636991145497717e-01
-9.331636991145499938e-01 -9.331636991145498827e-01
-9.331636991145499938e-01 -9.331636991145498827e-01
-9.331636991145499938e-01 -9.331636991145497717e-01
-9.331636991145499938e-01 -9.331636991145497717e-01
-9.331636991145499938e-01 -9.331636991145499938e-01
-9.331636991145502158e-01 -9.331636991145501048e-01
-9.331636991145499938e-01 -9.331636991145499938e-01
-9.331636991145499938e-01 -9.331636991145499938e-01
-9.331636991145498827e-01 -9.331636991145498827e-01
-9.331636991145499938e-01 -9.331636991145498827e-01
-9.331636991145499938e-01 -9.331636991145499938e-01
-9.331636991145501048e-01 -9.331636991145497717e-01
-9.331636991145499938e-01 -9.331636991145499938e-01
-9.331636991145499938e-01 -9.331636991145499938e-01
-9.331636991145499938e-01 -9.331636991145498827e-01
-9.331636991145499938e-01 -9.331636991145498827e-01
-9.331636991145499938e-01 -9.331636991145497717e-01
-9.331636991145502158e-01 -9.331636991145501048e-01
-9.331636991145501048e-01 -9.331636991145497717e-01
-9.331636991145501048e-01 -9.331636991145497717e-01
-9.331636991145501048e-01 -9.331636991145497717e-01
-9.331636991145501048e-01 -9.331636991145497717e-01
-9.331636991145501048e-01 -9.331636991145497717e-01
-9.331636991145501048e-01 -9.331636991145497717e-01
-9.331636991145501048e-01 -9.331636991145497717e-01
-9.331636991145501048e-01 -9.331636991145497717e-01
-9.331636991145501048e-01 -9.331636991145497717e-01
-9.331636991145501048e-01 -9.331636991145497717e-01
-9.331636991145501048e-01 -9.331636991145497717e-01
-9.331636991145501048e-01 -9.331636991145497717e-01
-9.331636991145501048e-01 -9.331636991145497717e-01
-9.331636991145501048e-01 -9.331636991145497717e-01
-9.331636991145501048e-01 -9.331636991145497717e-01
-9.331636991145501048e-01 -9.331636991145497717e-01
-9.331636991145501048e-01 -9.331636991145497717e-01
-9.331636991145501048e-01 -9.331636991145497717e-01
-9.331636991145501048e-01 -9.331636991145497717e-01
-9.331636991145501048e-01 -9.331636991145497717e-01
-9.331636991145501048e-01 -9.331636991145497717e-01
-9.331636991145501048e-01 -9.331636991145497717e-01
-9.331636991145501048e-01 -9.331636991145497717e-01
-9.331636991145501048e-01 -9.331636991145497717e-01
-9.331636991145501048e-01 -9.331636991145497717e-01
-9.331636991145501048e-01 -9.331636991145497717e-01
-9.331636991145501048e-01 -9.331636991145497717e-01
-9.331636991145501048e-01 -9.331636991145497717e-01
-9.331636991145501048e-01 -9.331636991145497717e-01
-9.331636991145501048e-01 -9.331636991145497717e-01
-9.331636991145501048e-01 -9.331636991145497717e-01
-9.331636991145501048e-01 -9.331636991145497717e-01
-9.331636991145501048e-01 -9.331636991145497717e-01
-9.331636991145501048e-01 -9.331636991145497717e-01
-9.331636991145501048e-01 -9.331636991145497717e-01
-9.331636991145501048e-01 -9.331636991145497717e-01
-9.331636991145501048e-01 -9.331636991145497717e-01
-9.331636991145501048e-01 -9.331636991145497717e-01
-9.331636991145501048e-01 -9.331636991145497717e-01
-9.331636991145501048e-01 -9.331636991145497717e-01
-9.331636991145501048e-01 -9.331636991145497717e-01
-9.331636991145501048e-01 -9.331636991145497717e-01
-9.331636991145501048e-01 -9.331636991145497717e-01
-9.331636991145501048e-01 -9.331636991145497717e-01
-9.331636991145501048e-01 -9.331636991145497717e-01
-9.331636991145501048e-01 -9.331636991145497717e-01
-9.331636991145501048e-01 -9.331636991145497717e-01
-9.331636991145501048e-01 -9.331636991145497717e-01
-9.331636991145501048e-01 -9.331636991145497717e-01
-9.331636991145501048e-01 -9.331636991145497717e-01
-9.331636991145501048e-01 -9.331636991145497717e-01
-9.331636991145501048e-01 -9.331636991145497717e-01
-9.331636991145501048e-01 -9.331636991145497717e-01
-9.331636991145501048e-01 -9.331636991145497717e-01
-9.331636991145501048e-01 -9.331636991145497717e-01
-9.331636991145501048e-01 -9.331636991145497717e-01
-9.331636991145501048e-01 -9.331636991145497717e-01
-9.331636991145501048e-01 -9.331636991145497717e-01
-9.331636991145501048e-01 -9.331636991145497717e-01
-9.331636991145501048e-01 -9.331636991145497717e-01
-9.331636991145501048e-01 -9.331636991145497717e-01
-9.331636991145501048e-01 -9.331636991145497717e-01
-9.331636991145501048e-01 -9.331636991145497717e-01
-9.331636991145501048e-01 -9.331636991145497717e-01
-9.331636991145501048e-01 -9.331636991145497717e-01
-9.331636991145501048e-01 -9.331636991145497717e-01
-9.331636991145501048e-01 -9.331636991145497717e-01
-9.331636991145501048e-01 -9.331636991145497717e-01
-9.331636991145501048e-01 -9.331636991145497717e-01
-9.331636991145501048e-01 -9.331636991145497717e-01
-9.331636991145501048e-01 -9.331636991145497717e-01
-9.331636991145501048e-01 -9.331636991145497717e-01
-9.331636991145501048e-01 -9.331636991145497717e-01
-9.331636991145501048e-01 -9.331636991145497717e-01
-9.331636991145501048e-01 -9.331636991145497717e-01
-9.331636991145501048e-01 -9.331636991145497717e-01
-9.331636991145501048e-01 -9.331636991145497717e-01
-9.331636991145501048e-01 -9.331636991145497717e-01
-9.331636991145501048e-01 -9.331636991145497717e-01
-9.331636991145501048e-01 -9.331636991145497717e-01
-9.331636991145501048e-01 -9.331636991145497717e-01
-9.331636991145501048e-01 -9.331636991145497717e-01
-9.331636991145501048e-01 -9.331636991145497717e-01
-9.331636991145501048e-01 -9.331636991145497717e-01
-9.331636991145501048e-01 -9.331636991145497717e-01
-9.331636991145501048e-01 -9.331636991145497717e-01
-9.331636991145501048e-01 -9.331636991145497717e-01
-9.331636991145501048e-01 -9.331636991145497717e-01
-9.331636991145501048e-01 -9.331636991145497717e-01
-9.331636991145501048e-01 -9.331636991145497717e-01
-9.331636991145501048e-01 -9.331636991145497717e-01
-9.331636991145501048e-01 -9.331636991145497717e-01
-9.331636991145501048e-01 -9.331636991145497717e-01
-9.331636991145501048e-01 -9.331636991145497717e-01
-9.331636991145501048e-01 -9.331636991145497717e-01
-9.331636991145501048e-01 -9.331636991145497717e-01
-9.331636991145501048e-01 -9.331636991145497717e-01
-9.331636991145501048e-01 -9.331636991145497717e-01
-9.331636991145501048e-01 -9.331636991145497717e-01
-9.331636991145501048e-01 -9.331636991145497717e-01
-9.331636991145501048e-01 -9.331636991145497717e-01
-9.331636991145498827e-01 -9.331636991145497717e-01
-9.331636991145498827e-01 -9.331636991145497717e-01
-9.331636991145498827e-01 -9.331636991145498827e-01
-9.331636991145501048e-01 -9.331636991145498827e-01
-9.331636991145497717e-01 -9.331636991145497717e-01
-9.331636991145501048e-01 -9.331636991145497717e-01
-9.331636991145498827e-01 -9.331636991145498827e-01
-9.331636991145498827e-01 -9.331636991145498827e-01
-9.331636991145498827e-01 -9.331636991145497717e-01
-9.331636991145501048e-01 -9.331636991145498827e-01
-9.331636991145499938e-01 -9.331636991145497717e-01
-9.331636991145498827e-01 -9.331636991145497717e-01
-9.331636991145501048e-01 -9.331636991145497717e-01
-9.331636991145498827e-01 -9.331636991145497717e-01
-9.331636991145498827e-01 -9.331636991145497717e-01
-9.331636991145498827e-01 -9.331636991145498827e-01
-9.331636991145498827e-01 -9.331636991145497717e-01
-9.331636991145498827e-01 -9.331636991145497717e-01
-9.331636991145498827e-01 -9.331636991145497717e-01
-9.331636991145501048e-01 -9.331636991145498827e-01
-9.331636991145498827e-01 -9.331636991145498827e-01
-9.331636991145499938e-01 -9.331636991145498827e-01
-9.331636991145498827e-01 -9.331636991145497717e-01
-9.331636991145498827e-01 -9.331636991145498827e-01
-9.331636991145498827e-01 -9.331636991145497717e-01
-9.331636991145498827e-01 -9.331636991145497717e-01
-9.331636991145498827e-01 -9.331636991145498827e-01
-9.331636991145498827e-01 -9.331636991145497717e-01
-9.331636991145498827e-01 -9.331636991145497717e-01
-9.331636991145498827e-01 -9.331636991145498827e-01
-9.331636991145498827e-01 -9.331636991145497717e-01
-9.331636991145498827e-01 -9.331636991145497717e-01
-9.331636991145498827e-01 -9.331636991145498827e-01
-9.331636991145498827e-01 -9.331636991145497717e-01
-9.331636991145499938e-01 -9.331636991145498827e-01
-9.331636991145501048e-01 -9.331636991145498827e-01
-9.331636991145497717e-01 -9.331636991145497717e-01
-9.331636991145501048e-01 -9.331636991145498827e-01
-9.331636991145501048e-01 -9.331636991145498827e-01
-9.331636991145498827e-01 -9.331636991145498827e-01
-9.331636991145498827e-01 -9.331636991145497717e-01
-9.331636991145501048e-01 -9.331636991145498827e-01
-9.331636991145498827e-01 -9.331636991145498827e-01
-9.331636991145498827e-01 -9.331636991145497717e-01
-9.331636991145501048e-01 -9.331636991145497717e-01
-9.331636991145498827e-01 -9.331636991145498827e-01
-9.331636991145498827e-01 -9.331636991145498827e-01
-9.331636991145498827e-01 -9.331636991145497717e-01
-9.331636991145498827e-01 -9.331636991145498827e-01
-9.331636991145498827e-01 -9.331636991145498827e-01
-9.331636991145501048e-01 -9.331636991145497717e-01
-9.331636991145501048e-01 -9.331636991145497717e-01
-9.331636991145498827e-01 -9.331636991145498827e-01
-9.331636991145501048e-01 -9.331636991145498827e-01
-9.331636991145499938e-01 -9.331636991145498827e-01
-9.331636991145498827e-01 -9.331636991145498827e-01
-9.331636991145498827e-01 -9.331636991145498827e-01
-9.331636991145501048e-01 -9.331636991145499938e-01
-9.331636991145498827e-01 -9.331636991145498827e-01
-9.331636991145498827e-01 -9.331636991145498827e-01
-9.331636991145498827e-01 -9.331636991145498827e-01
-9.331636991145498827e-01 -9.331636991145498827e-01
-9.331636991145498827e-01 -9.331636991145498827e-01
-9.331636991145497717e-01 -9.331636991145497717e-01
-9.331636991145501048e-01 -9.331636991145497717e-01
-9.331636991145498827e-01 -9.331636991145498827e-01
-9.331636991145498827e-01 -9.331636991145497717e-01
-9.331636991145498827e-01 -9.331636991145498827e-01
-9.331636991145498827e-01 -9.331636991145498827e-01
-9.331636991145502158e-01 -9.331636991145502158e-01
-9.331636991145502158e-01 -9.331636991145499938e-01
-9.331636991145498827e-01 -9.331636991145498827e-01
-9.331636991145498827e-01 -9.331636991145498827e-01
-9.331636991145498827e-01 -9.331636991145497717e-01
-9.331636991145498827e-01 -9.331636991145498827e-01
-9.331636991145498827e-01 -9.331636991145498827e-01
-9.331636991145498827e-01 -9.331636991145497717e-01
-9.331636991145498827e-01 -9.331636991145498827e-01
-9.331636991145498827e-01 -9.331636991145498827e-01
-9.331636991145498827e-01 -9.331636991145497717e-01
-9.331636991145498827e-01 -9.331636991145497717e-01
-9.331636991145498827e-01 -9.331636991145497717e-01
-9.331636991145501048e-01 -9.331636991145497717e-01
-9.331636991145501048e-01 -9.331636991145499938e-01
-9.331636991145498827e-01 -9.331636991145498827e-01
-9.331636991145498827e-01 -9.331636991145497717e-01
-9.331636991145498827e-01 -9.331636991145498827e-01
-9.331636991145498827e-01 -9.331636991145498827e-01
-9.331636991145498827e-01 -9.331636991145497717e-01
-9.331636991145501048e-01 -9.331636991145499938e-01
-9.331636991145498827e-01 -9.331636991145498827e-01
-9.331636991145498827e-01 -9.331636991145498827e-01
-9.331636991145498827e-01 -9.331636991145498827e-01
-9.331636991145498827e-01 -9.331636991145498827e-01
-9.331636991145498827e-01 -9.331636991145498827e-01
-9.331636991145501048e-01 -9.331636991145497717e-01
-9.331636991145501048e-01 -9.331636991145497717e-01
-9.331636991145498827e-01 -9.331636991145498827e-01
-9.331636991145498827e-01 -9.331636991145498827e-01
-9.331636991145498827e-01 -9.331636991145497717e-01
-9.331636991145499938e-01 -9.331636991145497717e-01
-9.331636991145499938e-01 -9.331636991145497717e-01
-9.331636991145498827e-01 -9.331636991145497717e-01
-9.331636991145499938e-01 -9.331636991145497717e-01
-9.331636991145497717e-01 -9.331636991145497717e-01
-9.331636991145498827e-01 -9.331636991145497717e-01
-9.331636991145498827e-01 -9.331636991145497717e-01
-9.331636991145499938e-01 -9.331636991145497717e-01
-9.331636991145502158e-01 -9.331636991145497717e-01
-9.331636991145497717e-01 -9.331636991145497717e-01
-9.331636991145499938e-01 -9.331636991145497717e-01
-9.331636991145498827e-01 -9.331636991145498827e-01
-9.331636991145499938e-01 -9.331636991145498827e-01
-9.331636991145498827e-01 -9.331636991145497717e-01
-9.331636991145499938e-01 -9.331636991145497717e-01
-9.331636991145498827e-01 -9.331636991145497717e-01
-9.331636991145497717e-01 -9.331636991145497717e-01
-9.331636991145497717e-01 -9.331636991145497717e-01
-9.331636991145498827e-01 -9.331636991145497717e-01
-9.331636991145499938e-01 -9.331636991145497717e-01
-9.331636991145499938e-01 -9.331636991145497717e-01
-9.331636991145499938e-01 -9.331636991145499938e-01
-9.331636991145499938e-01 -9.331636991145497717e-01
-9.331636991145497717e-01 -9.331636991145497717e-01
-9.331636991145498827e-01 -9.331636991145497717e-01
-9.331636991145498827e-01 -9.331636991145498827e-01
-9.331636991145498827e-01 -9.331636991145497717e-01
-9.331636991145502158e-01 -9.331636991145497717e-01
-9.331636991145498827e-01 -9.331636991145498827e-01
-9.331636991145497717e-01 -9.331636991145497717e-01
-9.331636991145497717e-01 -9.331636991145497717e-01
-9.331636991145497717e-01 -9.331636991145496607e-01
-9.331636991145499938e-01 -9.331636991145497717e-01
-9.331636991145499938e-01 -9.331636991145497717e-01
-9.331636991145498827e-01 -9.331636991145497717e-01
-9.331636991145497717e-01 -9.331636991145497717e-01
-9.331636991145497717e-01 -9.331636991145497717e-01
-9.331636991145498827e-01 -9.331636991145498827e-01
-9.331636991145498827e-01 -9.331636991145497717e-01
-9.331636991145499938e-01 -9.331636991145497717e-01
-9.331636991145499938e-01 -9.331636991145498827e-01
-9.331636991145499938e-01 -9.331636991145498827e-01
-9.331636991145497717e-01 -9.331636991145497717e-01
-9.331636991145498827e-01 -9.331636991145497717e-01
-9.331636991145498827e-01 -9.331636991145497717e-01
-9.331636991145499938e-01 -9.331636991145497717e-01
-9.331636991145499938e-01 -9.331636991145497717e-01
-9.331636991145499938e-01 -9.331636991145497717e-01
-9.331636991145497717e-01 -9.331636991145497717e-01
-9.331636991145497717e-01 -9.331636991145497717e-01
-9.331636991145497717e-01 -9.331636991145497717e-01
-9.331636991145497717e-01 -9.331636991145497717e-01
-9.331636991145497717e-01 -9.331636991145497717e-01
-9.331636991145497717e-01 -9.331636991145497717e-01
-9.331636991145497717e-01 -9.331636991145497717e-01
-9.331636991145497717e-01 -9.331636991145497717e-01
-9.331636991145497717e-01 -9.331636991145497717e-01
-9.331636991145497717e-01 -9.331636991145497717e-01
-9.331636991145497717e-01 -9.331636991145497717e-01
-9.331636991145497717e-01 -9.331636991145497717e-01
-9.331636991145497717e-01 -9.331636991145497717e-01
-9.331636991145497717e-01 -9.331636991145497717e-01
-9.331636991145497717e-01 -9.331636991145497717e-01
-9.331636991145497717e-01 -9.331636991145497717e-01
-9.331636991145497717e-01 -9.331636991145497717e-01
-9.331636991145497717e-01 -9.331636991145497717e-01
-9.331636991145497717e-01 -9.331636991145497717e-01
-9.331636991145497717e-01 -9.331636991145497717e-01
-9.331636991145497717e-01 -9.331636991145497717e-01
-9.331636991145497717e-01 -9.331636991145497717e-01
-9.331636991145497717e-01 -9.331636991145497717e-01
-9.331636991145497717e-01 -9.331636991145497717e-01
-9.331636991145497717e-01 -9.331636991145497717e-01
-9.331636991145497717e-01 -9.331636991145497717e-01
-9.331636991145497717e-01 -9.331636991145497717e-01
-9.331636991145497717e-01 -9.331636991145497717e-01
-9.331636991145497717e-01 -9.331636991145497717e-01
-9.331636991145497717e-01 -9.331636991145497717e-01
-9.331636991145497717e-01 -9.331636991145497717e-01
-9.331636991145497717e-01 -9.331636991145497717e-01
-9.331636991145497717e-01 -9.331636991145497717e-01
-9.331636991145497717e-01 -9.331636991145497717e-01
-9.331636991145497717e-01 -9.331636991145497717e-01
-9.331636991145497717e-01 -9.331636991145497717e-01
-9.331636991145497717e-01 -9.331636991145497717e-01
-9.331636991145497717e-01 -9.331636991145497717e-01
-9.331636991145497717e-01 -9.331636991145497717e-01
-9.331636991145497717e-01 -9.331636991145497717e-01
-9.331636991145497717e-01 -9.331636991145497717e-01
-9.331636991145497717e-01 -9.331636991145497717e-01
-9.331636991145497717e-01 -9.331636991145497717e-01
-9.331636991145497717e-01 -9.331636991145497717e-01
-9.331636991145497717e-01 -9.331636991145497717e-01
-9.331636991145497717e-01 -9.331636991145497717e-01
-9.331636991145497717e-01 -9.331636991145497717e-01
-9.331636991145497717e-01 -9.331636991145497717e-01
-9.331636991145497717e-01 -9.331636991145497717e-01
-9.331636991145497717e-01 -9.331636991145497717e-01
-9.331636991145497717e-01 -9.331636991145497717e-01
-9.331636991145497717e-01 -9.331636991145497717e-01
