-2.156061775357224874e+00 -1.690649955795259674e+00
-2.156061775357221322e+00 -1.690981791711159365e+00
-2.156061775357227539e+00 -1.691318578550271567e+00
-2.156061775357226651e+00 -1.691660397647344105e+00
-2.156061775357226651e+00 -1.692007332261291630e+00
-2.156061775357223542e+00 -1.692359467628057557e+00
-2.156061775357227095e+00 -1.692716891015166647e+00
-2.156061775357225763e+00 -1.693079691778043960e+00
-2.156061775357227095e+00 -1.693447961418160785e+00
-2.156061775357225319e+00 -1.693821793643062845e+00
-2.156061775357226207e+00 -1.694201284428381804e+00
-2.156061775357227095e+00 -1.694586532081855834e+00
-2.156061775357226207e+00 -1.694977637309451834e+00
-2.156061775357228427e+00 -1.695374703283686779e+00
-2.156061775357227095e+00 -1.695777835714180837e+00
-2.156061775357226207e+00 -1.696187142920566604e+00
-2.156061775357226651e+00 -1.696602735907818182e+00
-2.156061775357224430e+00 -1.697024728444085806e+00
-2.156061775357225763e+00 -1.697453237141133719e+00
-2.156061775357223986e+00 -1.697888381537487223e+00
-2.156061775357227983e+00 -1.698330284184350170e+00
-2.156061775357227539e+00 -1.698779070734446339e+00
-2.156061775357225319e+00 -1.699234870033848654e+00
-2.156061775357225763e+00 -1.699697814216922565e+00
-2.156061775357223542e+00 -1.700168038804487525e+00
-2.156061775357226651e+00 -1.700645682805345116e+00
-2.156061775357228427e+00 -1.701130888821249298e+00
-2.156061775357226207e+00 -1.701623803155479120e+00
-2.156061775357227095e+00 -1.702124575925138661e+00
-2.156061775357229759e+00 -1.702633361177311455e+00
-2.156061775357226207e+00 -1.703150317009215708e+00
-2.156061775357225319e+00 -1.703675605692511530e+00
-2.156061775357225763e+00 -1.704209393801908945e+00
-2.156061775357223542e+00 -1.704751852348217023e+00
-2.156061775357224430e+00 -1.705303156916028184e+00
-2.156061775357229315e+00 -1.705863487806175138e+00
-2.156061775357230204e+00 -1.706433030183150512e+00
-2.156061775357223098e+00 -1.707011974227663709e+00
-2.156061775357227539e+00 -1.707600515294521948e+00
-2.156061775357228427e+00 -1.708198854076018902e+00
-2.156061775357227983e+00 -1.708807196771050529e+00
-2.156061775357228427e+00 -1.709425755260123081e+00
-2.156061775357227095e+00 -1.710054747286506194e+00
-2.156061775357229315e+00 -1.710694396643715365e+00
-2.156061775357227983e+00 -1.711344933369570276e+00
-2.156061775357224430e+00 -1.712006593947036359e+00
-2.156061775357226207e+00 -1.712679621512097849e+00
-2.156061775357224874e+00 -1.713364266068896136e+00
-2.156061775357225763e+00 -1.714060784712423180e+00
-2.156061775357227983e+00 -1.714769441858923438e+00
-2.156061775357225319e+00 -1.714769441858924326e+00
-2.156061775357226207e+00 -1.714769441858923660e+00
-2.156061775357226207e+00 -1.714769441858925214e+00
-2.156061775357227539e+00 -1.714769441858924992e+00
-2.156061775357226207e+00 -1.714769441858924104e+00
-2.156061775357227539e+00 -1.714769441858924326e+00
-2.156061775357225319e+00 -1.714769441858924548e+00
-2.156061775357227983e+00 -1.714769441858924770e+00
-2.156061775357225319e+00 -1.714769441858925658e+00
-2.156061775357225763e+00 -1.714769441858924992e+00
-2.156061775357225319e+00 -1.714769441858923438e+00
-2.156061775357224874e+00 -1.714769441858923882e+00
-2.156061775357225319e+00 -1.714769441858924326e+00
-2.156061775357224430e+00 -1.714769441858924104e+00
-2.156061775357224430e+00 -1.714769441858925880e+00
-2.156061775357226651e+00 -1.714769441858925880e+00
-2.156061775357224430e+00 -1.714769441858925436e+00
-2.156061775357227095e+00 -1.714769441858924770e+00
-2.156061775357227095e+00 -1.714769441858923882e+00
-2.156061775357226651e+00 -1.714769441858924770e+00
-2.156061775357223986e+00 -1.714769441858924104e+00
-2.156061775357227095e+00 -1.714769441858925214e+00
-2.156061775357223542e+00 -1.714769441858925214e+00
-2.156061775357231092e+00 -1.714769441858924548e+00
-2.156061775357226651e+00 -1.714769441858924992e+00
-2.156061775357224874e+00 -1.714769441858925214e+00
-2.156061775357228871e+00 -1.714769441858924548e+00
-2.156061775357226207e+00 -1.714769441858924548e+00
-2.156061775357223098e+00 -1.714769441858924992e+00
-2.156061775357226651e+00 -1.714769441858924992e+00
-2.156061775357226207e+00 -1.714769441858924326e+00
-2.156061775357227539e+00 -1.714769441858923882e+00
-2.156061775357225763e+00 -1.714769441858925880e+00
-2.156061775357223098e+00 -1.714769441858924548e+00
-2.156061775357225763e+00 -1.714769441858924548e+00
-2.156061775357227983e+00 -1.714769441858924770e+00
-2.156061775357223986e+00 -1.714769441858925880e+00
-2.156061775357225763e+00 -1.714769441858924326e+00
-2.156061775357225763e+00 -1.714769441858924104e+00
-2.156061775357227539e+00 -1.714769441858924104e+00
-2.156061775357226651e+00 -1.714769441858924104e+00
-2.156061775357226207e+00 -1.714769441858925214e+00
-2.156061775357225763e+00 -1.714769441858925214e+00
-2.156061775357224874e+00 -1.714769441858924992e+00
-2.156061775357225319e+00 -1.714769441858923882e+00
-2.156061775357225319e+00 -1.714769441858922994e+00
-2.156061775357225319e+00 -1.714769441858924104e+00
-2.156061775357223098e+00 -1.714769441858924548e+00
-2.156061775357226207e+00 -1.714769441858925658e+00
-2.156061775357228427e+00 -1.714769441858923438e+00
-2.156061775357225319e+00 -1.714769441858924548e+00
-2.156061775357227983e+00 -1.714769441858924992e+00
-2.156061775357227095e+00 -1.714769441858926324e+00
-2.156061775357225763e+00 -1.714769441858924548e+00
-2.156061775357227983e+00 -1.714769441858924992e+00
-2.156061775357227539e+00 -1.714769441858924992e+00
-2.156061775357229315e+00 -1.714769441858924326e+00
-2.156061775357221766e+00 -1.714769441858924326e+00
-2.156061775357226207e+00 -1.714769441858924326e+00
-2.156061775357227983e+00 -1.714769441858924992e+00
-2.156061775357227095e+00 -1.714769441858926102e+00
-2.156061775357225763e+00 -1.714769441858922994e+00
-2.156061775357223986e+00 -1.714769441858925214e+00
-2.156061775357228427e+00 -1.714769441858923216e+00
-2.156061775357227983e+00 -1.714769441858924770e+00
-2.156061775357223986e+00 -1.714769441858924104e+00
-2.156061775357224874e+00 -1.714769441858924548e+00
-2.156061775357226651e+00 -1.714769441858926102e+00
-2.156061775357228427e+00 -1.714769441858925658e+00
-2.156061775357225319e+00 -1.714769441858924326e+00
-2.156061775357223098e+00 -1.714769441858925214e+00
-2.156061775357226651e+00 -1.714769441858923660e+00
-2.156061775357224430e+00 -1.714769441858924104e+00
-2.156061775357225763e+00 -1.714769441858923882e+00
-2.156061775357226207e+00 -1.714769441858924326e+00
-2.156061775357228871e+00 -1.714769441858923882e+00
-2.156061775357225319e+00 -1.714769441858924104e+00
-2.156061775357223542e+00 -1.714769441858925214e+00
-2.156061775357227095e+00 -1.714769441858923882e+00
-2.156061775357227095e+00 -1.714769441858924326e+00
-2.156061775357226651e+00 -1.714769441858925436e+00
-2.156061775357229759e+00 -1.714769441858925436e+00
-2.156061775357224430e+00 -1.714769441858924104e+00
-2.156061775357224874e+00 -1.714769441858923660e+00
-2.156061775357227095e+00 -1.714769441858924548e+00
-2.156061775357225319e+00 -1.714769441858923882e+00
-2.156061775357230648e+00 -1.714769441858923882e+00
-2.156061775357229759e+00 -1.714769441858925214e+00
-2.156061775357224430e+00 -1.714769441858924992e+00
-2.156061775357229759e+00 -1.714769441858925658e+00
-2.156061775357226207e+00 -1.714769441858924104e+00
-2.156061775357229759e+00 -1.714769441858924548e+00
-2.156061775357224874e+00 -1.714769441858924992e+00
-2.156061775357228427e+00 -1.714769441858925436e+00
-2.156061775357225763e+00 -1.714769441858924548e+00
-2.156061775357227539e+00 -1.714769441858924992e+00
-2.156061775357225763e+00 -1.714769441858924770e+00
-2.156061775357225763e+00 -1.714769441858924326e+00
-2.156061775357223986e+00 -1.714769441858924104e+00
-2.156061775357224430e+00 -1.714769441858925214e+00
-2.156104142471715335e+00 -1.714769441858924104e+00
-2.156146876170326632e+00 -1.714769441858924548e+00
-2.156189981214798657e+00 -1.714769441858924992e+00
-2.156233462449403948e+00 -1.714769441858924326e+00
-2.156277324802736928e+00 -1.714769441858924770e+00
-2.156321573289544880e+00 -1.714769441858925214e+00
-2.156366213012640198e+00 -1.714769441858925214e+00
-2.156411249164785993e+00 -1.714769441858924326e+00
-2.156456687030720687e+00 -1.714769441858924326e+00
-2.156502531989173299e+00 -1.714769441858924104e+00
-2.156548789514971087e+00 -1.714769441858924770e+00
-2.156595465181169846e+00 -1.714769441858924992e+00
-2.156642564661270800e+00 -1.714769441858923660e+00
-2.156690093731480573e+00 -1.714769441858924104e+00
-2.156738058273024450e+00 -1.714769441858924326e+00
-2.156786464274566661e+00 -1.714769441858925214e+00
-2.156835317834621790e+00 -1.714769441858923882e+00
-2.156884625164118940e+00 -1.714769441858924548e+00
-2.156934392588955696e+00 -1.714769441858924548e+00
-2.156984626552683970e+00 -1.714769441858925214e+00
-2.157035333619236273e+00 -1.714769441858924326e+00
-2.157086520475738123e+00 -1.714769441858924770e+00
-2.157138193935399961e+00 -1.714769441858924548e+00
-2.157190360940498763e+00 -1.714769441858924104e+00
-2.157243028565411613e+00 -1.714769441858924992e+00
-2.157296204019800712e+00 -1.714769441858923660e+00
-2.157349894651790834e+00 -1.714769441858925658e+00
-2.157404107951352845e+00 -1.714769441858923882e+00
-2.157458851553686330e+00 -1.714769441858923882e+00
-2.157514133242759868e+00 -1.714769441858924104e+00
-2.157569960954924149e+00 -1.714769441858924770e+00
-2.157626342782662743e+00 -1.714769441858924770e+00
-2.157683286978395287e+00 -1.714769441858923438e+00
-2.157740801958468069e+00 -1.714769441858925436e+00
-2.157798896307190351e+00 -1.714769441858924548e+00
-2.157857578781065211e+00 -1.714769441858923438e+00
-2.157916858313062125e+00 -1.714769441858925214e+00
-2.157976744017105375e+00 -1.714769441858923882e+00
-2.158037245192618858e+00 -1.714769441858924770e+00
-2.158098371329257414e+00 -1.714769441858924770e+00
-2.158160132111810015e+00 -1.714769441858924104e+00
-2.158222537425136700e+00 -1.714769441858923660e+00
-2.158285597359408392e+00 -1.714769441858924992e+00
-2.158349322215388000e+00 -1.714769441858923882e+00
-2.158413722509963772e+00 -1.714769441858924104e+00
-2.158478808981783903e+00 -1.714769441858924326e+00
-2.158544592597095413e+00 -1.714769441858925658e+00
-2.158611084555813076e+00 -1.714769441858924104e+00
-2.158678296297702470e+00 -1.714769441858924326e+00
-2.158746239508819276e+00 -1.714769441858923438e+00
-2.158746239508821052e+00 -1.714966655786913874e+00
-2.158746239508821940e+00 -1.715165386669240011e+00
-2.158746239508822828e+00 -1.715365651731544538e+00
-2.158746239508823273e+00 -1.715567468455912348e+00
-2.158746239508818832e+00 -1.715770854585579874e+00
-2.158746239508821496e+00 -1.715975828129710612e+00
-2.158746239508821052e+00 -1.716182407368288754e+00
-2.158746239508824605e+00 -1.716390610857107646e+00
-2.158746239508821496e+00 -1.716600457432887250e+00
-2.158746239508825937e+00 -1.716811966218483088e+00
-2.158746239508826381e+00 -1.717025156628211535e+00
-2.158746239508824605e+00 -1.717240048373301686e+00
-2.158746239508820164e+00 -1.717456661467458900e+00
-2.158746239508822828e+00 -1.717675016232548924e+00
-2.158746239508824605e+00 -1.717895133304417010e+00
-2.158746239508822384e+00 -1.718117033638828728e+00
-2.158746239508824161e+00 -1.718340738517538213e+00
-2.158746239508825049e+00 -1.718566269554496984e+00
-2.158746239508821940e+00 -1.718793648702209964e+00
-2.158746239508823273e+00 -1.719022898258224741e+00
-2.158746239508820608e+00 -1.719254040871751377e+00
-2.158746239508819276e+00 -1.719487099550466080e+00
-2.158746239508821940e+00 -1.719722097667440330e+00
-2.158746239508823273e+00 -1.719959058968236310e+00
-2.158746239508819720e+00 -1.720198007578167543e+00
-2.158746239508821496e+00 -1.720438968009717406e+00
-2.158746239508821496e+00 -1.720681965170135053e+00
-2.158746239508821496e+00 -1.720927024369189651e+00
-2.158746239508821940e+00 -1.721174171327136682e+00
-2.158746239508826825e+00 -1.721423432182820790e+00
-2.158746239508823273e+00 -1.721674833502013557e+00
-2.158746239508820608e+00 -1.721928402285904713e+00
-2.158746239508825493e+00 -1.722184165979820047e+00
-2.158746239508826825e+00 -1.722442152482126732e+00
-2.158746239508826381e+00 -1.722702390153352470e+00
-2.158746239508822384e+00 -1.722964907825517811e+00
-2.158746239508820164e+00 -1.723229734811690728e+00
-2.158746239508822384e+00 -1.723496900915760133e+00
-2.158746239508822828e+00 -1.723766436442447869e+00
-2.158746239508821052e+00 -1.724038372207556069e+00
-2.158746239508821940e+00 -1.724312739548457429e+00
-2.158746239508822828e+00 -1.724589570334835509e+00
-2.158746239508821052e+00 -1.724868896979686816e+00
-2.158746239508822828e+00 -1.725150752450586022e+00
-2.158746239508822828e+00 -1.725435170281210517e+00
-2.158746239508823717e+00 -1.725722184583168950e+00
-2.158746239508822384e+00 -1.726011830058087115e+00
-2.158746239508818832e+00 -1.726304142010010256e+00
-2.158746239508825049e+00 -1.726599156358095355e+00
-2.158746239508820608e+00 -1.726896909649625167e+00
-2.159278224368290200e+00 -1.726896909649624279e+00
-2.159814071322888829e+00 -1.726896909649624279e+00
-2.160353820610794173e+00 -1.726896909649623835e+00
-2.160897513002456805e+00 -1.726896909649624279e+00
-2.161445189808874900e+00 -1.726896909649624279e+00
-2.161996892890024835e+00 -1.726896909649623613e+00
-2.162552664663488944e+00 -1.726896909649622724e+00
-2.163112548113204081e+00 -1.726896909649623835e+00
-2.163676586798314538e+00 -1.726896909649623613e+00
-2.164244824862300742e+00 -1.726896909649624057e+00
-2.164817307042110617e+00 -1.726896909649624723e+00
-2.165394078677603140e+00 -1.726896909649623391e+00
-2.165975185721037644e+00 -1.726896909649623391e+00
-2.166560674746817128e+00 -1.726896909649624723e+00
-2.167150592961312849e+00 -1.726896909649624945e+00
-2.167744988212962909e+00 -1.726896909649624279e+00
-2.168343909002453440e+00 -1.726896909649624057e+00
-2.168947404493151598e+00 -1.726896909649624057e+00
-2.169555524521669998e+00 -1.726896909649624501e+00
-2.170168319608648311e+00 -1.726896909649622947e+00
-2.170785840969703617e+00 -1.726896909649625611e+00
-2.171408140526587260e+00 -1.726896909649625611e+00
-2.172035270918532657e+00 -1.726896909649625167e+00
-2.172667285513786961e+00 -1.726896909649623835e+00
-2.173304238421393642e+00 -1.726896909649623613e+00
-2.173946184503100731e+00 -1.726896909649623835e+00
-2.174593179385568842e+00 -1.726896909649623391e+00
-2.175245279472718618e+00 -1.726896909649624279e+00
-2.175902541958357972e+00 -1.726896909649623169e+00
-2.176565024838946538e+00 -1.726896909649624057e+00
-2.177232786926727837e+00 -1.726896909649624945e+00
-2.177905887862890744e+00 -1.726896909649623613e+00
-2.178584388131161287e+00 -1.726896909649624279e+00
-2.179268349071476152e+00 -1.726896909649623835e+00
-2.179957832894026559e+00 -1.726896909649624279e+00
-2.180652902693454909e+00 -1.726896909649625389e+00
-2.181353622463304109e+00 -1.726896909649625167e+00
-2.182060057110779105e+00 -1.726896909649624501e+00
-2.182772272471746877e+00 -1.726896909649623835e+00
-2.183490335325927401e+00 -1.726896909649624501e+00
-2.184214313412455866e+00 -1.726896909649625833e+00
-2.184944275445663386e+00 -1.726896909649624501e+00
-2.185680291131097075e+00 -1.726896909649624501e+00
-2.186422431181905601e+00 -1.726896909649624279e+00
-2.187170767335426369e+00 -1.726896909649624723e+00
-2.187925372370116861e+00 -1.726896909649623613e+00
-2.188686320122729789e+00 -1.726896909649624945e+00
-2.189453685505862168e+00 -1.726896909649624279e+00
-2.190227544525697123e+00 -1.726896909649623169e+00
-2.191007974300152483e+00 -1.726896909649624723e+00
-2.191467725242094211e+00 -1.726896909649623391e+00
-2.191930841152988751e+00 -1.726896909649624279e+00
-2.192397357254736168e+00 -1.726896909649624723e+00
-2.192867309235745577e+00 -1.726896909649624723e+00
-2.193340733258177355e+00 -1.726896909649623835e+00
-2.193817665965359431e+00 -1.726896909649623169e+00
-2.194298144489299052e+00 -1.726896909649623835e+00
-2.194782206458303797e+00 -1.726896909649625389e+00
-2.195269890004796220e+00 -1.726896909649624723e+00
-2.195761233773214194e+00 -1.726896909649623391e+00
-2.196256276928040041e+00 -1.726896909649626277e+00
-2.196755059162039725e+00 -1.726896909649624945e+00
-2.197257620704562431e+00 -1.726896909649624945e+00
-2.197764002330022670e+00 -1.726896909649623613e+00
-2.198274245366530266e+00 -1.726896909649624279e+00
-2.198788391704672218e+00 -1.726896909649625611e+00
-2.199306483806429569e+00 -1.726896909649625389e+00
-2.199828564714260359e+00 -1.726896909649624723e+00
-2.200354678060347791e+00 -1.726896909649624501e+00
-2.200884868076014023e+00 -1.726896909649624279e+00
-2.201419179601263210e+00 -1.726896909649624057e+00
-2.201957658094508385e+00 -1.726896909649624945e+00
-2.202500349642501298e+00 -1.726896909649624501e+00
-2.203047300970407463e+00 -1.726896909649624945e+00
-2.203598559452014438e+00 -1.726896909649623613e+00
-2.204154173120187021e+00 -1.726896909649624501e+00
-2.204714190677497854e+00 -1.726896909649623613e+00
-2.205278661506972604e+00 -1.726896909649623613e+00
-2.205847635683119368e+00 -1.726896909649625167e+00
-2.206421163983049993e+00 -1.726896909649624057e+00
-2.206999297897892731e+00 -1.726896909649624945e+00
-2.207582089644350543e+00 -1.726896909649624279e+00
-2.208169592176432161e+00 -1.726896909649624057e+00
-2.208761859197450494e+00 -1.726896909649623835e+00
-2.209358945172187116e+00 -1.726896909649625167e+00
-2.209960905339294790e+00 -1.726896909649626055e+00
-2.210567795723883844e+00 -1.726896909649624057e+00
-2.211179673150358127e+00 -1.726896909649624945e+00
-2.211796595255420605e+00 -1.726896909649625167e+00
-2.212418620501392930e+00 -1.726896909649623835e+00
-2.213045808189685548e+00 -1.726896909649624279e+00
-2.213678218474501858e+00 -1.726896909649625167e+00
-2.214315912376859430e+00 -1.726896909649624057e+00
-2.214958951798744025e+00 -1.726896909649624279e+00
-2.215607399537581568e+00 -1.726896909649624723e+00
-2.216261319300931731e+00 -1.726896909649624501e+00
-2.216920775721432424e+00 -1.726896909649624945e+00
-2.217585834372004072e+00 -1.726896909649624057e+00
-2.218256561781323910e+00 -1.726896909649625167e+00
-2.218933025449514762e+00 -1.726896909649624057e+00
-2.218933025449515650e+00 -1.726896909649625389e+00
-2.218933025449518315e+00 -1.726896909649623169e+00
-2.218933025449513430e+00 -1.726896909649624945e+00
-2.218933025449515206e+00 -1.726896909649623613e+00
-2.218933025449514762e+00 -1.726896909649624057e+00
-2.218933025449516094e+00 -1.726896909649624279e+00
-2.218933025449512986e+00 -1.726896909649623835e+00
-2.218933025449510765e+00 -1.726896909649624057e+00
-2.218933025449513874e+00 -1.726896909649624279e+00
-2.218933025449516538e+00 -1.726896909649623169e+00
-2.218933025449511653e+00 -1.726896909649624279e+00
-2.218933025449516538e+00 -1.726896909649623391e+00
-2.218933025449516983e+00 -1.726896909649625611e+00
-2.218933025449513874e+00 -1.726896909649623835e+00
-2.218933025449512098e+00 -1.726896909649623169e+00
-2.218933025449513874e+00 -1.726896909649624723e+00
-2.218933025449515650e+00 -1.726896909649624279e+00
-2.218933025449515650e+00 -1.726896909649624945e+00
-2.218933025449516538e+00 -1.726896909649624723e+00
-2.218933025449509433e+00 -1.726896909649625611e+00
-2.218933025449516094e+00 -1.726896909649624057e+00
-2.218933025449512542e+00 -1.726896909649624057e+00
-2.218933025449514318e+00 -1.726896909649624501e+00
-2.218933025449510321e+00 -1.726896909649624501e+00
-2.218933025449517427e+00 -1.726896909649624279e+00
-2.218933025449514318e+00 -1.726896909649624057e+00
-2.218933025449513430e+00 -1.726896909649623391e+00
-2.218933025449515206e+00 -1.726896909649624057e+00
-2.218933025449512986e+00 -1.726896909649624057e+00
-2.218933025449516538e+00 -1.726896909649624945e+00
-2.218933025449512542e+00 -1.726896909649624723e+00
-2.218933025449512986e+00 -1.726896909649624501e+00
-2.218933025449514318e+00 -1.726896909649624279e+00
-2.218933025449511209e+00 -1.726896909649623835e+00
-2.218933025449515206e+00 -1.726896909649624723e+00
-2.218933025449514762e+00 -1.726896909649624057e+00
-2.218933025449512986e+00 -1.726896909649624945e+00
-2.218933025449514762e+00 -1.726896909649624945e+00
-2.218933025449513874e+00 -1.726896909649625167e+00
-2.218933025449514318e+00 -1.726896909649624057e+00
-2.218933025449512986e+00 -1.726896909649624723e+00
-2.218933025449514762e+00 -1.726896909649624501e+00
-2.218933025449512542e+00 -1.726896909649623835e+00
-2.218933025449513874e+00 -1.726896909649624723e+00
-2.218933025449512098e+00 -1.726896909649624945e+00
-2.218933025449513874e+00 -1.726896909649624279e+00
-2.218933025449510321e+00 -1.726896909649625167e+00
-2.218933025449514762e+00 -1.726896909649624723e+00
-2.218933025449514762e+00 -1.726896909649625167e+00
-2.218933025449510765e+00 -1.726896909649623391e+00
-2.218933025449515650e+00 -1.726896909649624945e+00
-2.218933025449513430e+00 -1.726896909649624057e+00
-2.218933025449513430e+00 -1.726896909649624501e+00
-2.218933025449513874e+00 -1.726896909649623391e+00
-2.218933025449515206e+00 -1.726896909649624945e+00
-2.218933025449514318e+00 -1.726896909649625389e+00
-2.218933025449514762e+00 -1.726896909649624723e+00
-2.218933025449511653e+00 -1.726896909649623835e+00
-2.218933025449512098e+00 -1.726896909649624501e+00
-2.218933025449509433e+00 -1.726896909649624057e+00
-2.218933025449514318e+00 -1.726896909649624279e+00
-2.218933025449512542e+00 -1.726896909649624501e+00
-2.218933025449513874e+00 -1.726896909649624945e+00
-2.218933025449511209e+00 -1.726896909649624501e+00
-2.218933025449514762e+00 -1.726896909649624501e+00
-2.218933025449510765e+00 -1.726896909649623613e+00
-2.218933025449510321e+00 -1.726896909649624945e+00
-2.218933025449511209e+00 -1.726896909649625167e+00
-2.218933025449512986e+00 -1.726896909649624057e+00
-2.218933025449514762e+00 -1.726896909649624501e+00
-2.218933025449515206e+00 -1.726896909649624945e+00
-2.218933025449509433e+00 -1.726896909649624501e+00
-2.218933025449517427e+00 -1.726896909649623169e+00
-2.218933025449512986e+00 -1.726896909649624945e+00
-2.218933025449513430e+00 -1.726896909649623613e+00
-2.218933025449514762e+00 -1.726896909649624723e+00
-2.218933025449512542e+00 -1.726896909649624723e+00
-2.218933025449515206e+00 -1.726896909649624279e+00
-2.218933025449512542e+00 -1.726896909649624723e+00
-2.218933025449512542e+00 -1.726896909649623835e+00
-2.218933025449514762e+00 -1.726896909649623835e+00
-2.218933025449510765e+00 -1.726896909649624501e+00
-2.218933025449508101e+00 -1.726896909649624501e+00
-2.218933025449515206e+00 -1.726896909649624945e+00
-2.218933025449514762e+00 -1.726896909649624057e+00
-2.218933025449514318e+00 -1.726896909649624723e+00
-2.218933025449513430e+00 -1.726896909649624501e+00
-2.218933025449513874e+00 -1.726896909649624057e+00
-2.218933025449510321e+00 -1.726896909649625389e+00
-2.218933025449514762e+00 -1.726896909649624057e+00
-2.218933025449512986e+00 -1.726896909649623613e+00
-2.218933025449515650e+00 -1.726896909649625167e+00
-2.218933025449515206e+00 -1.726896909649623835e+00
-2.218933025449513874e+00 -1.726896909649624279e+00
-2.218933025449512098e+00 -1.726896909649624057e+00
-2.218933025449515650e+00 -1.726896909649624279e+00
-2.218933025449513430e+00 -1.726896909649624723e+00
-2.218933025449506768e+00 -1.726896909649624501e+00
-2.218933025449517427e+00 -1.726896909649624945e+00
-2.218933025449510765e+00 -1.726896909649623391e+00
-2.218933025449516983e+00 -1.726896909649624057e+00
-2.218933025449509877e+00 -1.726896909649623835e+00
-2.218933025449512542e+00 -1.726896909649623835e+00
-2.218933025449510765e+00 -1.726896909649624501e+00
-2.218933025449514318e+00 -1.726896909649624057e+00
-2.218933025449510765e+00 -1.726896909649624945e+00
-2.218933025449515206e+00 -1.726896909649624279e+00
-2.218933025449513874e+00 -1.726896909649624057e+00
-2.218933025449518759e+00 -1.726896909649624723e+00
-2.218933025449512542e+00 -1.726896909649624279e+00
-2.218933025449512098e+00 -1.726896909649624723e+00
-2.218933025449511653e+00 -1.726896909649623835e+00
-2.218933025449512542e+00 -1.726896909649622947e+00
-2.218933025449518759e+00 -1.726896909649624057e+00
-2.218933025449512098e+00 -1.726896909649623835e+00
-2.218933025449513874e+00 -1.726896909649623613e+00
-2.218933025449514762e+00 -1.726896909649624501e+00
-2.218933025449516094e+00 -1.726896909649624501e+00
-2.218933025449510765e+00 -1.726896909649624057e+00
-2.218933025449513874e+00 -1.726896909649624945e+00
-2.218933025449514762e+00 -1.726896909649625167e+00
-2.218933025449514318e+00 -1.726896909649625167e+00
-2.218933025449515206e+00 -1.726896909649623613e+00
-2.218933025449518315e+00 -1.726896909649624723e+00
-2.218933025449510765e+00 -1.726896909649624723e+00
-2.218933025449515206e+00 -1.726896909649624723e+00
-2.218933025449512098e+00 -1.726896909649624501e+00
-2.218933025449513430e+00 -1.726896909649624057e+00
-2.218933025449508101e+00 -1.726896909649623835e+00
-2.218933025449516094e+00 -1.726896909649624279e+00
-2.218933025449513874e+00 -1.726896909649624501e+00
-2.218933025449515206e+00 -1.726896909649624945e+00
-2.218933025449516983e+00 -1.726896909649624723e+00
-2.218933025449516983e+00 -1.726896909649624279e+00
-2.218933025449514318e+00 -1.726896909649624279e+00
-2.218933025449516983e+00 -1.726896909649624057e+00
-2.218933025449512098e+00 -1.726896909649624945e+00
-2.218933025449514318e+00 -1.726896909649624279e+00
-2.218933025449511209e+00 -1.726896909649624723e+00
-2.218933025449512098e+00 -1.726896909649624501e+00
-2.218933025449512986e+00 -1.726896909649624723e+00
-2.218933025449513430e+00 -1.726896909649624057e+00
-2.218933025449514318e+00 -1.726896909649624501e+00
-2.218933025449515206e+00 -1.726896909649623613e+00
-2.218933025449513430e+00 -1.726896909649624057e+00
-2.218933025449515206e+00 -1.726896909649624945e+00
-2.218933025449512986e+00 -1.726896909649624501e+00
-2.218933025449512542e+00 -1.726896909649623835e+00
-2.218933025449510765e+00 -1.726896909649624945e+00
-2.218933025449512098e+00 -1.726896909649624501e+00
-2.218933025449513874e+00 -1.726896909649624279e+00
-2.218933025449513874e+00 -1.726896909649624279e+00
-2.218933025449513430e+00 -1.726896909649623835e+00
-2.218933025449512098e+00 -1.726896909649625389e+00
-2.218933025449514762e+00 -1.726896909649624279e+00
-2.218933025449515206e+00 -1.726896909649622947e+00
-2.218933025449516983e+00 -1.726896909649624057e+00
-2.218933025449516538e+00 -1.726896909649624945e+00
-2.218933025449516094e+00 -1.726896909649624501e+00
-2.218933025449516094e+00 -1.726896909649625167e+00
-2.218933025449513430e+00 -1.726896909649625389e+00
-2.218933025449512542e+00 -1.726896909649624945e+00
-2.218933025449512986e+00 -1.726896909649624723e+00
-2.218933025449511653e+00 -1.726896909649623613e+00
-2.218933025449512542e+00 -1.726896909649624279e+00
-2.218933025449515206e+00 -1.726896909649624723e+00
-2.218933025449513874e+00 -1.726896909649624057e+00
-2.218933025449514762e+00 -1.726896909649625389e+00
-2.218933025449514762e+00 -1.726896909649623391e+00
-2.218933025449513430e+00 -1.726896909649623835e+00
-2.218933025449514762e+00 -1.726896909649624279e+00
-2.218933025449511209e+00 -1.726896909649624945e+00
-2.218933025449514318e+00 -1.726896909649624945e+00
-2.218933025449513874e+00 -1.726896909649625389e+00
-2.218933025449512542e+00 -1.726896909649624057e+00
-2.218933025449512986e+00 -1.726896909649624279e+00
-2.218933025449512098e+00 -1.726896909649624279e+00
-2.218933025449516094e+00 -1.726896909649624057e+00
-2.218933025449516094e+00 -1.726896909649623835e+00
-2.218933025449514318e+00 -1.726896909649623835e+00
-2.218933025449513874e+00 -1.726896909649624501e+00
-2.218933025449510321e+00 -1.726896909649624279e+00
-2.218933025449512098e+00 -1.726896909649624279e+00
-2.218933025449514318e+00 -1.726896909649624279e+00
-2.218933025449513874e+00 -1.726896909649623835e+00
-2.218933025449514762e+00 -1.726896909649625389e+00
-2.218933025449511653e+00 -1.726896909649624501e+00
-2.218933025449509877e+00 -1.726896909649624057e+00
-2.218933025449515650e+00 -1.726896909649624723e+00
-2.218933025449514318e+00 -1.726896909649624723e+00
-2.218933025449511209e+00 -1.726896909649623613e+00
-2.218933025449512542e+00 -1.726896909649624279e+00
-2.218933025449511653e+00 -1.726896909649624279e+00
-2.218933025449514762e+00 -1.726896909649624279e+00
-2.218933025449513430e+00 -1.726896909649624057e+00
-2.218933025449512098e+00 -1.726896909649624945e+00
-2.218933025449516983e+00 -1.726896909649624945e+00
-2.218933025449515206e+00 -1.726896909649624279e+00
-2.218933025449516538e+00 -1.726896909649624057e+00
-2.218933025449514762e+00 -1.726896909649624501e+00
-2.219275064144187404e+00 -1.726896909649624723e+00
-2.219618855491273024e+00 -1.726896909649624057e+00
-2.219964412485713190e+00 -1.726896909649624279e+00
-2.220311748246050154e+00 -1.726896909649624057e+00
-2.220660876015847940e+00 -1.726896909649623835e+00
-2.221011809165130302e+00 -1.726896909649624279e+00
-2.221364561191814246e+00 -1.726896909649624501e+00
-2.221719145723164424e+00 -1.726896909649624723e+00
-2.222075576517293261e+00 -1.726896909649624945e+00
-2.222433867464649992e+00 -1.726896909649625167e+00
-2.222794032589549662e+00 -1.726896909649624279e+00
-2.223156086051709224e+00 -1.726896909649625389e+00
-2.223520042147824505e+00 -1.726896909649625833e+00
-2.223885915313111639e+00 -1.726896909649623613e+00
-2.224253720122972400e+00 -1.726896909649624279e+00
-2.224623471294550292e+00 -1.726896909649623835e+00
-2.224995183688433631e+00 -1.726896909649624279e+00
-2.225368872310277801e+00 -1.726896909649623169e+00
-2.225744552312526103e+00 -1.726896909649624279e+00
-2.226122238996109726e+00 -1.726896909649624501e+00
-2.226501947812166371e+00 -1.726896909649624279e+00
-2.226883694363814836e+00 -1.726896909649625611e+00
-2.227267494407946025e+00 -1.726896909649623835e+00
-2.227653363856977986e+00 -1.726896909649624501e+00
-2.228041318780755287e+00 -1.726896909649624279e+00
-2.228431375408327142e+00 -1.726896909649624279e+00
-2.228823550129876541e+00 -1.726896909649623169e+00
-2.229217859498595189e+00 -1.726896909649625389e+00
-2.229614320232616187e+00 -1.726896909649623391e+00
-2.230012949216970242e+00 -1.726896909649625833e+00
-2.230413763505565417e+00 -1.726896909649624723e+00
-2.230816780323175763e+00 -1.726896909649624501e+00
-2.231222017067489904e+00 -1.726896909649624723e+00
-2.231629491311159175e+00 -1.726896909649625167e+00
-2.232039220803897717e+00 -1.726896909649625389e+00
-2.232451223474576363e+00 -1.726896909649624501e+00
-2.232865517433379576e+00 -1.726896909649624279e+00
-2.233282120973979712e+00 -1.726896909649624723e+00
-2.233701052575717050e+00 -1.726896909649624723e+00
-2.234122330905857101e+00 -1.726896909649623613e+00
-2.234545974821830594e+00 -1.726896909649624723e+00
-2.234972003373528970e+00 -1.726896909649624723e+00
-2.235400435805624753e+00 -1.726896909649625167e+00
-2.235831291559937650e+00 -1.726896909649625389e+00
-2.236264590277803777e+00 -1.726896909649624279e+00
-2.236700351802480391e+00 -1.726896909649624501e+00
-2.237138596181639461e+00 -1.726896909649624723e+00
-2.237579343669805709e+00 -1.726896909649624723e+00
-2.238022614730891924e+00 -1.726896909649623613e+00
-2.238468430040741808e+00 -1.726896909649624279e+00
-2.238468430040743584e+00 -1.726896909649624279e+00
-2.238468430040744916e+00 -1.726896909649624279e+00
-2.238468430040741808e+00 -1.726896909649624501e+00
-2.238468430040743140e+00 -1.726896909649623835e+00
-2.238468430040744472e+00 -1.726896909649624279e+00
-2.238468430040744472e+00 -1.726896909649623391e+00
-2.238468430040744472e+00 -1.726896909649625167e+00
-2.238468430040744916e+00 -1.726896909649624501e+00
-2.238468430040741364e+00 -1.726896909649623613e+00
-2.238468430040745805e+00 -1.726896909649624501e+00
-2.238468430040742252e+00 -1.726896909649624945e+00
-2.238468430040743584e+00 -1.726896909649623613e+00
-2.238468430040742696e+00 -1.726896909649625167e+00
-2.238468430040740920e+00 -1.726896909649624279e+00
-2.238468430040740920e+00 -1.726896909649624057e+00
-2.238468430040743140e+00 -1.726896909649624501e+00
-2.238468430040742696e+00 -1.726896909649624723e+00
-2.238468430040737367e+00 -1.726896909649624501e+00
-2.238468430040742252e+00 -1.726896909649624945e+00
-2.238468430040739587e+00 -1.726896909649623835e+00
-2.238468430040742696e+00 -1.726896909649624057e+00
-2.238468430040741364e+00 -1.726896909649623835e+00
-2.238468430040741808e+00 -1.726896909649625167e+00
-2.238468430040742696e+00 -1.726896909649624279e+00
-2.238468430040741364e+00 -1.726896909649624945e+00
-2.238468430040744472e+00 -1.726896909649624057e+00
-2.238468430040744916e+00 -1.726896909649623835e+00
-2.238468430040747137e+00 -1.726896909649624723e+00
-2.238468430040742696e+00 -1.726896909649624501e+00
-2.238468430040743584e+00 -1.726896909649624945e+00
-2.238468430040740920e+00 -1.726896909649623835e+00
-2.238468430040744916e+00 -1.726896909649624279e+00
-2.238468430040742696e+00 -1.726896909649624279e+00
-2.238468430040743584e+00 -1.726896909649625167e+00
-2.238468430040743140e+00 -1.726896909649623835e+00
-2.238468430040740031e+00 -1.726896909649623613e+00
-2.238468430040744916e+00 -1.726896909649624057e+00
-2.238468430040741808e+00 -1.726896909649624945e+00
-2.238468430040745361e+00 -1.726896909649624501e+00
-2.238468430040743584e+00 -1.726896909649623835e+00
-2.238468430040740920e+00 -1.726896909649625167e+00
-2.238468430040740031e+00 -1.726896909649625611e+00
-2.238468430040742252e+00 -1.726896909649624501e+00
-2.238468430040744028e+00 -1.726896909649624501e+00
-2.238468430040742696e+00 -1.726896909649624723e+00
-2.238468430040743140e+00 -1.726896909649624279e+00
-2.238468430040741808e+00 -1.726896909649624057e+00
-2.238468430040741364e+00 -1.726896909649624501e+00
-2.238468430040744472e+00 -1.726896909649624945e+00
-2.238468430040746249e+00 -1.726896909649625389e+00
-2.238468430040740920e+00 -1.726896909649624723e+00
-2.238468430040743140e+00 -1.726896909649623613e+00
-2.238468430040744916e+00 -1.726896909649624279e+00
-2.238468430040742696e+00 -1.726896909649624501e+00
-2.238468430040743140e+00 -1.726896909649623613e+00
-2.238468430040743584e+00 -1.726896909649624057e+00
-2.238468430040740476e+00 -1.726896909649623613e+00
-2.238468430040741808e+00 -1.726896909649624279e+00
-2.238468430040740920e+00 -1.726896909649624501e+00
-2.238468430040744472e+00 -1.726896909649624057e+00
-2.238468430040746249e+00 -1.726896909649625167e+00
-2.238468430040745361e+00 -1.726896909649624501e+00
-2.238468430040742696e+00 -1.726896909649624057e+00
-2.238468430040742252e+00 -1.726896909649624057e+00
-2.238468430040743584e+00 -1.726896909649624945e+00
-2.238468430040745805e+00 -1.726896909649624279e+00
-2.238468430040742252e+00 -1.726896909649623835e+00
-2.238468430040745361e+00 -1.726896909649622947e+00
-2.238468430040744916e+00 -1.726896909649624501e+00
-2.238468430040742252e+00 -1.726896909649624945e+00
-2.238468430040746249e+00 -1.726896909649624057e+00
-2.238468430040745361e+00 -1.726896909649624279e+00
-2.238468430040745361e+00 -1.726896909649624057e+00
-2.238468430040741364e+00 -1.726896909649624723e+00
-2.238468430040744472e+00 -1.726896909649623613e+00
-2.238468430040741364e+00 -1.726896909649624279e+00
-2.238468430040740920e+00 -1.726896909649624945e+00
-2.238468430040741808e+00 -1.726896909649623835e+00
-2.238468430040742252e+00 -1.726896909649624945e+00
-2.238468430040748025e+00 -1.726896909649624501e+00
-2.238468430040743140e+00 -1.726896909649624057e+00
-2.238468430040744916e+00 -1.726896909649624501e+00
-2.238468430040741808e+00 -1.726896909649624501e+00
-2.238468430040744916e+00 -1.726896909649624279e+00
-2.238468430040747581e+00 -1.726896909649623835e+00
-2.238468430040745361e+00 -1.726896909649624279e+00
-2.238468430040743140e+00 -1.726896909649622724e+00
-2.238468430040741808e+00 -1.726896909649624279e+00
-2.238468430040742252e+00 -1.726896909649624501e+00
-2.238468430040743584e+00 -1.726896909649623835e+00
-2.238468430040742696e+00 -1.726896909649624723e+00
-2.238468430040744028e+00 -1.726896909649624057e+00
-2.238468430040744028e+00 -1.726896909649624501e+00
-2.238468430040745805e+00 -1.726896909649622947e+00
-2.238468430040742696e+00 -1.726896909649623613e+00
-2.238468430040747581e+00 -1.726896909649624945e+00
-2.238468430040744472e+00 -1.726896909649624945e+00
-2.238468430040744472e+00 -1.726896909649624501e+00
-2.238468430040742696e+00 -1.726896909649624057e+00
-2.238468430040738699e+00 -1.726896909649623835e+00
-2.238468430040743140e+00 -1.727671905765410409e+00
-2.238468430040742252e+00 -1.728455842848642288e+00
-2.238468430040743140e+00 -1.729248767797456843e+00
-2.238468430040740476e+00 -1.730050727957705758e+00
-2.238468430040743584e+00 -1.730861771124300175e+00
-2.238468430040743584e+00 -1.731681945542510981e+00
-2.238468430040744472e+00 -1.732511299909216707e+00
-2.238468430040748025e+00 -1.733349883374140532e+00
-2.238468430040744916e+00 -1.734197745541011360e+00
-2.238468430040748025e+00 -1.735054936468708009e+00
-2.238468430040747137e+00 -1.735921506672338577e+00
-2.238468430040742252e+00 -1.736797507124288042e+00
-2.238468430040740476e+00 -1.737682989255211030e+00
-2.238468430040743140e+00 -1.738578004954968614e+00
-2.238468430040746249e+00 -1.739482606573530932e+00
-2.238468430040741808e+00 -1.740396846921806517e+00
-2.238468430040740031e+00 -1.741320779272431896e+00
-2.238468430040738255e+00 -1.742254457360495223e+00
-2.238468430040743140e+00 -1.743197935384210195e+00
-2.238468430040741808e+00 -1.744151268005515787e+00
-2.238468430040744472e+00 -1.745114510350640469e+00
-2.238468430040744916e+00 -1.746087718010565837e+00
-2.238468430040744472e+00 -1.747070947041463151e+00
-2.238468430040743140e+00 -1.748064253965031289e+00
-2.238468430040741808e+00 -1.749067695768783182e+00
-2.238468430040744028e+00 -1.750081329906261418e+00
-2.238468430040744472e+00 -1.751105214297167034e+00
-2.238468430040746249e+00 -1.752139407327433229e+00
-2.238468430040743140e+00 -1.753183967849199387e+00
-2.238468430040748025e+00 -1.754238955180730697e+00
-2.238468430040744028e+00 -1.755304429106228525e+00
-2.238468430040743584e+00 -1.756380449875588612e+00
-2.238468430040742696e+00 -1.757467078204051125e+00
-2.238468430040744028e+00 -1.758564375271769231e+00
-2.238468430040748025e+00 -1.759672402723298168e+00
-2.238468430040748025e+00 -1.760791222666971523e+00
-2.238468430040747581e+00 -1.761920897674214004e+00
-2.238468430040742252e+00 -1.763061490778726315e+00
-2.238468430040742252e+00 -1.764213065475599862e+00
-2.238468430040743584e+00 -1.765375685720301568e+00
-2.238468430040744916e+00 -1.766549415927595623e+00
-2.238468430040743140e+00 -1.767734320970314910e+00
-2.238468430040746249e+00 -1.768930466178071814e+00
-2.238468430040744916e+00 -1.770137917335812050e+00
-2.238468430040739587e+00 -1.771356740682302089e+00
-2.238468430040744028e+00 -1.772587002908470488e+00
-2.238468430040747137e+00 -1.773828771155644191e+00
-2.238468430040744916e+00 -1.775082113013679797e+00
-2.238468430040738255e+00 -1.776347096518944735e+00
-2.238468430040745361e+00 -1.777623790152199401e+00
-2.238468430040744472e+00 -1.777623790152199623e+00
-2.238468430040745361e+00 -1.777623790152200289e+00
-2.238468430040743140e+00 -1.777623790152198735e+00
-2.238468430040744028e+00 -1.777623790152199179e+00
-2.238468430040744916e+00 -1.777623790152200955e+00
-2.238468430040744028e+00 -1.777623790152198957e+00
-2.238468430040740476e+00 -1.777623790152199623e+00
-2.238468430040744916e+00 -1.777623790152200289e+00
-2.238468430040742252e+00 -1.777623790152199623e+00
-2.238468430040741808e+00 -1.777623790152199845e+00
-2.238468430040744472e+00 -1.777623790152201400e+00
-2.238468430040743140e+00 -1.777623790152200067e+00
-2.238468430040743140e+00 -1.777623790152198735e+00
-2.238468430040740031e+00 -1.777623790152199845e+00
-2.238468430040748025e+00 -1.777623790152198957e+00
-2.238468430040744028e+00 -1.777623790152199401e+00
-2.238468430040744472e+00 -1.777623790152199623e+00
-2.238468430040743584e+00 -1.777623790152200289e+00
-2.238468430040744028e+00 -1.777623790152199401e+00
-2.238468430040745805e+00 -1.777623790152198513e+00
-2.238468430040747581e+00 -1.777623790152200067e+00
-2.238468430040743140e+00 -1.777623790152200067e+00
-2.238468430040744028e+00 -1.777623790152200955e+00
-2.238468430040744472e+00 -1.777623790152199845e+00
-2.238468430040740920e+00 -1.777623790152200289e+00
-2.238468430040741364e+00 -1.777623790152199179e+00
-2.238468430040743584e+00 -1.777623790152199179e+00
-2.238468430040744916e+00 -1.777623790152199623e+00
-2.238468430040740031e+00 -1.777623790152200067e+00
-2.238468430040745805e+00 -1.777623790152200289e+00
-2.238468430040744472e+00 -1.777623790152200289e+00
-2.238468430040741364e+00 -1.777623790152199623e+00
-2.238468430040744028e+00 -1.777623790152199623e+00
-2.238468430040745361e+00 -1.777623790152201178e+00
-2.238468430040744916e+00 -1.777623790152199623e+00
-2.238468430040740476e+00 -1.777623790152200733e+00
-2.238468430040740031e+00 -1.777623790152200067e+00
-2.238468430040743140e+00 -1.777623790152199845e+00
-2.238468430040741364e+00 -1.777623790152199401e+00
-2.238468430040746249e+00 -1.777623790152199401e+00
-2.238468430040744916e+00 -1.777623790152200067e+00
-2.238468430040750246e+00 -1.777623790152200511e+00
-2.238468430040742696e+00 -1.777623790152198735e+00
-2.238468430040747137e+00 -1.777623790152199401e+00
-2.238468430040740920e+00 -1.777623790152200511e+00
-2.238468430040744916e+00 -1.777623790152200955e+00
-2.238468430040744916e+00 -1.777623790152199845e+00
-2.238468430040743140e+00 -1.777623790152200067e+00
-2.238468430040748469e+00 -1.777623790152199623e+00
-2.238468430040744916e+00 -1.777623790152199845e+00
-2.238468430040747581e+00 -1.777623790152199623e+00
-2.238468430040741364e+00 -1.777623790152200067e+00
-2.238468430040744472e+00 -1.777623790152200067e+00
-2.238468430040740920e+00 -1.777623790152199401e+00
-2.238468430040743140e+00 -1.777623790152200067e+00
-2.238468430040740031e+00 -1.777623790152199845e+00
-2.238468430040743584e+00 -1.777623790152199401e+00
-2.238468430040745361e+00 -1.777623790152200067e+00
-2.238468430040743140e+00 -1.777623790152200067e+00
-2.238468430040743584e+00 -1.777623790152199401e+00
-2.238468430040743140e+00 -1.777623790152199845e+00
-2.238468430040740476e+00 -1.777623790152200289e+00
-2.238468430040744916e+00 -1.777623790152198957e+00
-2.238468430040741364e+00 -1.777623790152200511e+00
-2.238468430040742252e+00 -1.777623790152199623e+00
-2.238468430040746249e+00 -1.777623790152199623e+00
-2.238468430040740920e+00 -1.777623790152201178e+00
-2.238468430040743584e+00 -1.777623790152199623e+00
-2.238468430040742696e+00 -1.777623790152198735e+00
-2.238468430040743140e+00 -1.777623790152199623e+00
-2.238468430040744472e+00 -1.777623790152200289e+00
-2.238468430040742252e+00 -1.777623790152199845e+00
-2.238468430040745361e+00 -1.777623790152199623e+00
-2.238468430040744916e+00 -1.777623790152199179e+00
-2.238468430040744472e+00 -1.777623790152200289e+00
-2.238468430040745805e+00 -1.777623790152200067e+00
-2.238468430040741364e+00 -1.777623790152199401e+00
-2.238468430040746693e+00 -1.777623790152200955e+00
-2.238468430040739143e+00 -1.777623790152200955e+00
-2.238468430040743584e+00 -1.777623790152199623e+00
-2.238468430040744916e+00 -1.777623790152199845e+00
-2.238468430040743140e+00 -1.777623790152200067e+00
-2.238468430040740920e+00 -1.777623790152199401e+00
-2.238468430040747137e+00 -1.777623790152200511e+00
-2.238468430040746249e+00 -1.777623790152199401e+00
-2.238468430040744916e+00 -1.777623790152200289e+00
-2.238468430040745805e+00 -1.777623790152199401e+00
-2.238468430040744028e+00 -1.777623790152199845e+00
-2.238468430040743584e+00 -1.777623790152199845e+00
-2.238468430040744472e+00 -1.777623790152199845e+00
-2.238468430040741364e+00 -1.777623790152200289e+00
-2.238468430040738699e+00 -1.777623790152200733e+00
-2.238468430040742696e+00 -1.777623790152199623e+00
-2.238468430040746693e+00 -1.777623790152199845e+00
-2.238468430040747581e+00 -1.777623790152200289e+00
-2.238468430040740920e+00 -1.777623790152200289e+00
-2.238468430040746693e+00 -1.777623790152199401e+00
-2.238468430040743584e+00 -1.777623790152200733e+00
-2.238468430040744472e+00 -1.777623790152199845e+00
-2.238468430040744028e+00 -1.777623790152200067e+00
-2.238468430040743584e+00 -1.777963895528648308e+00
-2.238468430040741364e+00 -1.778307976296288784e+00
-2.238468430040744916e+00 -1.778656049644293358e+00
-2.238468430040745805e+00 -1.779008132980551382e+00
-2.238468430040744472e+00 -1.779364243933278855e+00
-2.238468430040743584e+00 -1.779724400352595159e+00
-2.238468430040743584e+00 -1.780088620312171743e+00
-2.238468430040747137e+00 -1.780456922110850604e+00
-2.238468430040742252e+00 -1.780829324274314285e+00
-2.238468430040742252e+00 -1.781205845556758316e+00
-2.238468430040737367e+00 -1.781586504942589411e+00
-2.238468430040745805e+00 -1.781971321648140982e+00
-2.238468430040741808e+00 -1.782360315123397543e+00
-2.238468430040742696e+00 -1.782753505053754406e+00
-2.238468430040742252e+00 -1.783150911361788049e+00
-2.238468430040743584e+00 -1.783552554209043572e+00
-2.238468430040742696e+00 -1.783958453997840810e+00
-2.238468430040744028e+00 -1.784368631373099312e+00
-2.238468430040743140e+00 -1.784783107224201526e+00
-2.238468430040743584e+00 -1.785201902686833764e+00
-2.238468430040744472e+00 -1.785625039144888238e+00
-2.238468430040742696e+00 -1.786052538232371312e+00
-2.238468430040744472e+00 -1.786484421835304426e+00
-2.238468430040740920e+00 -1.786920712093692742e+00
-2.238468430040743584e+00 -1.787361431403469814e+00
-2.238468430040742252e+00 -1.787806602418491320e+00
-2.238468430040742696e+00 -1.788256248052523922e+00
-2.238468430040744916e+00 -1.788710391481282747e+00
-2.238468430040745361e+00 -1.789169056144455761e+00
-2.238468430040741808e+00 -1.789632265747775008e+00
-2.238468430040745361e+00 -1.790100044265087176e+00
-2.238468430040744472e+00 -1.790572415940469231e+00
-2.238468430040746249e+00 -1.791049405290325192e+00
-2.238468430040744916e+00 -1.791531037105539959e+00
-2.238468430040740031e+00 -1.792017336453639587e+00
-2.238468430040740920e+00 -1.792508328680953111e+00
-2.238468430040744916e+00 -1.793004039414834327e+00
-2.238468430040744472e+00 -1.793504494565857810e+00
-2.238468430040744472e+00 -1.794009720330065782e+00
-2.238468430040742252e+00 -1.794519743191224759e+00
-2.238468430040742696e+00 -1.795034589923100610e+00
-2.238468430040744028e+00 -1.795554287591752507e+00
-2.238468430040742252e+00 -1.796078863557848182e+00
-2.238468430040741808e+00 -1.796608345479008273e+00
-2.238468430040745805e+00 -1.797142761312142456e+00
-2.238468430040745361e+00 -1.797682139315838423e+00
-2.238468430040747137e+00 -1.798226508052747308e+00
-2.238468430040738699e+00 -1.798775896391999085e+00
-2.238468430040743140e+00 -1.799330333511627966e+00
-2.238468430040744472e+00 -1.799889848901028655e+00
-2.238468430040744028e+00 -1.799889848901028433e+00
-2.238468430040742696e+00 -1.799889848901027767e+00
-2.238468430040743584e+00 -1.799889848901029099e+00
-2.238468430040744028e+00 -1.799889848901028655e+00
-2.238468430040744472e+00 -1.799889848901029765e+00
-2.238468430040741808e+00 -1.799889848901029099e+00
-2.238468430040744916e+00 -1.799889848901028211e+00
-2.238468430040744472e+00 -1.799889848901028433e+00
-2.238468430040743584e+00 -1.799889848901027545e+00
-2.238468430040741808e+00 -1.799889848901029321e+00
-2.238468430040744472e+00 -1.799889848901028433e+00
-2.238468430040743584e+00 -1.799889848901029099e+00
-2.238468430040744916e+00 -1.799889848901028877e+00
-2.238468430040742252e+00 -1.799889848901029543e+00
-2.238468430040746693e+00 -1.799889848901028877e+00
-2.238468430040744916e+00 -1.799889848901028655e+00
-2.238468430040745361e+00 -1.799889848901030209e+00
-2.238468430040744028e+00 -1.799889848901028655e+00
-2.238468430040746249e+00 -1.799889848901030209e+00
-2.238468430040742696e+00 -1.799889848901028655e+00
-2.238468430040743584e+00 -1.799889848901029987e+00
-2.238468430040742252e+00 -1.799889848901031097e+00
-2.238468430040746693e+00 -1.799889848901029321e+00
-2.238468430040745361e+00 -1.799889848901028433e+00
-2.238468430040744028e+00 -1.799889848901028655e+00
-2.238468430040743140e+00 -1.799889848901028877e+00
-2.238468430040744472e+00 -1.799889848901029987e+00
-2.238468430040744028e+00 -1.799889848901028655e+00
-2.238468430040745361e+00 -1.799889848901029321e+00
-2.238468430040744472e+00 -1.799889848901029099e+00
-2.238468430040744472e+00 -1.799889848901028877e+00
-2.238468430040743584e+00 -1.799889848901029321e+00
-2.238468430040743584e+00 -1.799889848901028655e+00
-2.238468430040742696e+00 -1.799889848901028877e+00
-2.238468430040743584e+00 -1.799889848901028655e+00
-2.238468430040744028e+00 -1.799889848901029765e+00
-2.238468430040741808e+00 -1.799889848901029321e+00
-2.238468430040747581e+00 -1.799889848901029099e+00
-2.238468430040740031e+00 -1.799889848901028433e+00
-2.238468430040742696e+00 -1.799889848901028877e+00
-2.238468430040747137e+00 -1.799889848901028877e+00
-2.238468430040744472e+00 -1.799889848901029321e+00
-2.238468430040744028e+00 -1.799889848901029543e+00
-2.238468430040740920e+00 -1.799889848901029543e+00
-2.238468430040741808e+00 -1.799889848901029099e+00
-2.238468430040744472e+00 -1.799889848901027545e+00
-2.238468430040741808e+00 -1.799889848901028655e+00
-2.238468430040744916e+00 -1.799889848901029321e+00
-2.238468430040740920e+00 -1.799889848901029765e+00
-2.238468430040740920e+00 -1.799889848901028433e+00
-2.238468430040746249e+00 -1.799889848901028655e+00
-2.238468430040746693e+00 -1.799889848901029321e+00
-2.238468430040748025e+00 -1.799889848901028433e+00
-2.238468430040746249e+00 -1.799889848901029765e+00
-2.238468430040744472e+00 -1.799889848901028877e+00
-2.238468430040746693e+00 -1.799889848901030209e+00
-2.238468430040745805e+00 -1.799889848901028655e+00
-2.238468430040747581e+00 -1.799889848901028433e+00
-2.238468430040744028e+00 -1.799889848901028877e+00
-2.238468430040744916e+00 -1.799889848901029987e+00
-2.238468430040746249e+00 -1.799889848901029099e+00
-2.238468430040744472e+00 -1.799889848901029765e+00
-2.238468430040743140e+00 -1.799889848901028877e+00
-2.238468430040748025e+00 -1.799889848901029765e+00
-2.238468430040741808e+00 -1.799889848901029321e+00
-2.238468430040742252e+00 -1.799889848901027989e+00
-2.238468430040746249e+00 -1.799889848901028877e+00
-2.238468430040743584e+00 -1.799889848901028655e+00
-2.238468430040745361e+00 -1.799889848901028877e+00
-2.238468430040743584e+00 -1.799889848901029321e+00
-2.238468430040742696e+00 -1.799889848901029765e+00
-2.238468430040742696e+00 -1.799889848901028655e+00
-2.238468430040743584e+00 -1.799889848901028433e+00
-2.238468430040745361e+00 -1.799889848901029099e+00
-2.238468430040742252e+00 -1.799889848901027989e+00
-2.238468430040744472e+00 -1.799889848901028655e+00
-2.238468430040747137e+00 -1.799889848901028877e+00
-2.238468430040741808e+00 -1.799889848901029099e+00
-2.238468430040743584e+00 -1.799889848901029321e+00
-2.238468430040745361e+00 -1.799889848901029099e+00
-2.238468430040745361e+00 -1.799889848901030653e+00
-2.238468430040745805e+00 -1.799889848901027767e+00
-2.238468430040741808e+00 -1.799889848901029099e+00
-2.238468430040742696e+00 -1.799889848901029543e+00
-2.238468430040742696e+00 -1.799889848901029321e+00
-2.238468430040745361e+00 -1.799889848901029543e+00
-2.238468430040742696e+00 -1.799889848901029099e+00
-2.238468430040746249e+00 -1.799889848901029987e+00
-2.238468430040745805e+00 -1.799889848901028433e+00
-2.238468430040742252e+00 -1.799889848901030209e+00
-2.238468430040744916e+00 -1.799889848901028655e+00
-2.238468430040742696e+00 -1.799889848901027989e+00
-2.238468430040741808e+00 -1.799889848901028433e+00
-2.238468430040745361e+00 -1.799889848901029543e+00
-2.238468430040744916e+00 -1.799889848901029543e+00
-2.238468430040742252e+00 -1.799889848901028211e+00
-2.238468430040744916e+00 -1.799889848901029099e+00
-2.238468430040743140e+00 -1.799889848901028877e+00
-2.238468430040745805e+00 -1.799889848901029099e+00
-2.238468430040744916e+00 -1.799889848901029543e+00
-2.238468430040744916e+00 -1.799889848901028877e+00
-2.238468430040744916e+00 -1.799889848901028211e+00
-2.238468430040743140e+00 -1.799889848901029099e+00
-2.238468430040742252e+00 -1.799889848901028655e+00
-2.238468430040742252e+00 -1.799889848901029099e+00
-2.238468430040740920e+00 -1.799889848901027989e+00
-2.238468430040744472e+00 -1.799889848901028655e+00
-2.238468430040744472e+00 -1.799889848901028655e+00
-2.238468430040748025e+00 -1.799889848901028655e+00
-2.238468430040743140e+00 -1.799889848901029543e+00
-2.238468430040742252e+00 -1.799889848901028877e+00
-2.238468430040742252e+00 -1.799889848901029987e+00
-2.238468430040741808e+00 -1.799889848901029543e+00
-2.238468430040747581e+00 -1.799889848901028877e+00
-2.238468430040745361e+00 -1.799889848901028877e+00
-2.238468430040741364e+00 -1.799889848901030209e+00
-2.238468430040741364e+00 -1.799889848901028433e+00
-2.238468430040746249e+00 -1.799889848901030431e+00
-2.238468430040741364e+00 -1.799889848901028655e+00
-2.238468430040745361e+00 -1.799889848901029765e+00
-2.238468430040746693e+00 -1.799889848901029099e+00
-2.238468430040745805e+00 -1.799889848901028877e+00
-2.238468430040744916e+00 -1.799889848901027989e+00
-2.238468430040742696e+00 -1.799889848901027767e+00
-2.238468430040743140e+00 -1.799889848901027989e+00
-2.238468430040746249e+00 -1.799889848901030209e+00
-2.238468430040745805e+00 -1.799889848901028655e+00
-2.238468430040747581e+00 -1.799889848901028655e+00
-2.238468430040742252e+00 -1.799889848901029321e+00
-2.238468430040741364e+00 -1.799889848901029543e+00
-2.238468430040744028e+00 -1.799889848901027989e+00
-2.238468430040746693e+00 -1.799889848901028211e+00
-2.238468430040741808e+00 -1.799889848901027767e+00
-2.238468430040742252e+00 -1.799889848901027989e+00
-2.238468430040742696e+00 -1.799889848901028211e+00
-2.238468430040745805e+00 -1.799889848901028655e+00
-2.238468430040744028e+00 -1.799889848901028655e+00
-2.238468430040741364e+00 -1.799889848901027767e+00
-2.238468430040744028e+00 -1.799889848901029987e+00
-2.238468430040742252e+00 -1.799889848901030209e+00
-2.238468430040745361e+00 -1.799889848901027989e+00
-2.238468430040741808e+00 -1.799889848901029543e+00
-2.238468430040741808e+00 -1.799889848901028655e+00
-2.238468430040743140e+00 -1.799889848901028655e+00
-2.238468430040744028e+00 -1.799889848901029987e+00
-2.238468430040745361e+00 -1.799889848901030209e+00
-2.238468430040741808e+00 -1.799889848901028655e+00
-2.238468430040745361e+00 -1.799889848901029765e+00
-2.238468430040740476e+00 -1.799889848901027545e+00
-2.238468430040743584e+00 -1.799889848901029099e+00
-2.238468430040741808e+00 -1.799889848901028211e+00
-2.238468430040745805e+00 -1.799889848901028655e+00
-2.238468430040745361e+00 -1.799889848901028433e+00
-2.238468430040746249e+00 -1.799889848901028877e+00
-2.238468430040744028e+00 -1.799889848901030653e+00
-2.238468430040743584e+00 -1.799889848901029543e+00
-2.238468430040744472e+00 -1.799889848901028877e+00
-2.238468430040740476e+00 -1.799889848901029099e+00
-2.238468430040744916e+00 -1.799889848901030431e+00
-2.238468430040744472e+00 -1.799889848901028877e+00
-2.238468430040743140e+00 -1.799889848901028433e+00
-2.238468430040744472e+00 -1.799889848901029099e+00
-2.238468430040744472e+00 -1.799889848901029543e+00
-2.238468430040745361e+00 -1.799889848901029099e+00
-2.238468430040742252e+00 -1.799889848901030431e+00
-2.238468430040744472e+00 -1.799889848901029765e+00
-2.238468430040742696e+00 -1.799889848901029987e+00
-2.238468430040739143e+00 -1.799889848901029543e+00
-2.238468430040745805e+00 -1.799889848901029543e+00
-2.238468430040741364e+00 -1.799889848901028877e+00
-2.238468430040744472e+00 -1.799889848901029543e+00
-2.238468430040741808e+00 -1.799889848901028655e+00
-2.238468430040742252e+00 -1.799889848901029321e+00
-2.238468430040742696e+00 -1.799889848901028433e+00
-2.238468430040744028e+00 -1.799889848901028877e+00
-2.238468430040744916e+00 -1.799889848901028655e+00
-2.238468430040742252e+00 -1.799889848901028877e+00
-2.238468430040742252e+00 -1.799889848901028211e+00
-2.238468430040743140e+00 -1.799889848901029099e+00
-2.238468430040743140e+00 -1.799889848901028655e+00
-2.238468430040742252e+00 -1.799889848901028211e+00
-2.238468430040746249e+00 -1.799889848901028877e+00
-2.238468430040742696e+00 -1.799889848901028211e+00
-2.238468430040744028e+00 -1.799889848901030653e+00
-2.238468430040743584e+00 -1.799889848901028877e+00
-2.238468430040741808e+00 -1.799889848901029543e+00
-2.238468430040744028e+00 -1.799889848901029321e+00
-2.238468430040743140e+00 -1.799889848901028433e+00
-2.238468430040748025e+00 -1.799889848901029765e+00
-2.238468430040746693e+00 -1.799889848901029987e+00
-2.238468430040741808e+00 -1.799889848901029543e+00
-2.238468430040744916e+00 -1.799889848901029321e+00
-2.238468430040744028e+00 -1.799889848901029099e+00
-2.238468430040741808e+00 -1.799889848901027767e+00
-2.238468430040748025e+00 -1.799889848901030653e+00
-2.238468430040744028e+00 -1.799889848901027545e+00
-2.238468430040746693e+00 -1.799889848901029321e+00
-2.238468430040742252e+00 -1.799889848901029543e+00
-2.238468430040743584e+00 -1.799889848901028877e+00
-2.238468430040743584e+00 -1.799889848901028655e+00
-2.238468430040744916e+00 -1.799889848901029765e+00
-2.238468430040745361e+00 -1.799889848901029321e+00
-2.238468430040744472e+00 -1.799889848901030209e+00
-2.238468430040740920e+00 -1.799889848901028655e+00
-2.238468430040744028e+00 -1.799889848901028877e+00
-2.238468430040742252e+00 -1.799889848901028433e+00
-2.238468430040744472e+00 -1.799889848901028655e+00
-2.238468430040743584e+00 -1.799889848901029321e+00
-2.238468430040749357e+00 -1.799889848901029765e+00
-2.238468430040746249e+00 -1.799889848901028655e+00
-2.238468430040742696e+00 -1.799889848901028655e+00
-2.238468430040744028e+00 -1.799889848901029765e+00
-2.238468430040743584e+00 -1.799889848901029099e+00
-2.238468430040744916e+00 -1.799889848901027989e+00
-2.238468430040744916e+00 -1.799889848901030653e+00
-2.238468430040744472e+00 -1.799889848901030209e+00
-2.238468430040744028e+00 -1.799889848901029321e+00
-2.238468430040740920e+00 -1.799889848901029099e+00
-2.238468430040742696e+00 -1.799889848901030875e+00
-2.238468430040742252e+00 -1.799889848901028655e+00
-2.238468430040745805e+00 -1.799889848901029543e+00
-2.238468430040741364e+00 -1.799889848901028433e+00
-2.238468430040739587e+00 -1.799889848901029987e+00
-2.238468430040740920e+00 -1.799889848901028655e+00
-2.238468430040744472e+00 -1.799889848901028877e+00
-2.238468430040743140e+00 -1.799889848901029321e+00
-2.238468430040746693e+00 -1.799889848901028211e+00
-2.238468430040744472e+00 -1.799889848901028433e+00
-2.238468430040740476e+00 -1.799889848901029765e+00
-2.238468430040745805e+00 -1.799889848901028433e+00
-2.238468430040744916e+00 -1.799889848901029321e+00
-2.238468430040745361e+00 -1.799889848901029543e+00
-2.238468430040744916e+00 -1.799889848901030653e+00
-2.238468430040744472e+00 -1.799889848901029099e+00
-2.238468430040744916e+00 -1.799889848901027989e+00
-2.238468430040743140e+00 -1.799889848901028211e+00
-2.238468430040746693e+00 -1.799889848901029543e+00
-2.238468430040741808e+00 -1.799889848901029987e+00
-2.238468430040742696e+00 -1.799889848901029099e+00
-2.238468430040745805e+00 -1.799889848901029543e+00
-2.238468430040744472e+00 -1.799889848901028655e+00
-2.238468430040741808e+00 -1.799889848901028655e+00
-2.238468430040745361e+00 -1.799889848901029099e+00
-2.238468430040740920e+00 -1.799889848901029543e+00
-2.238468430040743584e+00 -1.799889848901029987e+00
-2.238468430040747137e+00 -1.799889848901028433e+00
-2.238468430040740920e+00 -1.799889848901030209e+00
-2.238468430040745361e+00 -1.799889848901028655e+00
-2.238468430040743140e+00 -1.799889848901028433e+00
-2.238468430040742252e+00 -1.799889848901029321e+00
-2.238598114173643072e+00 -1.799889848901029543e+00
-2.238728800341853287e+00 -1.799889848901028433e+00
-2.238860500015031452e+00 -1.799889848901027101e+00
-2.238993224835607254e+00 -1.799889848901027767e+00
-2.239126986621976290e+00 -1.799889848901028433e+00
-2.239261797371803642e+00 -1.799889848901029543e+00
-2.239397669265370538e+00 -1.799889848901029099e+00
-2.239534614668967194e+00 -1.799889848901028211e+00
-2.239672646138424206e+00 -1.799889848901026879e+00
-2.239811776422696354e+00 -1.799889848901028655e+00
-2.239952018467486816e+00 -1.799889848901029765e+00
-2.240093385419019700e+00 -1.799889848901028211e+00
-2.240235890627827686e+00 -1.799889848901029765e+00
-2.240379547652721737e+00 -1.799889848901029099e+00
-2.240524370264709297e+00 -1.799889848901028655e+00
-2.240670372451149639e+00 -1.799889848901028211e+00
-2.240817568419898542e+00 -1.799889848901028211e+00
-2.240965972603597312e+00 -1.799889848901029765e+00
-2.241115599664033287e+00 -1.799889848901030209e+00
-2.241266464496642019e+00 -1.799889848901029321e+00
-2.241418582235058743e+00 -1.799889848901028655e+00
-2.241571968255808400e+00 -1.799889848901028655e+00
-2.241726638183101805e+00 -1.799889848901028655e+00
-2.241882607893733059e+00 -1.799889848901030653e+00
-2.242039893522106642e+00 -1.799889848901028655e+00
-2.242198511465351984e+00 -1.799889848901029321e+00
-2.242358478388598808e+00 -1.799889848901028655e+00
-2.242519811230338167e+00 -1.799889848901027545e+00
-2.242682527207957133e+00 -1.799889848901027989e+00
-2.242846643823326325e+00 -1.799889848901029099e+00
-2.243012178868618367e+00 -1.799889848901028877e+00
-2.243179150432180968e+00 -1.799889848901028655e+00
-2.243347576904616947e+00 -1.799889848901026879e+00
-2.243517476984942416e+00 -1.799889848901029765e+00
-2.243688869686954579e+00 -1.799889848901029099e+00
-2.243861774345722537e+00 -1.799889848901027989e+00
-2.244036210624216654e+00 -1.799889848901027767e+00
-2.244212198520199042e+00 -1.799889848901028211e+00
-2.244389758373092736e+00 -1.799889848901028433e+00
-2.244568910871226564e+00 -1.799889848901027767e+00
-2.244749677059127091e+00 -1.799889848901027989e+00
-2.244932078345004633e+00 -1.799889848901029321e+00
-2.245116136508506166e+00 -1.799889848901029099e+00
-2.245301873708546836e+00 -1.799889848901029321e+00
-2.245489312491399048e+00 -1.799889848901028655e+00
-2.245678475799006257e+00 -1.799889848901027989e+00
-2.245869386977434434e+00 -1.799889848901028211e+00
-2.246062069785591753e+00 -1.799889848901027989e+00
-2.246256548404158782e+00 -1.799889848901028655e+00
-2.246452847444722956e+00 -1.799889848901029543e+00
-2.246452847444720291e+00 -1.799889848901028877e+00
-2.246452847444724288e+00 -1.799889848901029765e+00
-2.246452847444724288e+00 -1.799889848901028655e+00
-2.246452847444718071e+00 -1.799889848901029099e+00
-2.246452847444720291e+00 -1.799889848901029987e+00
-2.246452847444718071e+00 -1.799889848901029321e+00
-2.246452847444721623e+00 -1.799889848901029099e+00
-2.246452847444718071e+00 -1.799889848901027767e+00
-2.246452847444723844e+00 -1.799889848901030431e+00
-2.246452847444720291e+00 -1.799889848901029987e+00
-2.246452847444720735e+00 -1.799889848901027545e+00
-2.246452847444721179e+00 -1.799889848901028433e+00
-2.246452847444719403e+00 -1.799889848901027989e+00
-2.246452847444722511e+00 -1.799889848901029321e+00
-2.246452847444724288e+00 -1.799889848901029321e+00
-2.246452847444722956e+00 -1.799889848901029321e+00
-2.246452847444719847e+00 -1.799889848901029765e+00
-2.246452847444721623e+00 -1.799889848901027767e+00
-2.246452847444722067e+00 -1.799889848901028433e+00
-2.246452847444720291e+00 -1.799889848901031097e+00
-2.246452847444724732e+00 -1.799889848901028655e+00
-2.246452847444718515e+00 -1.799889848901029099e+00
-2.246452847444717182e+00 -1.799889848901030653e+00
-2.246452847444715850e+00 -1.799889848901028433e+00
-2.246452847444719403e+00 -1.799889848901028655e+00
-2.246452847444716738e+00 -1.799889848901029543e+00
-2.246452847444721179e+00 -1.799889848901029099e+00
-2.246452847444725176e+00 -1.799889848901028877e+00
-2.246452847444721179e+00 -1.799889848901028655e+00
-2.246452847444715406e+00 -1.799889848901030431e+00
-2.246452847444723844e+00 -1.799889848901027767e+00
-2.246452847444723400e+00 -1.799889848901029987e+00
-2.246452847444715850e+00 -1.799889848901029321e+00
-2.246452847444722511e+00 -1.799889848901028655e+00
-2.246452847444716294e+00 -1.799889848901028655e+00
-2.246452847444721623e+00 -1.799889848901029543e+00
-2.246452847444718515e+00 -1.799889848901028211e+00
-2.246452847444721623e+00 -1.799889848901029099e+00
-2.246452847444719847e+00 -1.799889848901028655e+00
-2.246452847444717182e+00 -1.799889848901028211e+00
-2.246452847444718515e+00 -1.799889848901027545e+00
-2.246452847444721179e+00 -1.799889848901030209e+00
-2.246452847444722067e+00 -1.799889848901029987e+00
-2.246452847444719847e+00 -1.799889848901029543e+00
-2.246452847444723400e+00 -1.799889848901028433e+00
-2.246452847444723400e+00 -1.799889848901029099e+00
-2.246452847444723400e+00 -1.799889848901028433e+00
-2.246452847444720735e+00 -1.799889848901028655e+00
-2.246452847444719403e+00 -1.799889848901029321e+00
-2.246452847444718071e+00 -1.799889848901030653e+00
